'MCOB-DO:113:6:Sunday:1:24MAR:1234567',20101,91000,4,'',1,10200,4,'',1,10100,4,'',1,10400,4,'',1,10000,4,'',1,10000,4,'',1,10000,4,'',1,10000,4,'',1,10000,4,'',1,10000,4,'',1,9800,4,'',1,9600,4,'',1,9600,4,'',1,10000,4,'',1
'MCOB-DO:123:0:Weekday:1:24MAR:12345',20101,62100,4,'',1,8200,4,'',1,4100,4,'',1,8100,4,'',1,8000,4,'',1,4100,4,'',1,8100,4,'',1,8000,4,'',1,4200,4,'',1,8000,4,'',1,7900,4,'',1,4600,4,'',1,8300,4,'',1,8500,4,'',1,8000,4,'',1,4200,4,'',1,7700,4,'',1,3700,4,'',1,7700,4,'',1,7700,4,'',1,3600,4,'',1,7700,4,'',1,8400,4,'',1,9700,4,'',1,9600,4,'',1
'MCOB-DO:173:5:Saturday:1:24MAR:6',20101,80900,4,'',1,10100,4,'',1,10500,4,'',1,10100,4,'',1,10300,4,'',1,10000,4,'',1,10000,4,'',1,10000,4,'',1,10000,4,'',1,10000,4,'',1,9700,4,'',1,9700,4,'',1,9900,4,'',1,10000,4,'',1,9600,4,'',1,9800,4,'',1
'MCOB-DO:113:6:Sunday:1:24MAR:1234567',20201,81400,4,'',1,3100,4,'',1,10100,4,'',1,10000,4,'',1,10300,4,'',1,10100,4,'',1,9900,4,'',1,10000,4,'',1,10000,4,'',1,10000,4,'',1,10000,4,'',1,10000,4,'',1,9900,4,'',1,9800,4,'',1,9700,4,'',1
'MCOB-DO:123:0:Weekday:1:24MAR:12345',20201,55900,4,'',1,8100,4,'',1,8100,4,'',1,8200,4,'',1,4000,4,'',1,8200,4,'',1,8100,4,'',1,4000,4,'',1,8300,4,'',1,8200,4,'',1,4200,4,'',1,8000,4,'',1,8000,4,'',1,4300,4,'',1,7400,4,'',1,9200,4,'',1,8100,4,'',1,3900,4,'',1,7800,4,'',1,3600,4,'',1,7400,4,'',1,7600,4,'',1,3900,4,'',1,9400,4,'',1,9800,4,'',1,9700,4,'',1
'MCOB-DO:173:5:Saturday:1:24MAR:6',20201,74100,4,'',1,10000,4,'',1,10200,4,'',1,10200,4,'',1,10400,4,'',1,10100,4,'',1,10000,4,'',1,10000,4,'',1,10000,4,'',1,10100,4,'',1,10000,4,'',1,9500,4,'',1,9700,4,'',1,10000,4,'',1,9800,4,'',1,10000,4,'',1
'MCOB-DO:113:6:Sunday:1:24MAR:1234567',20901,82500,4,'',1,10000,4,'',1,10400,4,'',1,10200,4,'',1,10000,4,'',1,10100,4,'',1,10000,4,'',1,10000,4,'',1,9800,4,'',1,10000,4,'',1,10000,4,'',1,9800,4,'',1,9900,4,'',1
'MCOB-DO:123:0:Weekday:1:24MAR:12345',20901,53600,4,'',1,10000,4,'',1,10300,4,'',1,10100,4,'',1,10000,4,'',1,10100,4,'',1,10000,4,'',1,10000,4,'',1,10100,4,'',1,10200,4,'',1,10200,4,'',1,10000,4,'',1,9800,4,'',1,9900,4,'',1,9700,4,'',1,9700,4,'',1,10000,4,'',1,9800,4,'',1
'MCOB-DO:173:5:Saturday:1:24MAR:6',20901,72300,4,'',1,10300,4,'',1,10100,4,'',1,10400,4,'',1,10200,4,'',1,10200,4,'',1,10100,4,'',1,9900,4,'',1,9800,4,'',1,10000,4,'',1,9800,4,'',1,9800,4,'',1,9800,4,'',1,10000,4,'',1,9700,4,'',1
'MCOB-DO:113:6:Sunday:1:24MAR:1234567',22000,73500,4,'',1,10100,4,'',1,10100,4,'',1,10000,4,'',1,10100,4,'',1,10100,4,'',1,10000,4,'',1,10000,4,'',1,10000,4,'',1,9900,4,'',1,9900,4,'',1,10000,4,'',1,9900,4,'',1,10000,4,'',1
'MCOB-DO:123:0:Weekday:1:24MAR:12345',22000,63300,4,'',1,10300,4,'',1,10100,4,'',1,10000,4,'',1,9900,4,'',1,10000,4,'',1,10100,4,'',1,10200,4,'',1,10100,4,'',1,10300,4,'',1,9700,4,'',1,10000,4,'',1,9600,4,'',1,9900,4,'',1,10000,4,'',1,10000,4,'',1
'MCOB-DO:173:5:Saturday:1:24MAR:6',22000,63300,4,'',1,10000,4,'',1,10300,4,'',1,10200,4,'',1,10100,4,'',1,10200,4,'',1,10100,4,'',1,10000,4,'',1,9900,4,'',1,9900,4,'',1,10000,4,'',1,10000,4,'',1,9800,4,'',1,9800,4,'',1,9800,4,'',1
'MCOB-DO:123:0:Weekday:1:24MAR:12345',23000,75000,4,'',1,127000,4,'',1
'MCOB-DO:113:6:Sunday:1:24MAR:1234567',24001,73500,4,'',1,10000,4,'',1,10000,4,'',1,10000,4,'',1,10000,4,'',1,10000,4,'',1,10000,4,'',1,10000,4,'',1,10000,4,'',1,10000,4,'',1,10000,4,'',1,10000,4,'',1,10000,4,'',1,10000,4,'',1
'MCOB-DO:123:0:Weekday:1:24MAR:12345',24001,63800,4,'',1,10000,4,'',1,10000,4,'',1,10000,4,'',1,10000,4,'',1,10000,4,'',1,10000,4,'',1,10000,4,'',1,10000,4,'',1,10000,4,'',1,10000,4,'',1,10000,4,'',1,9500,4,'',1,10000,4,'',1,10000,4,'',1,10000,4,'',1
'MCOB-DO:173:5:Saturday:1:24MAR:6',24001,73500,4,'',1,10000,4,'',1,10000,4,'',1,10000,4,'',1,10000,4,'',1,10000,4,'',1,10000,4,'',1,10000,4,'',1,10000,4,'',1,10000,4,'',1,10000,4,'',1,10000,4,'',1,10000,4,'',1,10000,4,'',1
