'MCOB-DO:113:6:Sunday:1:23SEP:1234567',11600,82900,4,'',1,20100,4,'',1,10000,4,'',1,20300,4,'',1,50000,4,'',1,19800,4,'',1,10000,4,'',1,10000,4,'',1
'MCOB-DO:123:0:Weekday:1:23SEP:12345',11600,54200,4,'',1,10100,4,'',1,8500,4,'',1,8300,4,'',1,11700,4,'',1,8000,4,'',1,12000,4,'',1,8000,4,'',1,4100,4,'',1,8100,4,'',1,8000,4,'',1,4000,4,'',1,8400,4,'',1,8000,4,'',1,3800,4,'',1,15900,4,'',1,3800,4,'',1,8000,4,'',1,8500,4,'',1,9700,4,'',1,9800,4,'',1,9900,4,'',1
'MCOB-DO:173:5:Saturday:1:23SEP:6',11600,73000,4,'',1,10000,4,'',1,10200,4,'',1,10000,4,'',1,10100,4,'',1,10200,4,'',1,9900,4,'',1,10000,4,'',1,10100,4,'',1,10000,4,'',1,9800,4,'',1,10000,4,'',1,9800,4,'',1,10000,4,'',1,9900,4,'',1,9900,4,'',1
'MCOB-DO:113:6:Sunday:1:23SEP:1234567',13000,92400,4,'',1,30600,4,'',1,20100,4,'',1,10000,4,'',1,10000,4,'',1,9800,4,'',1,19800,4,'',1
'MCOB-DO:123:0:Weekday:1:23SEP:12345',13000,81800,4,'',1,3300,4,'',1,20000,4,'',1,67500,4,'',1,9500,4,'',1
'MCOB-DO:173:5:Saturday:1:23SEP:6',13000,153400,4,'',1
'MCOB-DO:113:6:Sunday:1:23SEP:1234567',19600,84500,4,'',1,10000,4,'',1,10200,4,'',1,10000,4,'',1,10300,4,'',1,10000,4,'',1,10100,4,'',1,10000,4,'',1,10000,4,'',1,10000,4,'',1,9900,4,'',1,9700,4,'',1,9900,4,'',1,9900,4,'',1
'MCOB-DO:123:0:Weekday:1:23SEP:12345',19600,61400,4,'',1,10200,4,'',1,3000,4,'',1,7300,4,'',1,3100,4,'',1,7000,4,'',1,2900,4,'',1,7000,4,'',1,9900,4,'',1,10200,4,'',1,10100,4,'',1,3100,4,'',1,8000,4,'',1,2000,4,'',1,10200,4,'',1,7100,4,'',1,3000,4,'',1,7000,4,'',1,3000,4,'',1,7000,4,'',1,2800,4,'',1,6800,4,'',1,9900,4,'',1,9600,4,'',1,10000,4,'',1
'MCOB-DO:173:5:Saturday:1:23SEP:6',19600,74300,4,'',1,10200,4,'',1,10300,4,'',1,10000,4,'',1,10100,4,'',1,10200,4,'',1,10200,4,'',1,9900,4,'',1,10000,4,'',1,9800,4,'',1,10000,4,'',1,9900,4,'',1,9900,4,'',1,9900,4,'',1,9900,4,'',1,9900,4,'',1
'KPOB-CS:221:0:Weekday:3:23SEP:12345',41601,163200,4,'',1,8700,4,'',1,8300,4,'',1,4100,4,'',1
