'MCOB-DO:113:6:Sunday:1:24MAR:1234567',10200,73700,4,'',1,10000,4,'',1,10100,4,'',1,10000,4,'',1,10000,4,'',1,10000,4,'',1,10100,4,'',1,10100,4,'',1,10000,4,'',1,10000,4,'',1,10000,4,'',1,9900,4,'',1,10000,4,'',1,9900,4,'',1
'MCOB-DO:123:0:Weekday:1:24MAR:12345',10200,64300,4,'',1,10300,4,'',1,17200,4,'',1,9900,4,'',1,9900,4,'',1,9900,4,'',1,30300,4,'',1,29800,4,'',1
'MCOB-DO:173:5:Saturday:1:24MAR:6',10200,90800,4,'',1,10200,4,'',1,20000,4,'',1,10100,4,'',1,10000,4,'',1,10000,4,'',1,9900,4,'',1,19900,4,'',1,10000,4,'',1
'MCOB-DO:113:6:Sunday:1:24MAR:1234567',13001,74800,,'',1,9900,,'',1,9900,,'',1,9700,,'',1,10300,,'',1,10000,,'',1,10000,,'',1,9900,,'',1,10000,,'',1,10100,,'',1,10100,,'',1,9500,,'',1,10200,,'',1,10100,,'',1
'MCOB-DO:123:0:Weekday:1:24MAR:12345',13000,75900,4,'',1,54400,4,'',1,20300,4,'',1,10100,4,'',1,2800,4,'',1,7000,4,'',1,2800,4,'',1,16800,4,'',1,5800,4,'',1,9600,4,'',1
'MCOB-DO:123:0:Weekday:1:24MAR:12345',13001,43200,,'',1,10000,,'',1,9700,,'',1,2900,,'',1,6800,,'',1,2800,,'',1,7000,,'',1,10000,,'',1,10000,,'',1,10000,,'',1,9900,,'',1,9900,,'',1,9900,,'',1,2800,,'',1,6900,,'',1,3000,,'',1,7000,,'',1,3100,,'',1,7100,,'',1,3200,,'',1,7100,,'',1,10300,,'',1,10000,,'',1,10000,,'',1
'MCOB-DO:173:5:Saturday:1:24MAR:6',13000,173000,4,'',1,29600,4,'',1
'MCOB-DO:173:5:Saturday:1:24MAR:6',13001,64900,,'',1,9900,,'',1,9800,,'',1,9700,,'',1,9800,,'',1,10400,,'',1,9800,,'',1,10000,,'',1,9900,,'',1,10000,,'',1,10100,,'',1,10200,,'',1,9700,,'',1,10200,,'',1,10200,,'',1,10200,,'',1
'MCOB-DO:123:0:Weekday:1:24MAR:12345',16600,61100,4,'',1,10200,4,'',1,70300,4,'',1
'MCOB-DO:173:5:Saturday:1:24MAR:6',16600,62800,4,'',1,10100,4,'',1,10100,4,'',1
