'KPOB-CS:223:1:Mon-Wed:1:24MAR:123',40200,54600,4,'',1,7200,4,'',1,2000,4,'',1,1700,4,'',1,5700,4,'',1,1500,4,'',1,1500,4,'',1,6000,4,'',1,2100,4,'',1,2900,4,'',1,6900,4,'',1
'KPOB-CS:253:2:Thu-Fri:1:24MAR:45',40200,54600,4,'',1,7200,4,'',1,2000,4,'',1,1700,4,'',1,5700,4,'',1,1500,4,'',1,1500,4,'',1,6000,4,'',1,2100,4,'',1,2900,4,'',1,6900,4,'',1
'KPOB-CS:223:1:Mon-Wed:1:24MAR:123',40500,62800,4,'',1,8300,4,'',1,3600,4,'',1,9400,4,'',1
'KPOB-CS:253:2:Thu-Fri:1:24MAR:45',40500,62800,4,'',1,8300,4,'',1,3600,4,'',1,9400,4,'',1
'KPOB-CS:223:1:Mon-Wed:1:24MAR:123',41000,55800,4,'',1,16200,4,'',1,9700,4,'',1,9300,4,'',1
'KPOB-CS:253:2:Thu-Fri:1:24MAR:45',41000,55800,4,'',1,16200,4,'',1,9700,4,'',1,9300,4,'',1
'KPOB-CS:223:1:Mon-Wed:1:24MAR:123',41500,60400,4,'',1,2700,4,'',1,7300,4,'',1,1600,4,'',1,1900,4,'',1,6100,4,'',1,2700,4,'',1,2100,4,'',1,6500,4,'',1,3000,4,'',1
'KPOB-CS:253:2:Thu-Fri:1:24MAR:45',41500,60400,4,'',1,2700,4,'',1,7300,4,'',1,1600,4,'',1,1900,4,'',1,6100,4,'',1,2700,4,'',1,2100,4,'',1,6500,4,'',1,3000,4,'',1
'KPOB-CS:223:1:Mon-Wed:1:24MAR:123',41700,65000,4,'',1,7600,4,'',1,8400,4,'',1,10300,4,'',1
'KPOB-CS:253:2:Thu-Fri:1:24MAR:45',41700,65000,4,'',1,7600,4,'',1,8400,4,'',1,10300,4,'',1
'KPOB-CS:223:1:Mon-Wed:1:24MAR:123',42200,64500,4,'',1,16000,4,'',1
'KPOB-CS:253:2:Thu-Fri:1:24MAR:45',42200,64500,4,'',1,16000,4,'',1
'MCOB-DO:123:0:Weekday:1:24MAR:12345',42400,62900,4,'',1,18700,4,'',1
