'MCOB-DO:123:0:Weekday:4:23MAR:12345',11500,53000,,'',1,7700,,'',1,3800,,'',1,8000,,'',1,7900,,'',1,4000,,'',1,8000,,'',1,8000,,'',1,4000,,'',1,8000,,'',1,8000,,'',1,3800,,'',1,8000,,'',1,7800,,'',1,3800,,'',1,8000,,'',1,4000,,'',1,7900,,'',1,8000,,'',1,8500,,'',1,4100,,'',1,9700,,'',1,10200,,'',1,10400,,'',1
'MCOB-DO:123:0:Weekday:4:23MAR:12345',11501,65700,4,'',1,8200,4,'',1,8100,4,'',1,8000,4,'',1,3900,4,'',1,8000,4,'',1,4000,4,'',1,8200,4,'',1,8100,4,'',1,8000,4,'',1,4000,4,'',1,8200,4,'',1,8100,4,'',1,4200,4,'',1,8600,4,'',1,8200,4,'',1,4000,4,'',1,8000,4,'',1,7400,4,'',1,4700,4,'',1,9800,4,'',1,9900,4,'',1,9500,4,'',1
'MCOB-DO:123:0:Weekday:5:23MAR:12345',11500,53000,,'',1,7700,,'',1,3800,,'',1,8000,,'',1,7900,,'',1,4000,,'',1,8000,,'',1,8000,,'',1,4000,,'',1,8000,,'',1,8000,,'',1,3800,,'',1,8000,,'',1,7800,,'',1,3800,,'',1,8000,,'',1,4000,,'',1,7900,,'',1,8000,,'',1,8500,,'',1,4100,,'',1,9700,,'',1,10200,,'',1,10400,,'',1
'MCOB-DO:123:0:Weekday:5:23MAR:12345',11501,65700,4,'',1,8200,4,'',1,8100,4,'',1,8000,4,'',1,3900,4,'',1,8000,4,'',1,4000,4,'',1,8200,4,'',1,8100,4,'',1,8000,4,'',1,4000,4,'',1,8200,4,'',1,8100,4,'',1,4200,4,'',1,8600,4,'',1,8200,4,'',1,4000,4,'',1,8000,4,'',1,7400,4,'',1,4700,4,'',1,9800,4,'',1,9900,4,'',1,9500,4,'',1
'MCOB-DO:123:0:Weekday:6:23MAR:12345',11500,53000,,'',1,7700,,'',1,3800,,'',1,8000,,'',1,7900,,'',1,4000,,'',1,8000,,'',1,8000,,'',1,4000,,'',1,8000,,'',1,8000,,'',1,3800,,'',1,8000,,'',1,7800,,'',1,3800,,'',1,8000,,'',1,4000,,'',1,7900,,'',1,8000,,'',1,8500,,'',1,4100,,'',1,9700,,'',1,10200,,'',1,10400,,'',1
'MCOB-DO:123:0:Weekday:6:23MAR:12345',11501,65700,4,'',1,8200,4,'',1,8100,4,'',1,8000,4,'',1,3900,4,'',1,8000,4,'',1,4000,4,'',1,8200,4,'',1,8100,4,'',1,8000,4,'',1,4000,4,'',1,8200,4,'',1,8100,4,'',1,4200,4,'',1,8600,4,'',1,8200,4,'',1,4000,4,'',1,8000,4,'',1,7400,4,'',1,4700,4,'',1,9800,4,'',1,9900,4,'',1,9500,4,'',1
'MCOB-DO:173:5:Saturday:4:23MAR:6',11500,54900,,'',1,9800,,'',1,10000,,'',1,9900,,'',1,9500,,'',1,9500,,'',1,9800,,'',1,9900,,'',1,9800,,'',1,10000,,'',1,10000,,'',1,10400,,'',1,10000,,'',1,10300,,'',1,10300,,'',1,10300,,'',1,10000,,'',1
'MCOB-DO:173:5:Saturday:4:23MAR:6',11501,64400,4,'',1,10200,4,'',1,10400,4,'',1,10100,4,'',1,10000,4,'',1,10200,4,'',1,10200,4,'',1,10100,4,'',1,10100,4,'',1,10200,4,'',1,10000,4,'',1,10000,4,'',1,9600,4,'',1,9900,4,'',1,9600,4,'',1,10000,4,'',1,9800,4,'',1
'MCOB-DO:173:5:Saturday:5:23MAR:6',11500,54900,,'',1,9800,,'',1,10000,,'',1,9900,,'',1,9500,,'',1,9500,,'',1,9800,,'',1,9900,,'',1,9800,,'',1,10000,,'',1,10000,,'',1,10400,,'',1,10000,,'',1,10300,,'',1,10300,,'',1,10300,,'',1,10000,,'',1
'MCOB-DO:173:5:Saturday:5:23MAR:6',11501,64400,4,'',1,10200,4,'',1,10400,4,'',1,10100,4,'',1,10000,4,'',1,10200,4,'',1,10200,4,'',1,10100,4,'',1,10100,4,'',1,10200,4,'',1,10000,4,'',1,10000,4,'',1,9600,4,'',1,9900,4,'',1,9600,4,'',1,10000,4,'',1,9800,4,'',1
'MCOB-DO:123:0:Weekday:4:23MAR:12345',41200,51600,,'',1,10500,,'',1,3100,,'',1,7100,,'',1,3500,,'',1
'MCOB-DO:123:0:Weekday:4:23MAR:12345',41201,152500,,'',1,9300,,'',1,8400,,'',1,4300,,'',1,7800,,'',1
'MCOB-DO:123:0:Weekday:5:23MAR:12345',41200,51600,,'',1,10500,,'',1,3100,,'',1,7100,,'',1,3500,,'',1
'MCOB-DO:123:0:Weekday:5:23MAR:12345',41201,152500,,'',1,9300,,'',1,8400,,'',1,4300,,'',1,7800,,'',1
'MCOB-DO:123:0:Weekday:6:23MAR:12345',41200,51600,,'',1,10500,,'',1,3100,,'',1,7100,,'',1,3500,,'',1
'MCOB-DO:123:0:Weekday:6:23MAR:12345',41201,152500,,'',1,9300,,'',1,8400,,'',1,4300,,'',1,7800,,'',1
'MCOB-DO:123:0:Weekday:4:23MAR:12345',81000,85000,,'',1,8000,,'',1,8500,,'',1,11000,,'',1
'MCOB-DO:123:0:Weekday:4:23MAR:12345',81001,130000,4,'',1,4000,4,'',1,8300,4,'',1,48300,4,'',1,4000,4,'',1,9400,4,'',1,9900,4,'',1,10000,4,'',1,10000,4,'',1
'MCOB-DO:123:0:Weekday:5:23MAR:12345',81000,85000,,'',1,8000,,'',1,8500,,'',1,11000,,'',1
'MCOB-DO:123:0:Weekday:5:23MAR:12345',81001,130000,4,'',1,4000,4,'',1,8300,4,'',1,48300,4,'',1,4000,4,'',1,9400,4,'',1,9900,4,'',1,10000,4,'',1,10000,4,'',1
'MCOB-DO:123:0:Weekday:6:23MAR:12345',81000,85000,,'',1,8000,,'',1,8500,,'',1,11000,,'',1
'MCOB-DO:123:0:Weekday:6:23MAR:12345',81001,130000,4,'',1,4000,4,'',1,8300,4,'',1,48300,4,'',1,4000,4,'',1,9400,4,'',1,9900,4,'',1,10000,4,'',1,10000,4,'',1
'MCOB-DO:123:0:Weekday:4:23MAR:12345',86000,52500,,'',1,7500,,'',1,3000,,'',1,2500,,'',1,7500,,'',1,7000,,'',1,4500,,'',1
'MCOB-DO:123:0:Weekday:4:23MAR:12345',86001,151100,4,'',1,3900,4,'',1,7500,4,'',1,3200,4,'',1,7000,4,'',1,2700,4,'',1,5400,4,'',1,1400,4,'',1,2400,4,'',1
'MCOB-DO:123:0:Weekday:5:23MAR:12345',86000,52500,,'',1,7500,,'',1,3000,,'',1,2500,,'',1,7500,,'',1,7000,,'',1,4500,,'',1
'MCOB-DO:123:0:Weekday:5:23MAR:12345',86001,151100,4,'',1,3900,4,'',1,7500,4,'',1,3200,4,'',1,7000,4,'',1,2700,4,'',1,5400,4,'',1,1400,4,'',1,2400,4,'',1
'MCOB-DO:123:0:Weekday:6:23MAR:12345',86000,52500,,'',1,7500,,'',1,3000,,'',1,2500,,'',1,7500,,'',1,7000,,'',1,4500,,'',1
'MCOB-DO:123:0:Weekday:6:23MAR:12345',86001,151100,4,'',1,3900,4,'',1,7500,4,'',1,3200,4,'',1,7000,4,'',1,2700,4,'',1,5400,4,'',1,1400,4,'',1,2400,4,'',1
