'MCOB-DO:113:6:Sunday:2:23MAR:1234567',10100,73200,4,'',1,10000,4,'',1,10000,4,'',1,10100,4,'',1,10100,4,'',1,10200,4,'',1,10000,4,'',1,9800,4,'',1,10000,4,'',1,10100,4,'',1,10000,4,'',1,10000,4,'',1,9900,4,'',1,9900,4,'',1,10000,4,'',1
'MCOB-DO:113:6:Sunday:3:23MAR:1234567',10100,73200,4,'',1,10000,4,'',1,10000,4,'',1,10100,4,'',1,10100,4,'',1,10200,4,'',1,10000,4,'',1,9800,4,'',1,10000,4,'',1,10100,4,'',1,10000,4,'',1,10000,4,'',1,9900,4,'',1,9900,4,'',1,10000,4,'',1
'MCOB-DO:113:6:Sunday:4:23MAR:1234567',10100,73200,4,'',1,10000,4,'',1,10000,4,'',1,10100,4,'',1,10100,4,'',1,10200,4,'',1,10000,4,'',1,9800,4,'',1,10000,4,'',1,10100,4,'',1,10000,4,'',1,10000,4,'',1,9900,4,'',1,9900,4,'',1,10000,4,'',1
'MCOB-DO:123:0:Weekday:2:23MAR:12345',10100,55100,4,'',1,7200,4,'',1,3400,4,'',1,7200,4,'',1,7100,4,'',1,3100,4,'',1,7000,4,'',1,3000,4,'',1,2700,4,'',1,7200,4,'',1,2800,4,'',1,7000,4,'',1,7300,4,'',1,3000,4,'',1,6900,4,'',1,3000,4,'',1,7100,4,'',1,3000,4,'',1,7100,4,'',1,3300,4,'',1,7000,4,'',1,2900,4,'',1,6800,4,'',1,2900,4,'',1,7000,4,'',1,3000,4,'',1,6900,4,'',1,2900,4,'',1,2500,4,'',1,6900,4,'',1,9800,4,'',1,10000,4,'',1,9800,4,'',1
'MCOB-DO:123:0:Weekday:3:23MAR:12345',10100,55100,4,'',1,7200,4,'',1,3400,4,'',1,7200,4,'',1,7100,4,'',1,3100,4,'',1,7000,4,'',1,3000,4,'',1,2700,4,'',1,7200,4,'',1,2800,4,'',1,7000,4,'',1,7300,4,'',1,3000,4,'',1,6900,4,'',1,3000,4,'',1,7100,4,'',1,3000,4,'',1,7100,4,'',1,3300,4,'',1,7000,4,'',1,2900,4,'',1,6800,4,'',1,2900,4,'',1,7000,4,'',1,3000,4,'',1,6900,4,'',1,2900,4,'',1,2500,4,'',1,6900,4,'',1,9800,4,'',1,10000,4,'',1,9800,4,'',1
'MCOB-DO:123:0:Weekday:4:23MAR:12345',10100,55100,4,'',1,7200,4,'',1,3400,4,'',1,7200,4,'',1,7100,4,'',1,3100,4,'',1,7000,4,'',1,3000,4,'',1,2700,4,'',1,7200,4,'',1,2800,4,'',1,7000,4,'',1,7300,4,'',1,3000,4,'',1,6900,4,'',1,3000,4,'',1,7100,4,'',1,3000,4,'',1,7100,4,'',1,3300,4,'',1,7000,4,'',1,2900,4,'',1,6800,4,'',1,2900,4,'',1,7000,4,'',1,3000,4,'',1,6900,4,'',1,2900,4,'',1,2500,4,'',1,6900,4,'',1,9800,4,'',1,10000,4,'',1,9800,4,'',1
'MCOB-DO:123:0:Weekday:5:23MAR:12345',10100,55100,4,'',1,7200,4,'',1,3400,4,'',1,7200,4,'',1,7100,4,'',1,3100,4,'',1,7000,4,'',1,3000,4,'',1,2700,4,'',1,7200,4,'',1,2800,4,'',1,7000,4,'',1,7300,4,'',1,3000,4,'',1,6900,4,'',1,3000,4,'',1,7100,4,'',1,3000,4,'',1,7100,4,'',1,3300,4,'',1,7000,4,'',1,2900,4,'',1,6800,4,'',1,2900,4,'',1,7000,4,'',1,3000,4,'',1,6900,4,'',1,2900,4,'',1,2500,4,'',1,6900,4,'',1,9800,4,'',1,10000,4,'',1,9800,4,'',1
'MCOB-DO:173:5:Saturday:2:23MAR:6',10100,63000,4,'',1,10100,4,'',1,10200,4,'',1,10200,4,'',1,9600,4,'',1,10300,4,'',1,9900,4,'',1,10000,4,'',1,10000,4,'',1,10100,4,'',1,10000,4,'',1,9800,4,'',1,10300,4,'',1,9800,4,'',1,10200,4,'',1,9900,4,'',1
'MCOB-DO:173:5:Saturday:3:23MAR:6',10100,63000,4,'',1,10100,4,'',1,10200,4,'',1,10200,4,'',1,9600,4,'',1,10300,4,'',1,9900,4,'',1,10000,4,'',1,10000,4,'',1,10100,4,'',1,10000,4,'',1,9800,4,'',1,10300,4,'',1,9800,4,'',1,10200,4,'',1,9900,4,'',1
'MCOB-DO:173:5:Saturday:4:23MAR:6',10100,63000,4,'',1,10100,4,'',1,10200,4,'',1,10200,4,'',1,9600,4,'',1,10300,4,'',1,9900,4,'',1,10000,4,'',1,10000,4,'',1,10100,4,'',1,10000,4,'',1,9800,4,'',1,10300,4,'',1,9800,4,'',1,10200,4,'',1,9900,4,'',1
'MCOB-DO:173:5:Saturday:5:23MAR:6',10100,63000,4,'',1,10100,4,'',1,10200,4,'',1,10200,4,'',1,9600,4,'',1,10300,4,'',1,9900,4,'',1,10000,4,'',1,10000,4,'',1,10100,4,'',1,10000,4,'',1,9800,4,'',1,10300,4,'',1,9800,4,'',1,10200,4,'',1,9900,4,'',1
'MCOB-DO:123:0:Weekday:2:23MAR:12345',11500,62500,4,'',1,8300,4,'',1,4000,4,'',1,8000,4,'',1,8000,4,'',1,4000,4,'',1,8000,4,'',1,8000,4,'',1,4000,4,'',1,8100,4,'',1,8000,4,'',1,4000,4,'',1,8000,4,'',1,8000,4,'',1,4000,4,'',1,8100,4,'',1,8000,4,'',1,3900,4,'',1,7900,4,'',1,7900,4,'',1,3900,4,'',1,9400,4,'',1,10000,4,'',1,9900,4,'',1
'MCOB-DO:123:0:Weekday:3:23MAR:12345',11500,62500,4,'',1,8300,4,'',1,4000,4,'',1,8000,4,'',1,8000,4,'',1,4000,4,'',1,8000,4,'',1,8000,4,'',1,4000,4,'',1,8100,4,'',1,8000,4,'',1,4000,4,'',1,8000,4,'',1,8000,4,'',1,4000,4,'',1,8100,4,'',1,8000,4,'',1,3900,4,'',1,7900,4,'',1,7900,4,'',1,3900,4,'',1,9400,4,'',1,10000,4,'',1,9900,4,'',1
'MCOB-DO:123:0:Weekday:4:23MAR:12345',11500,62500,4,'',1,8300,4,'',1,4000,4,'',1,8000,4,'',1,8000,4,'',1,4000,4,'',1,8000,4,'',1,8000,4,'',1,4000,4,'',1,8100,4,'',1,8000,4,'',1,4000,4,'',1,8000,4,'',1,8000,4,'',1,4000,4,'',1,8100,4,'',1,8000,4,'',1,3900,4,'',1,7900,4,'',1,7900,4,'',1,3900,4,'',1,9400,4,'',1,10000,4,'',1,9900,4,'',1
'MCOB-DO:123:0:Weekday:5:23MAR:12345',11500,62500,4,'',1,8300,4,'',1,4000,4,'',1,8000,4,'',1,8000,4,'',1,4000,4,'',1,8000,4,'',1,8000,4,'',1,4000,4,'',1,8100,4,'',1,8000,4,'',1,4000,4,'',1,8000,4,'',1,8000,4,'',1,4000,4,'',1,8100,4,'',1,8000,4,'',1,3900,4,'',1,7900,4,'',1,7900,4,'',1,3900,4,'',1,9400,4,'',1,10000,4,'',1,9900,4,'',1
'MCOB-DO:173:5:Saturday:2:23MAR:6',11500,64000,4,'',1,10000,4,'',1,10000,4,'',1,10000,4,'',1,10000,4,'',1,10000,4,'',1,10000,4,'',1,10100,4,'',1,10000,4,'',1,10000,4,'',1,10000,4,'',1,9900,4,'',1,10000,4,'',1,10000,4,'',1,10000,4,'',1,10000,4,'',1,10000,4,'',1
'MCOB-DO:173:5:Saturday:3:23MAR:6',11500,64000,4,'',1,10000,4,'',1,10000,4,'',1,10000,4,'',1,10000,4,'',1,10000,4,'',1,10000,4,'',1,10100,4,'',1,10000,4,'',1,10000,4,'',1,10000,4,'',1,9900,4,'',1,10000,4,'',1,10000,4,'',1,10000,4,'',1,10000,4,'',1,10000,4,'',1
'MCOB-DO:173:5:Saturday:4:23MAR:6',11500,64000,4,'',1,10000,4,'',1,10000,4,'',1,10000,4,'',1,10000,4,'',1,10000,4,'',1,10000,4,'',1,10100,4,'',1,10000,4,'',1,10000,4,'',1,10000,4,'',1,9900,4,'',1,10000,4,'',1,10000,4,'',1,10000,4,'',1,10000,4,'',1,10000,4,'',1
'MCOB-DO:173:5:Saturday:5:23MAR:6',11500,64000,4,'',1,10000,4,'',1,10000,4,'',1,10000,4,'',1,10000,4,'',1,10000,4,'',1,10000,4,'',1,10100,4,'',1,10000,4,'',1,10000,4,'',1,10000,4,'',1,9900,4,'',1,10000,4,'',1,10000,4,'',1,10000,4,'',1,10000,4,'',1,10000,4,'',1
