'MCOB-DO:123:0:Weekday:2:23MAR:12345',27000,65000,4,'',1,10500,4,'',1,89100,4,'',1
'MCOB-DO:123:0:Weekday:3:23MAR:12345',27000,65000,4,'',1,10500,4,'',1,89100,4,'',1
'MCOB-DO:123:0:Weekday:4:23MAR:12345',27000,65000,4,'',1,10500,4,'',1,89100,4,'',1
'MCOB-DO:123:0:Weekday:5:23MAR:12345',27000,65000,4,'',1,10500,4,'',1,89100,4,'',1
'MCOB-DO:113:6:Sunday:2:23MAR:1234567',27100,81300,4,'',1,10300,4,'',1,9500,4,'',1,9800,4,'',1,9900,4,'',1,10000,4,'',1,9800,4,'',1,10600,4,'',1,9900,4,'',1,9900,4,'',1,9900,4,'',1,10000,4,'',1,9800,4,'',1,9900,4,'',1
'MCOB-DO:113:6:Sunday:3:23MAR:1234567',27100,81300,4,'',1,10300,4,'',1,9500,4,'',1,9800,4,'',1,9900,4,'',1,10000,4,'',1,9800,4,'',1,10600,4,'',1,9900,4,'',1,9900,4,'',1,9900,4,'',1,10000,4,'',1,9800,4,'',1,9900,4,'',1
'MCOB-DO:113:6:Sunday:4:23MAR:1234567',27100,81300,4,'',1,10300,4,'',1,9500,4,'',1,9800,4,'',1,9900,4,'',1,10000,4,'',1,9800,4,'',1,10600,4,'',1,9900,4,'',1,9900,4,'',1,9900,4,'',1,10000,4,'',1,9800,4,'',1,9900,4,'',1
'MCOB-DO:123:0:Weekday:2:23MAR:12345',27100,61900,4,'',1,10500,4,'',1,10000,4,'',1,9000,4,'',1,1200,4,'',1,8600,4,'',1,10200,4,'',1,10000,4,'',1,10000,4,'',1,10600,4,'',1,10400,4,'',1,10000,4,'',1,10700,4,'',1,9700,4,'',1,9400,4,'',1,8700,4,'',1,9900,4,'',1,9600,4,'',1
'MCOB-DO:123:0:Weekday:3:23MAR:12345',27100,61900,4,'',1,10500,4,'',1,10000,4,'',1,9000,4,'',1,1200,4,'',1,8600,4,'',1,10200,4,'',1,10000,4,'',1,10000,4,'',1,10600,4,'',1,10400,4,'',1,10000,4,'',1,10700,4,'',1,9700,4,'',1,9400,4,'',1,8700,4,'',1,9900,4,'',1,9600,4,'',1
'MCOB-DO:123:0:Weekday:4:23MAR:12345',27100,61900,4,'',1,10500,4,'',1,10000,4,'',1,9000,4,'',1,1200,4,'',1,8600,4,'',1,10200,4,'',1,10000,4,'',1,10000,4,'',1,10600,4,'',1,10400,4,'',1,10000,4,'',1,10700,4,'',1,9700,4,'',1,9400,4,'',1,8700,4,'',1,9900,4,'',1,9600,4,'',1
'MCOB-DO:123:0:Weekday:5:23MAR:12345',27100,61900,4,'',1,10500,4,'',1,10000,4,'',1,9000,4,'',1,1200,4,'',1,8600,4,'',1,10200,4,'',1,10000,4,'',1,10000,4,'',1,10600,4,'',1,10400,4,'',1,10000,4,'',1,10700,4,'',1,9700,4,'',1,9400,4,'',1,8700,4,'',1,9900,4,'',1,9600,4,'',1
'MCOB-DO:173:5:Saturday:2:23MAR:6',27100,82000,4,'',1,9800,4,'',1,9700,4,'',1,10200,4,'',1,10300,4,'',1,10200,4,'',1,10100,4,'',1,10000,4,'',1,10000,4,'',1,9700,4,'',1,9900,4,'',1,10200,4,'',1,9900,4,'',1,9900,4,'',1
'MCOB-DO:173:5:Saturday:3:23MAR:6',27100,82000,4,'',1,9800,4,'',1,9700,4,'',1,10200,4,'',1,10300,4,'',1,10200,4,'',1,10100,4,'',1,10000,4,'',1,10000,4,'',1,9700,4,'',1,9900,4,'',1,10200,4,'',1,9900,4,'',1,9900,4,'',1
'MCOB-DO:173:5:Saturday:4:23MAR:6',27100,82000,4,'',1,9800,4,'',1,9700,4,'',1,10200,4,'',1,10300,4,'',1,10200,4,'',1,10100,4,'',1,10000,4,'',1,10000,4,'',1,9700,4,'',1,9900,4,'',1,10200,4,'',1,9900,4,'',1,9900,4,'',1
'MCOB-DO:173:5:Saturday:5:23MAR:6',27100,82000,4,'',1,9800,4,'',1,9700,4,'',1,10200,4,'',1,10300,4,'',1,10200,4,'',1,10100,4,'',1,10000,4,'',1,10000,4,'',1,9700,4,'',1,9900,4,'',1,10200,4,'',1,9900,4,'',1,9900,4,'',1
'MCOB-DO:113:6:Sunday:2:23MAR:1234567',28000,84800,4,'',1,10000,4,'',1,10000,4,'',1,10300,4,'',1,10000,4,'',1,10000,4,'',1,10000,4,'',1,10000,4,'',1,10000,4,'',1,10000,4,'',1,9800,4,'',1,10000,4,'',1,10000,4,'',1
'MCOB-DO:113:6:Sunday:3:23MAR:1234567',28000,84800,4,'',1,10000,4,'',1,10000,4,'',1,10300,4,'',1,10000,4,'',1,10000,4,'',1,10000,4,'',1,10000,4,'',1,10000,4,'',1,10000,4,'',1,9800,4,'',1,10000,4,'',1,10000,4,'',1
'MCOB-DO:113:6:Sunday:4:23MAR:1234567',28000,84800,4,'',1,10000,4,'',1,10000,4,'',1,10300,4,'',1,10000,4,'',1,10000,4,'',1,10000,4,'',1,10000,4,'',1,10000,4,'',1,10000,4,'',1,9800,4,'',1,10000,4,'',1,10000,4,'',1
'MCOB-DO:123:0:Weekday:2:23MAR:12345',28000,65300,4,'',1,15500,4,'',1,9200,4,'',1,10000,4,'',1,10000,4,'',1,10000,4,'',1,5900,4,'',1,14300,4,'',1,10300,4,'',1,10400,4,'',1,10300,4,'',1,10300,4,'',1,10200,4,'',1,10400,4,'',1,10200,4,'',1
'MCOB-DO:123:0:Weekday:3:23MAR:12345',28000,65300,4,'',1,15500,4,'',1,9200,4,'',1,10000,4,'',1,10000,4,'',1,10000,4,'',1,5900,4,'',1,14300,4,'',1,10300,4,'',1,10400,4,'',1,10300,4,'',1,10300,4,'',1,10200,4,'',1,10400,4,'',1,10200,4,'',1
'MCOB-DO:123:0:Weekday:4:23MAR:12345',28000,65300,4,'',1,15500,4,'',1,9200,4,'',1,10000,4,'',1,10000,4,'',1,10000,4,'',1,5900,4,'',1,14300,4,'',1,10300,4,'',1,10400,4,'',1,10300,4,'',1,10300,4,'',1,10200,4,'',1,10400,4,'',1,10200,4,'',1
'MCOB-DO:123:0:Weekday:5:23MAR:12345',28000,65300,4,'',1,15500,4,'',1,9200,4,'',1,10000,4,'',1,10000,4,'',1,10000,4,'',1,5900,4,'',1,14300,4,'',1,10300,4,'',1,10400,4,'',1,10300,4,'',1,10300,4,'',1,10200,4,'',1,10400,4,'',1,10200,4,'',1
'MCOB-DO:173:5:Saturday:2:23MAR:6',28000,74700,4,'',1,10100,4,'',1,10400,4,'',1,10100,4,'',1,10100,4,'',1,10000,4,'',1,9900,4,'',1,10000,4,'',1,10000,4,'',1,10000,4,'',1,10200,4,'',1,10000,4,'',1,9700,4,'',1,9700,4,'',1
'MCOB-DO:173:5:Saturday:3:23MAR:6',28000,74700,4,'',1,10100,4,'',1,10400,4,'',1,10100,4,'',1,10100,4,'',1,10000,4,'',1,9900,4,'',1,10000,4,'',1,10000,4,'',1,10000,4,'',1,10200,4,'',1,10000,4,'',1,9700,4,'',1,9700,4,'',1
'MCOB-DO:173:5:Saturday:4:23MAR:6',28000,74700,4,'',1,10100,4,'',1,10400,4,'',1,10100,4,'',1,10100,4,'',1,10000,4,'',1,9900,4,'',1,10000,4,'',1,10000,4,'',1,10000,4,'',1,10200,4,'',1,10000,4,'',1,9700,4,'',1,9700,4,'',1
'MCOB-DO:173:5:Saturday:5:23MAR:6',28000,74700,4,'',1,10100,4,'',1,10400,4,'',1,10100,4,'',1,10100,4,'',1,10000,4,'',1,9900,4,'',1,10000,4,'',1,10000,4,'',1,10000,4,'',1,10200,4,'',1,10000,4,'',1,9700,4,'',1,9700,4,'',1
'KPOB-CS:223:0:Weekday:1:23MAR:12345',51001,152800,4,'',1,2500,4,'',1,6500,4,'',1,2000,4,'',1,2000,4,'',1,5600,4,'',1,1500,4,'',1,1200,4,'',1,1400,4,'',1,5400,4,'',1,1100,4,'',1,1800,4,'',1,1400,4,'',1,5900,4,'',1,2900,4,'',1
'KPOB-CS:223:0:Weekday:2:23MAR:12345',51001,152800,4,'',1,2500,4,'',1,6500,4,'',1,2000,4,'',1,2000,4,'',1,5600,4,'',1,1500,4,'',1,1200,4,'',1,1400,4,'',1,5400,4,'',1,1100,4,'',1,1800,4,'',1,1400,4,'',1,5900,4,'',1,2900,4,'',1
'KPOB-CS:213:6:Sunday:1:23MAR:1234567',51201,63200,4,'',1,2400,4,'',1,6400,4,'',1,2900,4,'',1,6400,4,'',1,2400,4,'',1,6400,4,'',1,2400,4,'',1,2200,4,'',1,6100,4,'',1,2000,4,'',1,2100,4,'',1,6000,4,'',1,2000,4,'',1,2000,4,'',1,6000,4,'',1,2000,4,'',1,2100,4,'',1,6000,4,'',1,2000,4,'',1,2000,4,'',1,6000,4,'',1,2000,4,'',1,2000,4,'',1,6000,4,'',1,2000,4,'',1,1000,4,'',1,1000,4,'',1,900,4,'',1,5000,4,'',1,1000,4,'',1,900,4,'',1,1000,4,'',1,1200,4,'',1,5100,4,'',1,1000,4,'',1,1000,4,'',1,1000,4,'',1,1300,4,'',1,1000,4,'',1,5000,4,'',1,1000,4,'',1,1000,4,'',1,1000,4,'',1,700,4,'',1,1000,4,'',1,800,4,'',1,5000,4,'',1,1000,4,'',1,1000,4,'',1,1000,4,'',1,1000,4,'',1,1000,4,'',1,6000,4,'',1,2000,4,'',1,2000,4,'',1,6000,4,'',1,1900,4,'',1,2000,4,'',1,6000,4,'',1,2000,4,'',1,2000,4,'',1,6000,4,'',1,2000,4,'',1,7000,4,'',1,3400,4,'',1,7700,4,'',1,2600,4,'',1
'KPOB-CS:223:0:Weekday:1:23MAR:12345',51201,54400,4,'',1,5900,4,'',1,1800,4,'',1,2100,4,'',1,5900,4,'',1,1900,4,'',1,1800,4,'',1,1800,4,'',1,5800,4,'',1,1800,4,'',1,1500,4,'',1,5400,4,'',1,1400,4,'',1,1500,4,'',1,1500,4,'',1,1400,4,'',1,5500,4,'',1,1500,4,'',1,1500,4,'',1,1500,4,'',1,5500,4,'',1,1500,4,'',1,1500,4,'',1,1500,4,'',1,5500,4,'',1,1500,4,'',1,1600,4,'',1,5500,4,'',1,1500,4,'',1,1600,4,'',1,1500,4,'',1,5500,4,'',1,1500,4,'',1,1700,4,'',1,1700,4,'',1,5700,4,'',1,1700,4,'',1,1500,4,'',1,7500,4,'',1,3100,4,'',1,6800,4,'',1,2800,4,'',1,6800,4,'',1,2900,4,'',1,6600,4,'',1,2700,4,'',1,7000,4,'',1,1500,4,'',1,1500,4,'',1,1400,4,'',1,5500,4,'',1,1500,4,'',1,1500,4,'',1,1400,4,'',1,1500,4,'',1,6000,4,'',1,2000,4,'',1,7000,4,'',1
'KPOB-CS:223:0:Weekday:2:23MAR:12345',51201,54400,4,'',1,5900,4,'',1,1800,4,'',1,2100,4,'',1,5900,4,'',1,1900,4,'',1,1800,4,'',1,1800,4,'',1,5800,4,'',1,1800,4,'',1,1500,4,'',1,5400,4,'',1,1400,4,'',1,1500,4,'',1,1500,4,'',1,1400,4,'',1,5500,4,'',1,1500,4,'',1,1500,4,'',1,1500,4,'',1,5500,4,'',1,1500,4,'',1,1500,4,'',1,1500,4,'',1,5500,4,'',1,1500,4,'',1,1600,4,'',1,5500,4,'',1,1500,4,'',1,1600,4,'',1,1500,4,'',1,5500,4,'',1,1500,4,'',1,1700,4,'',1,1700,4,'',1,5700,4,'',1,1700,4,'',1,1500,4,'',1,7500,4,'',1,3100,4,'',1,6800,4,'',1,2800,4,'',1,6800,4,'',1,2900,4,'',1,6600,4,'',1,2700,4,'',1,7000,4,'',1,1500,4,'',1,1500,4,'',1,1400,4,'',1,5500,4,'',1,1500,4,'',1,1500,4,'',1,1400,4,'',1,1500,4,'',1,6000,4,'',1,2000,4,'',1,7000,4,'',1
'KPOB-CS:273:5:Saturday:1:23MAR:6',51201,63700,4,'',1,7600,4,'',1,2400,4,'',1,6400,4,'',1,2400,4,'',1,2400,4,'',1,5800,4,'',1,1500,4,'',1,1500,4,'',1,1600,4,'',1,5500,4,'',1,1500,4,'',1,1500,4,'',1,1500,4,'',1,5500,4,'',1,1500,4,'',1,1600,4,'',1,1600,4,'',1,5500,4,'',1,1600,4,'',1,1500,4,'',1,1500,4,'',1,5500,4,'',1,1700,4,'',1,1500,4,'',1,1000,4,'',1,5100,4,'',1,1000,4,'',1,1000,4,'',1,1000,4,'',1,1000,4,'',1,1000,4,'',1,5000,4,'',1,1000,4,'',1,1000,4,'',1,1000,4,'',1,1000,4,'',1,900,4,'',1,5000,4,'',1,1000,4,'',1,1000,4,'',1,1000,4,'',1,1000,4,'',1,1000,4,'',1,5000,4,'',1,1000,4,'',1,1000,4,'',1,1000,4,'',1,1000,4,'',1,1000,4,'',1,5000,4,'',1,1000,4,'',1,900,4,'',1,900,4,'',1,1000,4,'',1,1000,4,'',1,5000,4,'',1,1000,4,'',1,1000,4,'',1,1000,4,'',1,1000,4,'',1,1000,4,'',1,5000,4,'',1,1000,4,'',1,1000,4,'',1,1000,4,'',1,1000,4,'',1,1000,4,'',1,5000,4,'',1,900,4,'',1,900,4,'',1,1000,4,'',1,1000,4,'',1,1000,4,'',1,1000,4,'',1,5000,4,'',1,1000,4,'',1,1000,4,'',1,1000,4,'',1,1000,4,'',1,1000,4,'',1,5000,4,'',1,1000,4,'',1,1000,4,'',1,1000,4,'',1,1400,4,'',1,5500,4,'',1,1500,4,'',1,1500,4,'',1,1500,4,'',1,5500,4,'',1,1900,4,'',1
'KPOB-CS:273:5:Saturday:2:23MAR:6',51201,63700,4,'',1,7600,4,'',1,2400,4,'',1,6400,4,'',1,2400,4,'',1,2400,4,'',1,5800,4,'',1,1500,4,'',1,1500,4,'',1,1600,4,'',1,5500,4,'',1,1500,4,'',1,1500,4,'',1,1500,4,'',1,5500,4,'',1,1500,4,'',1,1600,4,'',1,1600,4,'',1,5500,4,'',1,1600,4,'',1,1500,4,'',1,1500,4,'',1,5500,4,'',1,1700,4,'',1,1500,4,'',1,1000,4,'',1,5100,4,'',1,1000,4,'',1,1000,4,'',1,1000,4,'',1,1000,4,'',1,1000,4,'',1,5000,4,'',1,1000,4,'',1,1000,4,'',1,1000,4,'',1,1000,4,'',1,900,4,'',1,5000,4,'',1,1000,4,'',1,1000,4,'',1,1000,4,'',1,1000,4,'',1,1000,4,'',1,5000,4,'',1,1000,4,'',1,1000,4,'',1,1000,4,'',1,1000,4,'',1,1000,4,'',1,5000,4,'',1,1000,4,'',1,900,4,'',1,900,4,'',1,1000,4,'',1,1000,4,'',1,5000,4,'',1,1000,4,'',1,1000,4,'',1,1000,4,'',1,1000,4,'',1,1000,4,'',1,5000,4,'',1,1000,4,'',1,1000,4,'',1,1000,4,'',1,1000,4,'',1,1000,4,'',1,5000,4,'',1,900,4,'',1,900,4,'',1,1000,4,'',1,1000,4,'',1,1000,4,'',1,1000,4,'',1,5000,4,'',1,1000,4,'',1,1000,4,'',1,1000,4,'',1,1000,4,'',1,1000,4,'',1,5000,4,'',1,1000,4,'',1,1000,4,'',1,1000,4,'',1,1400,4,'',1,5500,4,'',1,1500,4,'',1,1500,4,'',1,1500,4,'',1,5500,4,'',1,1900,4,'',1
'KPOB-CS:223:0:Weekday:1:23MAR:12345',53201,151500,4,'',1,8900,4,'',1,4300,4,'',1,5900,4,'',1,1800,4,'',1,2000,4,'',1,5800,4,'',1,2000,4,'',1,2400,4,'',1,8700,4,'',1
'KPOB-CS:223:0:Weekday:2:23MAR:12345',53201,151500,4,'',1,8900,4,'',1,4300,4,'',1,5900,4,'',1,1800,4,'',1,2000,4,'',1,5800,4,'',1,2000,4,'',1,2400,4,'',1,8700,4,'',1
