'MCOB-DO:111:6:Sunday:3:23SEP:1234567',11300,71000,,'',1,10000,,'',1,10000,,'',1,10000,,'',1,10000,,'',1,10000,,'',1,10000,,'',1,10500,,'',1,10000,,'',1,10000,,'',1,10500,,'',1,10000,,'',1,9500,,'',1,10000,,'',1,9500,,'',1
'MCOB-DO:111:6:Sunday:3:23SEP:1234567',11301,75500,4,'',1,10000,4,'',1,10000,4,'',1,10000,4,'',1,10000,4,'',1,10000,4,'',1,14500,4,'',1,10000,4,'',1,10000,4,'',1,10500,4,'',1,10000,4,'',1,9500,4,'',1,10000,4,'',1,5500,4,'',1,10000,4,'',1
'MCOB-DO:113:6:Sunday:1:23SEP:1234567',11300,71000,,'',1,10000,,'',1,10000,,'',1,10000,,'',1,10000,,'',1,10000,,'',1,10000,,'',1,10500,,'',1,10000,,'',1,10000,,'',1,10500,,'',1,10000,,'',1,9500,,'',1,10000,,'',1,9500,,'',1
'MCOB-DO:113:6:Sunday:1:23SEP:1234567',11301,75500,4,'',1,10000,4,'',1,10000,4,'',1,10000,4,'',1,10000,4,'',1,10000,4,'',1,14500,4,'',1,10000,4,'',1,10000,4,'',1,10500,4,'',1,10000,4,'',1,9500,4,'',1,10000,4,'',1,5500,4,'',1,10000,4,'',1
'MCOB-DO:121:0:Weekday:3:23SEP:12345',11300,53500,,'',1,9500,,'',1,7000,,'',1,3000,,'',1,7000,,'',1,3000,,'',1,10000,,'',1,10000,,'',1,10000,,'',1,10000,,'',1,10000,,'',1,10000,,'',1,7500,,'',1,3000,,'',1,10000,,'',1,7000,,'',1,3000,,'',1,7000,,'',1,3000,,'',1,7000,,'',1,10000,,'',1,9500,,'',1,10000,,'',1
'MCOB-DO:121:0:Weekday:3:23SEP:12345',11301,62000,4,'',1,10000,4,'',1,10000,4,'',1,10000,4,'',1,10000,4,'',1,10000,4,'',1,10000,4,'',1,10000,4,'',1,3500,4,'',1,7000,4,'',1,3000,4,'',1,7000,4,'',1,3000,4,'',1,7500,4,'',1,7000,4,'',1,3000,4,'',1,7000,4,'',1,3000,4,'',1,2500,4,'',1,7000,4,'',1,3000,4,'',1,9500,4,'',1,10000,4,'',1,10000,4,'',1
'MCOB-DO:123:0:Weekday:1:23SEP:12345',11300,53500,,'',1,9500,,'',1,7000,,'',1,3000,,'',1,7000,,'',1,3000,,'',1,10000,,'',1,10000,,'',1,10000,,'',1,10000,,'',1,10000,,'',1,10000,,'',1,7500,,'',1,3000,,'',1,10000,,'',1,7000,,'',1,3000,,'',1,7000,,'',1,3000,,'',1,7000,,'',1,10000,,'',1,9500,,'',1,10000,,'',1
'MCOB-DO:123:0:Weekday:1:23SEP:12345',11301,62000,4,'',1,10000,4,'',1,10000,4,'',1,10000,4,'',1,10000,4,'',1,10000,4,'',1,10000,4,'',1,10000,4,'',1,3500,4,'',1,7000,4,'',1,3000,4,'',1,7000,4,'',1,3000,4,'',1,7500,4,'',1,7000,4,'',1,3000,4,'',1,7000,4,'',1,3000,4,'',1,2500,4,'',1,7000,4,'',1,3000,4,'',1,9500,4,'',1,10000,4,'',1,10000,4,'',1
'MCOB-DO:171:5:Saturday:3:23SEP:6',11300,61000,,'',1,10000,,'',1,10000,,'',1,10000,,'',1,10000,,'',1,10000,,'',1,10000,,'',1,10000,,'',1,10500,,'',1,10000,,'',1,10000,,'',1,10500,,'',1,10000,,'',1,9500,,'',1,10000,,'',1,9500,,'',1
'MCOB-DO:171:5:Saturday:3:23SEP:6',11301,55500,4,'',1,10000,4,'',1,10000,4,'',1,10000,4,'',1,10000,4,'',1,10000,4,'',1,10000,4,'',1,10000,4,'',1,14500,4,'',1,10000,4,'',1,10000,4,'',1,10500,4,'',1,10000,4,'',1,9500,4,'',1,10000,4,'',1,5500,4,'',1,10000,4,'',1
'MCOB-DO:173:5:Saturday:1:23SEP:6',11300,61000,,'',1,10000,,'',1,10000,,'',1,10000,,'',1,10000,,'',1,10000,,'',1,10000,,'',1,10000,,'',1,10500,,'',1,10000,,'',1,10000,,'',1,10500,,'',1,10000,,'',1,9500,,'',1,10000,,'',1,9500,,'',1
'MCOB-DO:173:5:Saturday:1:23SEP:6',11301,55500,4,'',1,10000,4,'',1,10000,4,'',1,10000,4,'',1,10000,4,'',1,10000,4,'',1,10000,4,'',1,10000,4,'',1,14500,4,'',1,10000,4,'',1,10000,4,'',1,10500,4,'',1,10000,4,'',1,9500,4,'',1,10000,4,'',1,5500,4,'',1,10000,4,'',1
