'MCOB-DO:111:6:Sunday:3:23SEP:1234567',11600,73400,,'',1,10000,,'',1,9600,,'',1,9800,,'',1,9900,,'',1,9900,,'',1,10000,,'',1,10000,,'',1,10000,,'',1,10000,,'',1,10000,,'',1,10100,,'',1,10200,,'',1,10400,,'',1,10200,,'',1
'MCOB-DO:111:6:Sunday:3:23SEP:1234567',11601,84600,4,'',1,10100,4,'',1,10300,4,'',1,10100,4,'',1,10100,4,'',1,10200,4,'',1,10100,4,'',1,10100,4,'',1,10100,4,'',1,9600,4,'',1,9900,4,'',1,9900,4,'',1,9800,4,'',1,9800,4,'',1
'MCOB-DO:113:6:Sunday:1:23SEP:1234567',11600,73000,,'',1,9900,,'',1,9900,,'',1,9700,,'',1,9900,,'',1,9900,,'',1,9900,,'',1,10000,,'',1,10000,,'',1,10100,,'',1,10100,,'',1,10100,,'',1,10200,,'',1,10300,,'',1,10100,,'',1
'MCOB-DO:113:6:Sunday:1:23SEP:1234567',11601,84500,4,'',1,10200,4,'',1,10300,4,'',1,10100,4,'',1,10100,4,'',1,10200,4,'',1,10100,4,'',1,10000,4,'',1,10100,4,'',1,9700,4,'',1,9900,4,'',1,9900,4,'',1,9800,4,'',1,9800,4,'',1
'MCOB-DO:121:0:Weekday:3:23SEP:12345',11600,50900,,'',1,4000,,'',1,7600,,'',1,7900,,'',1,3600,,'',1,8200,,'',1,8000,,'',1,4200,,'',1,8000,,'',1,7900,,'',1,3900,,'',1,7800,,'',1,8000,,'',1,3900,,'',1,8000,,'',1,3700,,'',1,8000,,'',1,8000,,'',1,3800,,'',1,8300,,'',1,8400,,'',1,8600,,'',1,10300,,'',1,10100,,'',1,10200,,'',1
'MCOB-DO:121:0:Weekday:3:23SEP:12345',11601,64000,4,'',1,8600,4,'',1,8100,4,'',1,4200,4,'',1,7600,4,'',1,7800,4,'',1,4000,4,'',1,8200,4,'',1,8200,4,'',1,4400,4,'',1,8000,4,'',1,8100,4,'',1,4200,4,'',1,8300,4,'',1,8200,4,'',1,8300,4,'',1,4000,4,'',1,8000,4,'',1,3400,4,'',1,7400,4,'',1,10100,4,'',1,10000,4,'',1,9700,4,'',1
'MCOB-DO:123:0:Weekday:1:23SEP:12345',11600,44800,,'',1,6000,,'',1,3800,,'',1,7900,,'',1,7600,,'',1,3800,,'',1,8000,,'',1,4000,,'',1,8100,,'',1,8100,,'',1,8000,,'',1,3900,,'',1,7800,,'',1,3800,,'',1,7800,,'',1,7700,,'',1,4200,,'',1,8000,,'',1,8000,,'',1,4100,,'',1,8300,,'',1,8100,,'',1,8700,,'',1,10200,,'',1,10300,,'',1,10200,,'',1
'MCOB-DO:123:0:Weekday:1:23SEP:12345',11601,64400,4,'',1,8500,4,'',1,8100,4,'',1,4000,4,'',1,7600,4,'',1,8000,4,'',1,4000,4,'',1,8200,4,'',1,8000,4,'',1,4100,4,'',1,8100,4,'',1,8300,4,'',1,4300,4,'',1,8500,4,'',1,8100,4,'',1,7900,4,'',1,4000,4,'',1,8000,4,'',1,3700,4,'',1,7800,4,'',1,9800,4,'',1,9500,4,'',1,9800,4,'',1
'MCOB-DO:171:5:Saturday:3:23SEP:6',11600,63600,,'',1,9800,,'',1,9600,,'',1,9700,,'',1,9800,,'',1,9900,,'',1,9900,,'',1,9900,,'',1,10000,,'',1,10100,,'',1,10000,,'',1,10100,,'',1,10300,,'',1,10000,,'',1,10300,,'',1,10100,,'',1
'MCOB-DO:171:5:Saturday:3:23SEP:6',11601,74200,4,'',1,10300,4,'',1,10200,4,'',1,10300,4,'',1,10200,4,'',1,10400,4,'',1,10100,4,'',1,10000,4,'',1,14500,4,'',1,10000,4,'',1,9800,4,'',1,5800,4,'',1,9600,4,'',1,9700,4,'',1,10000,4,'',1,10000,4,'',1
'MCOB-DO:173:5:Saturday:1:23SEP:6',11600,63600,,'',1,9400,,'',1,9800,,'',1,9700,,'',1,9500,,'',1,9800,,'',1,9900,,'',1,9900,,'',1,10000,,'',1,10100,,'',1,10300,,'',1,10100,,'',1,10200,,'',1,10200,,'',1,10200,,'',1,10200,,'',1
'MCOB-DO:173:5:Saturday:1:23SEP:6',11601,74100,4,'',1,10400,4,'',1,10000,4,'',1,10500,4,'',1,10100,4,'',1,10300,4,'',1,10400,4,'',1,10000,4,'',1,14200,4,'',1,5900,4,'',1,9900,4,'',1,9800,4,'',1,9900,4,'',1,9900,4,'',1,9600,4,'',1,9800,4,'',1
