'MCOB-DO:113:6:Sunday:2:23MAR:1234567',10901,82300,4,'',1,10400,4,'',1,10000,4,'',1,10100,4,'',1,10400,4,'',1,10100,4,'',1,10000,4,'',1,10000,4,'',1,10000,4,'',1,10000,4,'',1,9700,4,'',1,9800,4,'',1,9800,4,'',1,9900,4,'',1
'MCOB-DO:113:6:Sunday:3:23MAR:1234567',10901,82300,4,'',1,10400,4,'',1,10000,4,'',1,10100,4,'',1,10400,4,'',1,10100,4,'',1,10000,4,'',1,10000,4,'',1,10000,4,'',1,10000,4,'',1,9700,4,'',1,9800,4,'',1,9800,4,'',1,9900,4,'',1
'MCOB-DO:113:6:Sunday:4:23MAR:1234567',10901,82300,4,'',1,10400,4,'',1,10000,4,'',1,10100,4,'',1,10400,4,'',1,10100,4,'',1,10000,4,'',1,10000,4,'',1,10000,4,'',1,10000,4,'',1,9700,4,'',1,9800,4,'',1,9800,4,'',1,9900,4,'',1
'MCOB-DO:123:0:Weekday:2:23MAR:12345',10901,61500,4,'',1,10200,4,'',1,9500,4,'',1,10100,4,'',1,9700,4,'',1,10100,4,'',1,10500,4,'',1,10000,4,'',1,10000,4,'',1,10700,4,'',1,10300,4,'',1,10600,4,'',1,10000,4,'',1,2000,4,'',1,6800,4,'',1,9300,4,'',1,9900,4,'',1,10800,4,'',1
'MCOB-DO:123:0:Weekday:3:23MAR:12345',10901,61500,4,'',1,10200,4,'',1,9500,4,'',1,10100,4,'',1,9700,4,'',1,10100,4,'',1,10500,4,'',1,10000,4,'',1,10000,4,'',1,10700,4,'',1,10300,4,'',1,10600,4,'',1,10000,4,'',1,2000,4,'',1,6800,4,'',1,9300,4,'',1,9900,4,'',1,10800,4,'',1
'MCOB-DO:123:0:Weekday:4:23MAR:12345',10901,61500,4,'',1,10200,4,'',1,9500,4,'',1,10100,4,'',1,9700,4,'',1,10100,4,'',1,10500,4,'',1,10000,4,'',1,10000,4,'',1,10700,4,'',1,10300,4,'',1,10600,4,'',1,10000,4,'',1,2000,4,'',1,6800,4,'',1,9300,4,'',1,9900,4,'',1,10800,4,'',1
'MCOB-DO:123:0:Weekday:5:23MAR:12345',10901,61500,4,'',1,10200,4,'',1,9500,4,'',1,10100,4,'',1,9700,4,'',1,10100,4,'',1,10500,4,'',1,10000,4,'',1,10000,4,'',1,10700,4,'',1,10300,4,'',1,10600,4,'',1,10000,4,'',1,2000,4,'',1,6800,4,'',1,9300,4,'',1,9900,4,'',1,10800,4,'',1
'MCOB-DO:173:5:Saturday:2:23MAR:6',10901,72400,4,'',1,10100,4,'',1,10100,4,'',1,10300,4,'',1,10300,4,'',1,10300,4,'',1,10000,4,'',1,10000,4,'',1,10000,4,'',1,10000,4,'',1,9800,4,'',1,9700,4,'',1,9900,4,'',1,9800,4,'',1,9900,4,'',1
'MCOB-DO:173:5:Saturday:3:23MAR:6',10901,72400,4,'',1,10100,4,'',1,10100,4,'',1,10300,4,'',1,10300,4,'',1,10300,4,'',1,10000,4,'',1,10000,4,'',1,10000,4,'',1,10000,4,'',1,9800,4,'',1,9700,4,'',1,9900,4,'',1,9800,4,'',1,9900,4,'',1
'MCOB-DO:173:5:Saturday:4:23MAR:6',10901,72400,4,'',1,10100,4,'',1,10100,4,'',1,10300,4,'',1,10300,4,'',1,10300,4,'',1,10000,4,'',1,10000,4,'',1,10000,4,'',1,10000,4,'',1,9800,4,'',1,9700,4,'',1,9900,4,'',1,9800,4,'',1,9900,4,'',1
'MCOB-DO:173:5:Saturday:5:23MAR:6',10901,72400,4,'',1,10100,4,'',1,10100,4,'',1,10300,4,'',1,10300,4,'',1,10300,4,'',1,10000,4,'',1,10000,4,'',1,10000,4,'',1,10000,4,'',1,9800,4,'',1,9700,4,'',1,9900,4,'',1,9800,4,'',1,9900,4,'',1
'MCOB-DO:113:6:Sunday:2:23MAR:1234567',20900,83300,4,'',1,10200,4,'',1,10100,4,'',1,10100,4,'',1,10200,4,'',1,10200,4,'',1,10200,4,'',1,10000,4,'',1,10000,4,'',1,9900,4,'',1,9800,4,'',1,9900,4,'',1,9800,4,'',1
'MCOB-DO:113:6:Sunday:3:23MAR:1234567',20900,83300,4,'',1,10200,4,'',1,10100,4,'',1,10100,4,'',1,10200,4,'',1,10200,4,'',1,10200,4,'',1,10000,4,'',1,10000,4,'',1,9900,4,'',1,9800,4,'',1,9900,4,'',1,9800,4,'',1
'MCOB-DO:113:6:Sunday:4:23MAR:1234567',20900,83300,4,'',1,10200,4,'',1,10100,4,'',1,10100,4,'',1,10200,4,'',1,10200,4,'',1,10200,4,'',1,10000,4,'',1,10000,4,'',1,9900,4,'',1,9800,4,'',1,9900,4,'',1,9800,4,'',1
'MCOB-DO:123:0:Weekday:2:23MAR:12345',20900,60000,4,'',1,10400,4,'',1,10000,4,'',1,9900,4,'',1,10000,4,'',1,10000,4,'',1,10000,4,'',1,10300,4,'',1,10100,4,'',1,10300,4,'',1,10100,4,'',1,10000,4,'',1,9900,4,'',1,9100,4,'',1,5800,4,'',1,9800,4,'',1
'MCOB-DO:123:0:Weekday:3:23MAR:12345',20900,60000,4,'',1,10400,4,'',1,10000,4,'',1,9900,4,'',1,10000,4,'',1,10000,4,'',1,10000,4,'',1,10300,4,'',1,10100,4,'',1,10300,4,'',1,10100,4,'',1,10000,4,'',1,9900,4,'',1,9100,4,'',1,5800,4,'',1,9800,4,'',1
'MCOB-DO:123:0:Weekday:4:23MAR:12345',20900,60000,4,'',1,10400,4,'',1,10000,4,'',1,9900,4,'',1,10000,4,'',1,10000,4,'',1,10000,4,'',1,10300,4,'',1,10100,4,'',1,10300,4,'',1,10100,4,'',1,10000,4,'',1,9900,4,'',1,9100,4,'',1,5800,4,'',1,9800,4,'',1
'MCOB-DO:123:0:Weekday:5:23MAR:12345',20900,60000,4,'',1,10400,4,'',1,10000,4,'',1,9900,4,'',1,10000,4,'',1,10000,4,'',1,10000,4,'',1,10300,4,'',1,10100,4,'',1,10300,4,'',1,10100,4,'',1,10000,4,'',1,9900,4,'',1,9100,4,'',1,5800,4,'',1,9800,4,'',1
'MCOB-DO:173:5:Saturday:2:23MAR:6',20900,73500,4,'',1,10000,4,'',1,10000,4,'',1,10200,4,'',1,10200,4,'',1,10400,4,'',1,10000,4,'',1,10000,4,'',1,10000,4,'',1,10200,4,'',1,10000,4,'',1,9700,4,'',1,9600,4,'',1,9900,4,'',1,9900,4,'',1
'MCOB-DO:173:5:Saturday:3:23MAR:6',20900,73500,4,'',1,10000,4,'',1,10000,4,'',1,10200,4,'',1,10200,4,'',1,10400,4,'',1,10000,4,'',1,10000,4,'',1,10000,4,'',1,10200,4,'',1,10000,4,'',1,9700,4,'',1,9600,4,'',1,9900,4,'',1,9900,4,'',1
'MCOB-DO:173:5:Saturday:4:23MAR:6',20900,73500,4,'',1,10000,4,'',1,10000,4,'',1,10200,4,'',1,10200,4,'',1,10400,4,'',1,10000,4,'',1,10000,4,'',1,10000,4,'',1,10200,4,'',1,10000,4,'',1,9700,4,'',1,9600,4,'',1,9900,4,'',1,9900,4,'',1
'MCOB-DO:173:5:Saturday:5:23MAR:6',20900,73500,4,'',1,10000,4,'',1,10000,4,'',1,10200,4,'',1,10200,4,'',1,10400,4,'',1,10000,4,'',1,10000,4,'',1,10000,4,'',1,10200,4,'',1,10000,4,'',1,9700,4,'',1,9600,4,'',1,9900,4,'',1,9900,4,'',1
