'MCOB-DO:111:6:Sunday:1:23SEP:1234567',12000,81100,,'',1,9900,,'',1,10000,,'',1,10000,,'',1,10000,,'',1,10000,,'',1,10000,,'',1,9900,,'',1,10000,,'',1,10000,,'',1,10000,,'',1,10100,,'',1,10000,,'',1
'MCOB-DO:111:6:Sunday:1:23SEP:1234567',12001,84600,4,'',1,10000,4,'',1,10100,4,'',1,10000,4,'',1,10000,4,'',1,10100,4,'',1,10200,4,'',1,10000,4,'',1,10300,4,'',1,9700,4,'',1,10000,4,'',1,9800,4,'',1,10000,4,'',1
'MCOB-DO:111:6:Sunday:2:23SEP:1234567',12000,81100,,'',1,9900,,'',1,10000,,'',1,10000,,'',1,10000,,'',1,10000,,'',1,10000,,'',1,9900,,'',1,10000,,'',1,10000,,'',1,10000,,'',1,10100,,'',1,10000,,'',1
'MCOB-DO:111:6:Sunday:2:23SEP:1234567',12001,84600,4,'',1,10000,4,'',1,10100,4,'',1,10000,4,'',1,10000,4,'',1,10100,4,'',1,10200,4,'',1,10000,4,'',1,10300,4,'',1,9700,4,'',1,10000,4,'',1,9800,4,'',1,10000,4,'',1
'MCOB-DO:121:0:Weekday:1:23SEP:12345',12000,52900,,'',1,10200,,'',1,9800,,'',1,10000,,'',1,10100,,'',1,10100,,'',1,9900,,'',1,9900,,'',1,10000,,'',1,9900,,'',1,9800,,'',1,9900,,'',1,9700,,'',1,10900,,'',1,10000,,'',1,10000,,'',1,10000,,'',1
'MCOB-DO:121:0:Weekday:1:23SEP:12345',12001,61800,4,'',1,9200,4,'',1,9800,4,'',1,10000,4,'',1,9200,4,'',1,10000,4,'',1,10100,4,'',1,10200,4,'',1,10000,4,'',1,10300,4,'',1,10100,4,'',1,10600,4,'',1,9400,4,'',1,9900,4,'',1,9700,4,'',1,10000,4,'',1,10000,4,'',1,9800,4,'',1
'MCOB-DO:121:0:Weekday:2:23SEP:12345',12000,52900,,'',1,10200,,'',1,9800,,'',1,10000,,'',1,10100,,'',1,10100,,'',1,9900,,'',1,9900,,'',1,10000,,'',1,9900,,'',1,9800,,'',1,9900,,'',1,9700,,'',1,10900,,'',1,10000,,'',1,10000,,'',1,10000,,'',1
'MCOB-DO:121:0:Weekday:2:23SEP:12345',12001,61800,4,'',1,9200,4,'',1,9800,4,'',1,10000,4,'',1,9200,4,'',1,10000,4,'',1,10100,4,'',1,10200,4,'',1,10000,4,'',1,10300,4,'',1,10100,4,'',1,10600,4,'',1,9400,4,'',1,9900,4,'',1,9700,4,'',1,10000,4,'',1,10000,4,'',1,9800,4,'',1
'MCOB-DO:171:5:Saturday:1:23SEP:6',12000,61300,,'',1,10000,,'',1,9800,,'',1,10000,,'',1,9900,,'',1,10000,,'',1,9900,,'',1,10000,,'',1,10000,,'',1,10000,,'',1,10000,,'',1,10000,,'',1,10100,,'',1,10000,,'',1,10100,,'',1,10000,,'',1
'MCOB-DO:171:5:Saturday:1:23SEP:6',12001,64300,4,'',1,10000,4,'',1,10100,4,'',1,10100,4,'',1,10100,4,'',1,10100,4,'',1,10000,4,'',1,10100,4,'',1,10000,4,'',1,10200,4,'',1,10200,4,'',1,9800,4,'',1,10000,4,'',1,9800,4,'',1,10000,4,'',1,9800,4,'',1
'MCOB-DO:171:5:Saturday:2:23SEP:6',12000,61300,,'',1,10000,,'',1,9800,,'',1,10000,,'',1,9900,,'',1,10000,,'',1,9900,,'',1,10000,,'',1,10000,,'',1,10000,,'',1,10000,,'',1,10000,,'',1,10100,,'',1,10000,,'',1,10100,,'',1,10000,,'',1
'MCOB-DO:171:5:Saturday:2:23SEP:6',12001,64300,4,'',1,10000,4,'',1,10100,4,'',1,10100,4,'',1,10100,4,'',1,10100,4,'',1,10000,4,'',1,10100,4,'',1,10000,4,'',1,10200,4,'',1,10200,4,'',1,9800,4,'',1,10000,4,'',1,9800,4,'',1,10000,4,'',1,9800,4,'',1
