'MCOB-DO:121:0:Weekday:2:23SEP:12345',11100,63000,4,'',1,10000,4,'',1
'MCOB-DO:121:0:Weekday:3:23SEP:12345',11100,63000,4,'',1,10000,4,'',1
'MCOB-DO:111:6:Sunday:2:23SEP:1234567',11200,72100,4,'',1,10000,4,'',1,10100,4,'',1,10000,4,'',1,10000,4,'',1,10000,4,'',1,10000,4,'',1,10000,4,'',1,10000,4,'',1,10000,4,'',1,10000,4,'',1,10000,4,'',1,10000,4,'',1,10000,4,'',1,9800,4,'',1
'MCOB-DO:111:6:Sunday:3:23SEP:1234567',11200,72100,4,'',1,10000,4,'',1,10100,4,'',1,10000,4,'',1,10000,4,'',1,10000,4,'',1,10000,4,'',1,10000,4,'',1,10000,4,'',1,10000,4,'',1,10000,4,'',1,10000,4,'',1,10000,4,'',1,10000,4,'',1,9800,4,'',1
'MCOB-DO:121:0:Weekday:2:23SEP:12345',11200,61700,4,'',1,9900,4,'',1,10300,4,'',1,10000,4,'',1,10000,4,'',1,9900,4,'',1,10000,4,'',1,10000,4,'',1,10200,4,'',1,10000,4,'',1,10000,4,'',1,10000,4,'',1,9800,4,'',1,9900,4,'',1,10000,4,'',1,9800,4,'',1
'MCOB-DO:121:0:Weekday:3:23SEP:12345',11200,61700,4,'',1,9900,4,'',1,10300,4,'',1,10000,4,'',1,10000,4,'',1,9900,4,'',1,10000,4,'',1,10000,4,'',1,10200,4,'',1,10000,4,'',1,10000,4,'',1,10000,4,'',1,9800,4,'',1,9900,4,'',1,10000,4,'',1,9800,4,'',1
'MCOB-DO:171:5:Saturday:2:23SEP:6',11200,72100,4,'',1,10000,4,'',1,10000,4,'',1,10100,4,'',1,10000,4,'',1,10000,4,'',1,10000,4,'',1,10100,4,'',1,10000,4,'',1,10000,4,'',1,10000,4,'',1,10000,4,'',1,9900,4,'',1,10000,4,'',1,10000,4,'',1
'MCOB-DO:171:5:Saturday:3:23SEP:6',11200,72100,4,'',1,10000,4,'',1,10000,4,'',1,10100,4,'',1,10000,4,'',1,10000,4,'',1,10000,4,'',1,10100,4,'',1,10000,4,'',1,10000,4,'',1,10000,4,'',1,10000,4,'',1,9900,4,'',1,10000,4,'',1,10000,4,'',1
'MCOB-DO:111:6:Sunday:2:23SEP:1234567',11900,83400,4,'',1,10000,4,'',1,10000,4,'',1,10100,4,'',1,10000,4,'',1,10100,4,'',1,10100,4,'',1,10000,4,'',1,10000,4,'',1,9900,4,'',1,9900,4,'',1,9900,4,'',1,10000,4,'',1
'MCOB-DO:111:6:Sunday:3:23SEP:1234567',11900,83400,4,'',1,10000,4,'',1,10000,4,'',1,10100,4,'',1,10000,4,'',1,10100,4,'',1,10100,4,'',1,10000,4,'',1,10000,4,'',1,9900,4,'',1,9900,4,'',1,9900,4,'',1,10000,4,'',1
'MCOB-DO:121:0:Weekday:2:23SEP:12345',11900,61200,4,'',1,11200,4,'',1,9600,4,'',1,10000,4,'',1,9800,4,'',1,9900,4,'',1,10300,4,'',1,10000,4,'',1,11200,4,'',1,9200,4,'',1,10100,4,'',1,10100,4,'',1,9400,4,'',1,9900,4,'',1,9500,4,'',1,9900,4,'',1
'MCOB-DO:121:0:Weekday:3:23SEP:12345',11900,61200,4,'',1,11200,4,'',1,9600,4,'',1,10000,4,'',1,9800,4,'',1,9900,4,'',1,10300,4,'',1,10000,4,'',1,11200,4,'',1,9200,4,'',1,10100,4,'',1,10100,4,'',1,9400,4,'',1,9900,4,'',1,9500,4,'',1,9900,4,'',1
'MCOB-DO:171:5:Saturday:2:23SEP:6',11900,63100,4,'',1,10000,4,'',1,10100,4,'',1,10200,4,'',1,10200,4,'',1,10100,4,'',1,10000,4,'',1,10000,4,'',1,10000,4,'',1,10000,4,'',1,10000,4,'',1,10000,4,'',1,10000,4,'',1,9800,4,'',1,10000,4,'',1,9800,4,'',1
'MCOB-DO:171:5:Saturday:3:23SEP:6',11900,63100,4,'',1,10000,4,'',1,10100,4,'',1,10200,4,'',1,10200,4,'',1,10100,4,'',1,10000,4,'',1,10000,4,'',1,10000,4,'',1,10000,4,'',1,10000,4,'',1,10000,4,'',1,10000,4,'',1,9800,4,'',1,10000,4,'',1,9800,4,'',1
