'MCOB-DO:113:6:Sunday:2:23MAR:1234567',20101,90400,4,'',1,10200,4,'',1,10100,4,'',1,10100,4,'',1,10400,4,'',1,10000,4,'',1,9900,4,'',1,10000,4,'',1,10000,4,'',1,9700,4,'',1,9900,4,'',1,9600,4,'',1,10000,4,'',1,10000,4,'',1
'MCOB-DO:113:6:Sunday:3:23MAR:1234567',20101,90400,4,'',1,10200,4,'',1,10100,4,'',1,10100,4,'',1,10400,4,'',1,10000,4,'',1,9900,4,'',1,10000,4,'',1,10000,4,'',1,9700,4,'',1,9900,4,'',1,9600,4,'',1,10000,4,'',1,10000,4,'',1
'MCOB-DO:113:6:Sunday:4:23MAR:1234567',20101,90400,4,'',1,10200,4,'',1,10100,4,'',1,10100,4,'',1,10400,4,'',1,10000,4,'',1,9900,4,'',1,10000,4,'',1,10000,4,'',1,9700,4,'',1,9900,4,'',1,9600,4,'',1,10000,4,'',1,10000,4,'',1
'MCOB-DO:123:0:Weekday:2:23MAR:12345',20101,60700,4,'',1,4200,4,'',1,8000,4,'',1,8000,4,'',1,4000,4,'',1,8200,4,'',1,8200,4,'',1,4000,4,'',1,8200,4,'',1,8000,4,'',1,4200,4,'',1,8000,4,'',1,8000,4,'',1,8600,4,'',1,4000,4,'',1,8100,4,'',1,7900,4,'',1,3900,4,'',1,7600,4,'',1,3600,4,'',1,7700,4,'',1,8000,4,'',1,4400,4,'',1,10000,4,'',1,9800,4,'',1
'MCOB-DO:123:0:Weekday:3:23MAR:12345',20101,60700,4,'',1,4200,4,'',1,8000,4,'',1,8000,4,'',1,4000,4,'',1,8200,4,'',1,8200,4,'',1,4000,4,'',1,8200,4,'',1,8000,4,'',1,4200,4,'',1,8000,4,'',1,8000,4,'',1,8600,4,'',1,4000,4,'',1,8100,4,'',1,7900,4,'',1,3900,4,'',1,7600,4,'',1,3600,4,'',1,7700,4,'',1,8000,4,'',1,4400,4,'',1,10000,4,'',1,9800,4,'',1
'MCOB-DO:123:0:Weekday:4:23MAR:12345',20101,60700,4,'',1,4200,4,'',1,8000,4,'',1,8000,4,'',1,4000,4,'',1,8200,4,'',1,8200,4,'',1,4000,4,'',1,8200,4,'',1,8000,4,'',1,4200,4,'',1,8000,4,'',1,8000,4,'',1,8600,4,'',1,4000,4,'',1,8100,4,'',1,7900,4,'',1,3900,4,'',1,7600,4,'',1,3600,4,'',1,7700,4,'',1,8000,4,'',1,4400,4,'',1,10000,4,'',1,9800,4,'',1
'MCOB-DO:123:0:Weekday:5:23MAR:12345',20101,60700,4,'',1,4200,4,'',1,8000,4,'',1,8000,4,'',1,4000,4,'',1,8200,4,'',1,8200,4,'',1,4000,4,'',1,8200,4,'',1,8000,4,'',1,4200,4,'',1,8000,4,'',1,8000,4,'',1,8600,4,'',1,4000,4,'',1,8100,4,'',1,7900,4,'',1,3900,4,'',1,7600,4,'',1,3600,4,'',1,7700,4,'',1,8000,4,'',1,4400,4,'',1,10000,4,'',1,9800,4,'',1
'MCOB-DO:173:5:Saturday:2:23MAR:6',20101,80200,4,'',1,10200,4,'',1,10300,4,'',1,10200,4,'',1,10200,4,'',1,10000,4,'',1,10000,4,'',1,10000,4,'',1,10000,4,'',1,10000,4,'',1,9900,4,'',1,9700,4,'',1,9800,4,'',1,10000,4,'',1,9800,4,'',1,10000,4,'',1
'MCOB-DO:173:5:Saturday:3:23MAR:6',20101,80200,4,'',1,10200,4,'',1,10300,4,'',1,10200,4,'',1,10200,4,'',1,10000,4,'',1,10000,4,'',1,10000,4,'',1,10000,4,'',1,10000,4,'',1,9900,4,'',1,9700,4,'',1,9800,4,'',1,10000,4,'',1,9800,4,'',1,10000,4,'',1
'MCOB-DO:173:5:Saturday:4:23MAR:6',20101,80200,4,'',1,10200,4,'',1,10300,4,'',1,10200,4,'',1,10200,4,'',1,10000,4,'',1,10000,4,'',1,10000,4,'',1,10000,4,'',1,10000,4,'',1,9900,4,'',1,9700,4,'',1,9800,4,'',1,10000,4,'',1,9800,4,'',1,10000,4,'',1
'MCOB-DO:173:5:Saturday:5:23MAR:6',20101,80200,4,'',1,10200,4,'',1,10300,4,'',1,10200,4,'',1,10200,4,'',1,10000,4,'',1,10000,4,'',1,10000,4,'',1,10000,4,'',1,10000,4,'',1,9900,4,'',1,9700,4,'',1,9800,4,'',1,10000,4,'',1,9800,4,'',1,10000,4,'',1
'MCOB-DO:113:6:Sunday:2:23MAR:1234567',20201,83800,4,'',1,10000,4,'',1,10100,4,'',1,10000,4,'',1,10300,4,'',1,10200,4,'',1,10000,4,'',1,10000,4,'',1,10000,4,'',1,10000,4,'',1,9900,4,'',1,9900,4,'',1,9700,4,'',1,9900,4,'',1
'MCOB-DO:113:6:Sunday:3:23MAR:1234567',20201,83800,4,'',1,10000,4,'',1,10100,4,'',1,10000,4,'',1,10300,4,'',1,10200,4,'',1,10000,4,'',1,10000,4,'',1,10000,4,'',1,10000,4,'',1,9900,4,'',1,9900,4,'',1,9700,4,'',1,9900,4,'',1
'MCOB-DO:113:6:Sunday:4:23MAR:1234567',20201,83800,4,'',1,10000,4,'',1,10100,4,'',1,10000,4,'',1,10300,4,'',1,10200,4,'',1,10000,4,'',1,10000,4,'',1,10000,4,'',1,10000,4,'',1,9900,4,'',1,9900,4,'',1,9700,4,'',1,9900,4,'',1
'MCOB-DO:123:0:Weekday:2:23MAR:12345',20201,63300,4,'',1,8100,4,'',1,4000,4,'',1,8000,4,'',1,8100,4,'',1,4000,4,'',1,8000,4,'',1,8100,4,'',1,4100,4,'',1,8100,4,'',1,8200,4,'',1,8000,4,'',1,4200,4,'',1,8200,4,'',1,8100,4,'',1,4100,4,'',1,8000,4,'',1,8000,4,'',1,3400,4,'',1,7700,4,'',1,4000,4,'',1,7900,4,'',1,9400,4,'',1,9800,4,'',1,9700,4,'',1
'MCOB-DO:123:0:Weekday:3:23MAR:12345',20201,63300,4,'',1,8100,4,'',1,4000,4,'',1,8000,4,'',1,8100,4,'',1,4000,4,'',1,8000,4,'',1,8100,4,'',1,4100,4,'',1,8100,4,'',1,8200,4,'',1,8000,4,'',1,4200,4,'',1,8200,4,'',1,8100,4,'',1,4100,4,'',1,8000,4,'',1,8000,4,'',1,3400,4,'',1,7700,4,'',1,4000,4,'',1,7900,4,'',1,9400,4,'',1,9800,4,'',1,9700,4,'',1
'MCOB-DO:123:0:Weekday:4:23MAR:12345',20201,63300,4,'',1,8100,4,'',1,4000,4,'',1,8000,4,'',1,8100,4,'',1,4000,4,'',1,8000,4,'',1,8100,4,'',1,4100,4,'',1,8100,4,'',1,8200,4,'',1,8000,4,'',1,4200,4,'',1,8200,4,'',1,8100,4,'',1,4100,4,'',1,8000,4,'',1,8000,4,'',1,3400,4,'',1,7700,4,'',1,4000,4,'',1,7900,4,'',1,9400,4,'',1,9800,4,'',1,9700,4,'',1
'MCOB-DO:123:0:Weekday:5:23MAR:12345',20201,63300,4,'',1,8100,4,'',1,4000,4,'',1,8000,4,'',1,8100,4,'',1,4000,4,'',1,8000,4,'',1,8100,4,'',1,4100,4,'',1,8100,4,'',1,8200,4,'',1,8000,4,'',1,4200,4,'',1,8200,4,'',1,8100,4,'',1,4100,4,'',1,8000,4,'',1,8000,4,'',1,3400,4,'',1,7700,4,'',1,4000,4,'',1,7900,4,'',1,9400,4,'',1,9800,4,'',1,9700,4,'',1
'MCOB-DO:173:5:Saturday:2:23MAR:6',20201,73500,4,'',1,10100,4,'',1,10300,4,'',1,10100,4,'',1,10500,4,'',1,10000,4,'',1,10000,4,'',1,10000,4,'',1,10000,4,'',1,10000,4,'',1,9800,4,'',1,9900,4,'',1,9800,4,'',1,9900,4,'',1,9800,4,'',1,9900,4,'',1
'MCOB-DO:173:5:Saturday:3:23MAR:6',20201,73500,4,'',1,10100,4,'',1,10300,4,'',1,10100,4,'',1,10500,4,'',1,10000,4,'',1,10000,4,'',1,10000,4,'',1,10000,4,'',1,10000,4,'',1,9800,4,'',1,9900,4,'',1,9800,4,'',1,9900,4,'',1,9800,4,'',1,9900,4,'',1
'MCOB-DO:173:5:Saturday:4:23MAR:6',20201,73500,4,'',1,10100,4,'',1,10300,4,'',1,10100,4,'',1,10500,4,'',1,10000,4,'',1,10000,4,'',1,10000,4,'',1,10000,4,'',1,10000,4,'',1,9800,4,'',1,9900,4,'',1,9800,4,'',1,9900,4,'',1,9800,4,'',1,9900,4,'',1
'MCOB-DO:173:5:Saturday:5:23MAR:6',20201,73500,4,'',1,10100,4,'',1,10300,4,'',1,10100,4,'',1,10500,4,'',1,10000,4,'',1,10000,4,'',1,10000,4,'',1,10000,4,'',1,10000,4,'',1,9800,4,'',1,9900,4,'',1,9800,4,'',1,9900,4,'',1,9800,4,'',1,9900,4,'',1
'MCOB-DO:113:6:Sunday:2:23MAR:1234567',20901,81500,4,'',1,10000,4,'',1,10300,4,'',1,10200,4,'',1,10100,4,'',1,10100,4,'',1,10000,4,'',1,10000,4,'',1,9800,4,'',1,10000,4,'',1,10000,4,'',1,9800,4,'',1,9900,4,'',1
'MCOB-DO:113:6:Sunday:3:23MAR:1234567',20901,81500,4,'',1,10000,4,'',1,10300,4,'',1,10200,4,'',1,10100,4,'',1,10100,4,'',1,10000,4,'',1,10000,4,'',1,9800,4,'',1,10000,4,'',1,10000,4,'',1,9800,4,'',1,9900,4,'',1
'MCOB-DO:113:6:Sunday:4:23MAR:1234567',20901,81500,4,'',1,10000,4,'',1,10300,4,'',1,10200,4,'',1,10100,4,'',1,10100,4,'',1,10000,4,'',1,10000,4,'',1,9800,4,'',1,10000,4,'',1,10000,4,'',1,9800,4,'',1,9900,4,'',1
'MCOB-DO:123:0:Weekday:2:23MAR:12345',20901,60400,4,'',1,10100,4,'',1,10000,4,'',1,10000,4,'',1,10100,4,'',1,10100,4,'',1,10100,4,'',1,10000,4,'',1,10100,4,'',1,10100,4,'',1,10200,4,'',1,10100,4,'',1,9900,4,'',1,9400,4,'',1,9900,4,'',1,9800,4,'',1,9800,4,'',1
'MCOB-DO:123:0:Weekday:3:23MAR:12345',20901,60400,4,'',1,10100,4,'',1,10000,4,'',1,10000,4,'',1,10100,4,'',1,10100,4,'',1,10100,4,'',1,10000,4,'',1,10100,4,'',1,10100,4,'',1,10200,4,'',1,10100,4,'',1,9900,4,'',1,9400,4,'',1,9900,4,'',1,9800,4,'',1,9800,4,'',1
'MCOB-DO:123:0:Weekday:4:23MAR:12345',20901,60400,4,'',1,10100,4,'',1,10000,4,'',1,10000,4,'',1,10100,4,'',1,10100,4,'',1,10100,4,'',1,10000,4,'',1,10100,4,'',1,10100,4,'',1,10200,4,'',1,10100,4,'',1,9900,4,'',1,9400,4,'',1,9900,4,'',1,9800,4,'',1,9800,4,'',1
'MCOB-DO:123:0:Weekday:5:23MAR:12345',20901,60400,4,'',1,10100,4,'',1,10000,4,'',1,10000,4,'',1,10100,4,'',1,10100,4,'',1,10100,4,'',1,10000,4,'',1,10100,4,'',1,10100,4,'',1,10200,4,'',1,10100,4,'',1,9900,4,'',1,9400,4,'',1,9900,4,'',1,9800,4,'',1,9800,4,'',1
'MCOB-DO:173:5:Saturday:2:23MAR:6',20901,71400,4,'',1,10300,4,'',1,10000,4,'',1,10400,4,'',1,10000,4,'',1,10300,4,'',1,10000,4,'',1,10100,4,'',1,10000,4,'',1,9800,4,'',1,9900,4,'',1,9800,4,'',1,9800,4,'',1,9900,4,'',1,9800,4,'',1
'MCOB-DO:173:5:Saturday:3:23MAR:6',20901,71400,4,'',1,10300,4,'',1,10000,4,'',1,10400,4,'',1,10000,4,'',1,10300,4,'',1,10000,4,'',1,10100,4,'',1,10000,4,'',1,9800,4,'',1,9900,4,'',1,9800,4,'',1,9800,4,'',1,9900,4,'',1,9800,4,'',1
'MCOB-DO:173:5:Saturday:4:23MAR:6',20901,71400,4,'',1,10300,4,'',1,10000,4,'',1,10400,4,'',1,10000,4,'',1,10300,4,'',1,10000,4,'',1,10100,4,'',1,10000,4,'',1,9800,4,'',1,9900,4,'',1,9800,4,'',1,9800,4,'',1,9900,4,'',1,9800,4,'',1
'MCOB-DO:173:5:Saturday:5:23MAR:6',20901,71400,4,'',1,10300,4,'',1,10000,4,'',1,10400,4,'',1,10000,4,'',1,10300,4,'',1,10000,4,'',1,10100,4,'',1,10000,4,'',1,9800,4,'',1,9900,4,'',1,9800,4,'',1,9800,4,'',1,9900,4,'',1,9800,4,'',1
'MCOB-DO:113:6:Sunday:2:23MAR:1234567',22000,73700,4,'',1,9900,4,'',1,10100,4,'',1,10100,4,'',1,10200,4,'',1,10000,4,'',1,9900,4,'',1,10000,4,'',1,10000,4,'',1,9900,4,'',1,9900,4,'',1,10000,4,'',1,9900,4,'',1
'MCOB-DO:113:6:Sunday:3:23MAR:1234567',22000,73700,4,'',1,9900,4,'',1,10100,4,'',1,10100,4,'',1,10200,4,'',1,10000,4,'',1,9900,4,'',1,10000,4,'',1,10000,4,'',1,9900,4,'',1,9900,4,'',1,10000,4,'',1,9900,4,'',1
'MCOB-DO:113:6:Sunday:4:23MAR:1234567',22000,73700,4,'',1,9900,4,'',1,10100,4,'',1,10100,4,'',1,10200,4,'',1,10000,4,'',1,9900,4,'',1,10000,4,'',1,10000,4,'',1,9900,4,'',1,9900,4,'',1,10000,4,'',1,9900,4,'',1
'MCOB-DO:123:0:Weekday:2:23MAR:12345',22000,70600,4,'',1,9900,4,'',1,9600,4,'',1,10500,4,'',1,9900,4,'',1,10100,4,'',1,10200,4,'',1,10200,4,'',1,9500,4,'',1,10300,4,'',1,10000,4,'',1,9900,4,'',1,9900,4,'',1
'MCOB-DO:123:0:Weekday:3:23MAR:12345',22000,70600,4,'',1,9900,4,'',1,9600,4,'',1,10500,4,'',1,9900,4,'',1,10100,4,'',1,10200,4,'',1,10200,4,'',1,9500,4,'',1,10300,4,'',1,10000,4,'',1,9900,4,'',1,9900,4,'',1
'MCOB-DO:123:0:Weekday:4:23MAR:12345',22000,70600,4,'',1,9900,4,'',1,9600,4,'',1,10500,4,'',1,9900,4,'',1,10100,4,'',1,10200,4,'',1,10200,4,'',1,9500,4,'',1,10300,4,'',1,10000,4,'',1,9900,4,'',1,9900,4,'',1
'MCOB-DO:123:0:Weekday:5:23MAR:12345',22000,70600,4,'',1,9900,4,'',1,9600,4,'',1,10500,4,'',1,9900,4,'',1,10100,4,'',1,10200,4,'',1,10200,4,'',1,9500,4,'',1,10300,4,'',1,10000,4,'',1,9900,4,'',1,9900,4,'',1
'MCOB-DO:173:5:Saturday:2:23MAR:6',22000,63700,4,'',1,9700,4,'',1,10200,4,'',1,10300,4,'',1,10100,4,'',1,10100,4,'',1,10200,4,'',1,9900,4,'',1,9900,4,'',1,10000,4,'',1,9700,4,'',1,10000,4,'',1,10000,4,'',1,9700,4,'',1
'MCOB-DO:173:5:Saturday:3:23MAR:6',22000,63700,4,'',1,9700,4,'',1,10200,4,'',1,10300,4,'',1,10100,4,'',1,10100,4,'',1,10200,4,'',1,9900,4,'',1,9900,4,'',1,10000,4,'',1,9700,4,'',1,10000,4,'',1,10000,4,'',1,9700,4,'',1
'MCOB-DO:173:5:Saturday:4:23MAR:6',22000,63700,4,'',1,9700,4,'',1,10200,4,'',1,10300,4,'',1,10100,4,'',1,10100,4,'',1,10200,4,'',1,9900,4,'',1,9900,4,'',1,10000,4,'',1,9700,4,'',1,10000,4,'',1,10000,4,'',1,9700,4,'',1
'MCOB-DO:173:5:Saturday:5:23MAR:6',22000,63700,4,'',1,9700,4,'',1,10200,4,'',1,10300,4,'',1,10100,4,'',1,10100,4,'',1,10200,4,'',1,9900,4,'',1,9900,4,'',1,10000,4,'',1,9700,4,'',1,10000,4,'',1,10000,4,'',1,9700,4,'',1
'MCOB-DO:123:0:Weekday:2:23MAR:12345',23000,75000,4,'',1,125000,4,'',1
'MCOB-DO:123:0:Weekday:3:23MAR:12345',23000,75000,4,'',1,125000,4,'',1
'MCOB-DO:123:0:Weekday:4:23MAR:12345',23000,75000,4,'',1,125000,4,'',1
'MCOB-DO:123:0:Weekday:5:23MAR:12345',23000,75000,4,'',1,125000,4,'',1
'MCOB-DO:113:6:Sunday:2:23MAR:1234567',24001,83300,4,'',1,10000,4,'',1,10200,4,'',1,10000,4,'',1,10000,4,'',1,10000,4,'',1,10000,4,'',1,10000,4,'',1,10000,4,'',1,10000,4,'',1,10000,4,'',1,9900,4,'',1
'MCOB-DO:113:6:Sunday:3:23MAR:1234567',24001,83300,4,'',1,10000,4,'',1,10200,4,'',1,10000,4,'',1,10000,4,'',1,10000,4,'',1,10000,4,'',1,10000,4,'',1,10000,4,'',1,10000,4,'',1,10000,4,'',1,9900,4,'',1
'MCOB-DO:113:6:Sunday:4:23MAR:1234567',24001,83300,4,'',1,10000,4,'',1,10200,4,'',1,10000,4,'',1,10000,4,'',1,10000,4,'',1,10000,4,'',1,10000,4,'',1,10000,4,'',1,10000,4,'',1,10000,4,'',1,9900,4,'',1
'MCOB-DO:123:0:Weekday:2:23MAR:12345',24001,60800,4,'',1,10000,4,'',1,10000,4,'',1,10000,4,'',1,10000,4,'',1,10000,4,'',1,10000,4,'',1,10000,4,'',1,10000,4,'',1,10000,4,'',1,10000,4,'',1,10000,4,'',1,10000,4,'',1,10000,4,'',1,10000,4,'',1
'MCOB-DO:123:0:Weekday:3:23MAR:12345',24001,60800,4,'',1,10000,4,'',1,10000,4,'',1,10000,4,'',1,10000,4,'',1,10000,4,'',1,10000,4,'',1,10000,4,'',1,10000,4,'',1,10000,4,'',1,10000,4,'',1,10000,4,'',1,10000,4,'',1,10000,4,'',1,10000,4,'',1
'MCOB-DO:123:0:Weekday:4:23MAR:12345',24001,60800,4,'',1,10000,4,'',1,10000,4,'',1,10000,4,'',1,10000,4,'',1,10000,4,'',1,10000,4,'',1,10000,4,'',1,10000,4,'',1,10000,4,'',1,10000,4,'',1,10000,4,'',1,10000,4,'',1,10000,4,'',1,10000,4,'',1
'MCOB-DO:123:0:Weekday:5:23MAR:12345',24001,60800,4,'',1,10000,4,'',1,10000,4,'',1,10000,4,'',1,10000,4,'',1,10000,4,'',1,10000,4,'',1,10000,4,'',1,10000,4,'',1,10000,4,'',1,10000,4,'',1,10000,4,'',1,10000,4,'',1,10000,4,'',1,10000,4,'',1
'MCOB-DO:173:5:Saturday:2:23MAR:6',24001,73500,4,'',1,10000,4,'',1,10100,4,'',1,10000,4,'',1,10200,4,'',1,10000,4,'',1,10000,4,'',1,10000,4,'',1,9900,4,'',1,10000,4,'',1,9900,4,'',1,9900,4,'',1,9900,4,'',1
'MCOB-DO:173:5:Saturday:3:23MAR:6',24001,73500,4,'',1,10000,4,'',1,10100,4,'',1,10000,4,'',1,10200,4,'',1,10000,4,'',1,10000,4,'',1,10000,4,'',1,9900,4,'',1,10000,4,'',1,9900,4,'',1,9900,4,'',1,9900,4,'',1
'MCOB-DO:173:5:Saturday:4:23MAR:6',24001,73500,4,'',1,10000,4,'',1,10100,4,'',1,10000,4,'',1,10200,4,'',1,10000,4,'',1,10000,4,'',1,10000,4,'',1,9900,4,'',1,10000,4,'',1,9900,4,'',1,9900,4,'',1,9900,4,'',1
'MCOB-DO:173:5:Saturday:5:23MAR:6',24001,73500,4,'',1,10000,4,'',1,10100,4,'',1,10000,4,'',1,10200,4,'',1,10000,4,'',1,10000,4,'',1,10000,4,'',1,9900,4,'',1,10000,4,'',1,9900,4,'',1,9900,4,'',1,9900,4,'',1
