'MCOB-DO:113:6:Sunday:3:23MAR:1234567',10500,72000,4,'',1,10100,4,'',1,10500,4,'',1,10100,4,'',1,10100,4,'',1,10100,4,'',1,10000,4,'',1,10100,4,'',1,9900,4,'',1,9900,4,'',1,10000,4,'',1,9900,4,'',1,9900,4,'',1,9800,4,'',1,9800,4,'',1
'MCOB-DO:113:6:Sunday:4:23MAR:1234567',10500,72000,4,'',1,10100,4,'',1,10500,4,'',1,10100,4,'',1,10100,4,'',1,10100,4,'',1,10000,4,'',1,10100,4,'',1,9900,4,'',1,9900,4,'',1,10000,4,'',1,9900,4,'',1,9900,4,'',1,9800,4,'',1,9800,4,'',1
'MCOB-DO:123:0:Weekday:4:23MAR:12345',10500,53200,4,'',1,10400,4,'',1,11400,4,'',1,10100,4,'',1,8900,4,'',1,10000,4,'',1,9800,4,'',1,10400,4,'',1,9700,4,'',1,10900,4,'',1,10200,4,'',1,9800,4,'',1,10700,4,'',1,9200,4,'',1,9400,4,'',1,9700,4,'',1,10000,4,'',1
'MCOB-DO:123:0:Weekday:5:23MAR:12345',10500,53200,4,'',1,10400,4,'',1,11400,4,'',1,10100,4,'',1,8900,4,'',1,10000,4,'',1,9800,4,'',1,10400,4,'',1,9700,4,'',1,10900,4,'',1,10200,4,'',1,9800,4,'',1,10700,4,'',1,9200,4,'',1,9400,4,'',1,9700,4,'',1,10000,4,'',1
'MCOB-DO:123:0:Weekday:6:23MAR:12345',10500,53200,4,'',1,10400,4,'',1,11400,4,'',1,10100,4,'',1,8900,4,'',1,10000,4,'',1,9800,4,'',1,10400,4,'',1,9700,4,'',1,10900,4,'',1,10200,4,'',1,9800,4,'',1,10700,4,'',1,9200,4,'',1,9400,4,'',1,9700,4,'',1,10000,4,'',1
'MCOB-DO:173:5:Saturday:4:23MAR:6',10500,62000,4,'',1,10000,4,'',1,10400,4,'',1,10300,4,'',1,10000,4,'',1,10200,4,'',1,10100,4,'',1,10000,4,'',1,10000,4,'',1,10000,4,'',1,10000,4,'',1,9900,4,'',1,9900,4,'',1,9800,4,'',1,10000,4,'',1,9700,4,'',1
'MCOB-DO:173:5:Saturday:5:23MAR:6',10500,62000,4,'',1,10000,4,'',1,10400,4,'',1,10300,4,'',1,10000,4,'',1,10200,4,'',1,10100,4,'',1,10000,4,'',1,10000,4,'',1,10000,4,'',1,10000,4,'',1,9900,4,'',1,9900,4,'',1,9800,4,'',1,10000,4,'',1,9700,4,'',1
'MCOB-DO:123:0:Weekday:4:23MAR:12345',10600,61700,4,'',1,10500,4,'',1,10700,4,'',1,90100,4,'',1,9900,4,'',1
'MCOB-DO:123:0:Weekday:5:23MAR:12345',10600,61700,4,'',1,10500,4,'',1,10700,4,'',1,90100,4,'',1,9900,4,'',1
'MCOB-DO:123:0:Weekday:6:23MAR:12345',10600,61700,4,'',1,10500,4,'',1,10700,4,'',1,90100,4,'',1,9900,4,'',1
