'MCOB-DO:113:6:Sunday:3:23MAR:1234567',22001,81500,4,'',1,10100,4,'',1,10000,4,'',1,10100,4,'',1,10000,4,'',1,9900,4,'',1,10000,4,'',1,10000,4,'',1,10000,4,'',1,10000,4,'',1,10000,4,'',1,9900,4,'',1,9800,4,'',1
'MCOB-DO:113:6:Sunday:4:23MAR:1234567',22001,81500,4,'',1,10100,4,'',1,10000,4,'',1,10100,4,'',1,10000,4,'',1,9900,4,'',1,10000,4,'',1,10000,4,'',1,10000,4,'',1,10000,4,'',1,10000,4,'',1,9900,4,'',1,9800,4,'',1
'MCOB-DO:123:0:Weekday:4:23MAR:12345',22001,74200,4,'',1,9600,4,'',1,10500,4,'',1,9900,4,'',1,10000,4,'',1,10200,4,'',1,10100,4,'',1,9400,4,'',1,10200,4,'',1,10300,4,'',1,10000,4,'',1,9900,4,'',1,9900,4,'',1
'MCOB-DO:123:0:Weekday:5:23MAR:12345',22001,74200,4,'',1,9600,4,'',1,10500,4,'',1,9900,4,'',1,10000,4,'',1,10200,4,'',1,10100,4,'',1,9400,4,'',1,10200,4,'',1,10300,4,'',1,10000,4,'',1,9900,4,'',1,9900,4,'',1
'MCOB-DO:123:0:Weekday:6:23MAR:12345',22001,74200,4,'',1,9600,4,'',1,10500,4,'',1,9900,4,'',1,10000,4,'',1,10200,4,'',1,10100,4,'',1,9400,4,'',1,10200,4,'',1,10300,4,'',1,10000,4,'',1,9900,4,'',1,9900,4,'',1
'MCOB-DO:173:5:Saturday:4:23MAR:6',22001,71300,4,'',1,10200,4,'',1,10100,4,'',1,10000,4,'',1,10100,4,'',1,10100,4,'',1,9900,4,'',1,10000,4,'',1,10000,4,'',1,9900,4,'',1,10000,4,'',1,10000,4,'',1,9800,4,'',1,10000,4,'',1
'MCOB-DO:173:5:Saturday:5:23MAR:6',22001,71300,4,'',1,10200,4,'',1,10100,4,'',1,10000,4,'',1,10100,4,'',1,10100,4,'',1,9900,4,'',1,10000,4,'',1,10000,4,'',1,9900,4,'',1,10000,4,'',1,10000,4,'',1,9800,4,'',1,10000,4,'',1
'MCOB-DO:123:0:Weekday:4:23MAR:12345',23001,55900,,'',1,124900,,'',1
'MCOB-DO:123:0:Weekday:5:23MAR:12345',23001,55900,,'',1,124900,,'',1
'MCOB-DO:123:0:Weekday:6:23MAR:12345',23001,55900,,'',1,124900,,'',1
