'MCOB-DO:121:0:Weekday:1:23SEP:12345',27000,44100,,'',1,11000,0,'Everett',1,10000,0,'Everett',1
'MCOB-DO:121:0:Weekday:2:23SEP:12345',27000,44100,,'',1,11000,0,'Everett',1,10000,0,'Everett',1
'MCOB-DO:111:6:Sunday:1:23SEP:1234567',27100,65600,,'',1,10000,,'',1,10000,,'',1,10000,,'',1,10000,,'',1,10000,,'',1,10000,,'',1,10000,,'',1,10000,,'',1,10000,,'',1,10000,,'',1,10000,,'',1,10000,,'',1,10000,,'',1
'MCOB-DO:111:6:Sunday:1:23SEP:1234567',27101,92600,4,'',1,10000,4,'',1,10200,4,'',1,10100,4,'',1,10200,4,'',1,10000,4,'',1,10000,4,'',1,10000,4,'',1,9900,4,'',1,9900,4,'',1,9900,4,'',1,10000,4,'',1,10000,4,'',1
'MCOB-DO:111:6:Sunday:2:23SEP:1234567',27100,65600,,'',1,10000,,'',1,10000,,'',1,10000,,'',1,10000,,'',1,10000,,'',1,10000,,'',1,10000,,'',1,10000,,'',1,10000,,'',1,10000,,'',1,10000,,'',1,10000,,'',1,10000,,'',1
'MCOB-DO:111:6:Sunday:2:23SEP:1234567',27101,92600,4,'',1,10000,4,'',1,10200,4,'',1,10100,4,'',1,10200,4,'',1,10000,4,'',1,10000,4,'',1,10000,4,'',1,9900,4,'',1,9900,4,'',1,9900,4,'',1,10000,4,'',1,10000,4,'',1
'MCOB-DO:121:0:Weekday:1:23SEP:12345',27100,75100,,'',1,10500,,'',1,10000,,'',1,10000,,'',1,10000,,'',1,10000,,'',1,10000,,'',1,10000,,'',1,15000,,'',1,10000,,'',1,10000,,'',1,5000,,'',1,10000,,'',1,10000,,'',1
'MCOB-DO:121:0:Weekday:1:23SEP:12345',27101,72800,4,'',1,10000,4,'',1,10400,4,'',1,9600,4,'',1,10500,4,'',1,9900,4,'',1,10300,4,'',1,10000,4,'',1,11300,4,'',1,10000,4,'',1,9900,4,'',1,9000,4,'',1,9900,4,'',1,9600,4,'',1,16900,4,'',1
'MCOB-DO:121:0:Weekday:2:23SEP:12345',27100,75100,,'',1,10500,,'',1,10000,,'',1,10000,,'',1,10000,,'',1,10000,,'',1,10000,,'',1,10000,,'',1,15000,,'',1,10000,,'',1,10000,,'',1,5000,,'',1,10000,,'',1,10000,,'',1
'MCOB-DO:121:0:Weekday:2:23SEP:12345',27101,72800,4,'',1,10000,4,'',1,10400,4,'',1,9600,4,'',1,10500,4,'',1,9900,4,'',1,10300,4,'',1,10000,4,'',1,11300,4,'',1,10000,4,'',1,9900,4,'',1,9000,4,'',1,9900,4,'',1,9600,4,'',1,16900,4,'',1
'MCOB-DO:171:5:Saturday:1:23SEP:6',27100,65600,,'',1,10000,,'',1,10000,,'',1,10000,,'',1,10000,,'',1,10000,,'',1,10000,,'',1,10000,,'',1,10000,,'',1,10000,,'',1,10000,,'',1,10000,,'',1,10000,,'',1,10000,,'',1
'MCOB-DO:171:5:Saturday:1:23SEP:6',27101,82500,4,'',1,10200,4,'',1,10600,4,'',1,10500,4,'',1,10000,4,'',1,10000,4,'',1,10000,4,'',1,9900,4,'',1,9900,4,'',1,9900,4,'',1,9900,4,'',1,9600,4,'',1,10000,4,'',1,9900,4,'',1
'MCOB-DO:171:5:Saturday:2:23SEP:6',27100,65600,,'',1,10000,,'',1,10000,,'',1,10000,,'',1,10000,,'',1,10000,,'',1,10000,,'',1,10000,,'',1,10000,,'',1,10000,,'',1,10000,,'',1,10000,,'',1,10000,,'',1,10000,,'',1
'MCOB-DO:171:5:Saturday:2:23SEP:6',27101,82500,4,'',1,10200,4,'',1,10600,4,'',1,10500,4,'',1,10000,4,'',1,10000,4,'',1,10000,4,'',1,9900,4,'',1,9900,4,'',1,9900,4,'',1,9900,4,'',1,9600,4,'',1,10000,4,'',1,9900,4,'',1
