'MCOB-DO:123:0:Weekday:2:23MAR:12345',27000,54100,,'',1,10700,0,'Everett',1,10500,0,'Everett',1,89100,0,'Everett',1
'MCOB-DO:123:0:Weekday:3:23MAR:12345',27000,54100,,'',1,10700,0,'Everett',1,10500,0,'Everett',1,89100,0,'Everett',1
'MCOB-DO:123:0:Weekday:4:23MAR:12345',27000,54100,,'',1,10700,0,'Everett',1,10500,0,'Everett',1,89100,0,'Everett',1
'MCOB-DO:123:0:Weekday:5:23MAR:12345',27000,54100,,'',1,10700,0,'Everett',1,10500,0,'Everett',1,89100,0,'Everett',1
'MCOB-DO:113:6:Sunday:2:23MAR:1234567',27100,81200,,'',1,10200,,'',1,9500,,'',1,9800,,'',1,9900,,'',1,10000,,'',1,9800,,'',1,10600,,'',1,9900,,'',1,9900,,'',1,9900,,'',1,10000,,'',1,9800,,'',1,9900,,'',1
'MCOB-DO:113:6:Sunday:3:23MAR:1234567',27100,81200,,'',1,10200,,'',1,9500,,'',1,9800,,'',1,9900,,'',1,10000,,'',1,9800,,'',1,10600,,'',1,9900,,'',1,9900,,'',1,9900,,'',1,10000,,'',1,9800,,'',1,9900,,'',1
'MCOB-DO:113:6:Sunday:4:23MAR:1234567',27100,81200,,'',1,10200,,'',1,9500,,'',1,9800,,'',1,9900,,'',1,10000,,'',1,9800,,'',1,10600,,'',1,9900,,'',1,9900,,'',1,9900,,'',1,10000,,'',1,9800,,'',1,9900,,'',1
'MCOB-DO:123:0:Weekday:2:23MAR:12345',27100,61800,,'',1,10400,,'',1,10000,,'',1,9000,,'',1,1200,,'',1,8700,,'',1,10100,,'',1,10000,,'',1,10000,,'',1,10600,,'',1,10400,,'',1,10000,,'',1,10700,,'',1,9700,,'',1,9400,,'',1,8700,,'',1,9900,,'',1,9700,,'',1
'MCOB-DO:123:0:Weekday:3:23MAR:12345',27100,61800,,'',1,10400,,'',1,10000,,'',1,9000,,'',1,1200,,'',1,8700,,'',1,10100,,'',1,10000,,'',1,10000,,'',1,10600,,'',1,10400,,'',1,10000,,'',1,10700,,'',1,9700,,'',1,9400,,'',1,8700,,'',1,9900,,'',1,9700,,'',1
'MCOB-DO:123:0:Weekday:4:23MAR:12345',27100,61800,,'',1,10400,,'',1,10000,,'',1,9000,,'',1,1200,,'',1,8700,,'',1,10100,,'',1,10000,,'',1,10000,,'',1,10600,,'',1,10400,,'',1,10000,,'',1,10700,,'',1,9700,,'',1,9400,,'',1,8700,,'',1,9900,,'',1,9700,,'',1
'MCOB-DO:123:0:Weekday:5:23MAR:12345',27100,61800,,'',1,10400,,'',1,10000,,'',1,9000,,'',1,1200,,'',1,8700,,'',1,10100,,'',1,10000,,'',1,10000,,'',1,10600,,'',1,10400,,'',1,10000,,'',1,10700,,'',1,9700,,'',1,9400,,'',1,8700,,'',1,9900,,'',1,9700,,'',1
'MCOB-DO:173:5:Saturday:2:23MAR:6',27100,81900,,'',1,9800,,'',1,9700,,'',1,10100,,'',1,10300,,'',1,10200,,'',1,10100,,'',1,10000,,'',1,10000,,'',1,9700,,'',1,9900,,'',1,10200,,'',1,9900,,'',1,9900,,'',1
'MCOB-DO:173:5:Saturday:3:23MAR:6',27100,81900,,'',1,9800,,'',1,9700,,'',1,10100,,'',1,10300,,'',1,10200,,'',1,10100,,'',1,10000,,'',1,10000,,'',1,9700,,'',1,9900,,'',1,10200,,'',1,9900,,'',1,9900,,'',1
'MCOB-DO:173:5:Saturday:4:23MAR:6',27100,81900,,'',1,9800,,'',1,9700,,'',1,10100,,'',1,10300,,'',1,10200,,'',1,10100,,'',1,10000,,'',1,10000,,'',1,9700,,'',1,9900,,'',1,10200,,'',1,9900,,'',1,9900,,'',1
'MCOB-DO:173:5:Saturday:5:23MAR:6',27100,81900,,'',1,9800,,'',1,9700,,'',1,10100,,'',1,10300,,'',1,10200,,'',1,10100,,'',1,10000,,'',1,10000,,'',1,9700,,'',1,9900,,'',1,10200,,'',1,9900,,'',1,9900,,'',1
'MCOB-DO:113:6:Sunday:2:23MAR:1234567',28000,84700,0,'Everett',1,10000,0,'Everett',1,10000,0,'Everett',1,10200,0,'Everett',1,10000,0,'Everett',1,10000,0,'Everett',1,10000,0,'Everett',1,10000,0,'Everett',1,10000,0,'Everett',1,10000,0,'Everett',1,9900,0,'Everett',1,10000,0,'Everett',1,10000,0,'Everett',1
'MCOB-DO:113:6:Sunday:3:23MAR:1234567',28000,84700,0,'Everett',1,10000,0,'Everett',1,10000,0,'Everett',1,10200,0,'Everett',1,10000,0,'Everett',1,10000,0,'Everett',1,10000,0,'Everett',1,10000,0,'Everett',1,10000,0,'Everett',1,10000,0,'Everett',1,9900,0,'Everett',1,10000,0,'Everett',1,10000,0,'Everett',1
'MCOB-DO:113:6:Sunday:4:23MAR:1234567',28000,84700,0,'Everett',1,10000,0,'Everett',1,10000,0,'Everett',1,10200,0,'Everett',1,10000,0,'Everett',1,10000,0,'Everett',1,10000,0,'Everett',1,10000,0,'Everett',1,10000,0,'Everett',1,10000,0,'Everett',1,9900,0,'Everett',1,10000,0,'Everett',1,10000,0,'Everett',1
'MCOB-DO:123:0:Weekday:2:23MAR:12345',28000,54200,,'',1,10900,0,'Everett',1,15500,0,'Everett',1,5200,0,'Everett',1,10000,0,'Everett',1,10000,0,'Everett',1,10000,0,'Everett',1,10000,0,'Everett',1,14200,0,'Everett',1,10300,0,'Everett',1,10400,0,'Everett',1,10300,0,'Everett',1,10400,0,'Everett',1,10200,0,'Everett',1,10400,0,'Everett',1,10200,0,'Everett',1
'MCOB-DO:123:0:Weekday:3:23MAR:12345',28000,54200,,'',1,10900,0,'Everett',1,15500,0,'Everett',1,5200,0,'Everett',1,10000,0,'Everett',1,10000,0,'Everett',1,10000,0,'Everett',1,10000,0,'Everett',1,14200,0,'Everett',1,10300,0,'Everett',1,10400,0,'Everett',1,10300,0,'Everett',1,10400,0,'Everett',1,10200,0,'Everett',1,10400,0,'Everett',1,10200,0,'Everett',1
'MCOB-DO:123:0:Weekday:4:23MAR:12345',28000,54200,,'',1,10900,0,'Everett',1,15500,0,'Everett',1,5200,0,'Everett',1,10000,0,'Everett',1,10000,0,'Everett',1,10000,0,'Everett',1,10000,0,'Everett',1,14200,0,'Everett',1,10300,0,'Everett',1,10400,0,'Everett',1,10300,0,'Everett',1,10400,0,'Everett',1,10200,0,'Everett',1,10400,0,'Everett',1,10200,0,'Everett',1
'MCOB-DO:123:0:Weekday:5:23MAR:12345',28000,54200,,'',1,10900,0,'Everett',1,15500,0,'Everett',1,5200,0,'Everett',1,10000,0,'Everett',1,10000,0,'Everett',1,10000,0,'Everett',1,10000,0,'Everett',1,14200,0,'Everett',1,10300,0,'Everett',1,10400,0,'Everett',1,10300,0,'Everett',1,10400,0,'Everett',1,10200,0,'Everett',1,10400,0,'Everett',1,10200,0,'Everett',1
'MCOB-DO:173:5:Saturday:2:23MAR:6',28000,74600,0,'Everett',1,10100,0,'Everett',1,10300,0,'Everett',1,10100,0,'Everett',1,10100,0,'Everett',1,10000,0,'Everett',1,9900,0,'Everett',1,10000,0,'Everett',1,10000,0,'Everett',1,10000,0,'Everett',1,10200,0,'Everett',1,10000,0,'Everett',1,9700,0,'Everett',1,9700,0,'Everett',1
'MCOB-DO:173:5:Saturday:3:23MAR:6',28000,74600,0,'Everett',1,10100,0,'Everett',1,10300,0,'Everett',1,10100,0,'Everett',1,10100,0,'Everett',1,10000,0,'Everett',1,9900,0,'Everett',1,10000,0,'Everett',1,10000,0,'Everett',1,10000,0,'Everett',1,10200,0,'Everett',1,10000,0,'Everett',1,9700,0,'Everett',1,9700,0,'Everett',1
'MCOB-DO:173:5:Saturday:4:23MAR:6',28000,74600,0,'Everett',1,10100,0,'Everett',1,10300,0,'Everett',1,10100,0,'Everett',1,10100,0,'Everett',1,10000,0,'Everett',1,9900,0,'Everett',1,10000,0,'Everett',1,10000,0,'Everett',1,10000,0,'Everett',1,10200,0,'Everett',1,10000,0,'Everett',1,9700,0,'Everett',1,9700,0,'Everett',1
'MCOB-DO:173:5:Saturday:5:23MAR:6',28000,74600,0,'Everett',1,10100,0,'Everett',1,10300,0,'Everett',1,10100,0,'Everett',1,10100,0,'Everett',1,10000,0,'Everett',1,9900,0,'Everett',1,10000,0,'Everett',1,10000,0,'Everett',1,10000,0,'Everett',1,10200,0,'Everett',1,10000,0,'Everett',1,9700,0,'Everett',1,9700,0,'Everett',1
