'MCOB-DO:111:6:Sunday:1:23SEP:1234567',11600,93000,4,'',1,30100,4,'',1,20300,4,'',1,10000,4,'',1,10000,4,'',1,10100,4,'',1,19800,4,'',1
'MCOB-DO:111:6:Sunday:61:23SEP:1234567',11600,93000,4,'',1,30100,4,'',1,20300,4,'',1,10000,4,'',1,10000,4,'',1,10100,4,'',1,19800,4,'',1
'MCOB-DO:121:0:Weekday:1:23SEP:12345',11600,60600,4,'',1,24600,4,'',1,19700,4,'',1
'MCOB-DO:111:6:Sunday:1:23SEP:1234567',13000,72300,4,'',1,10100,4,'',1,20300,4,'',1,10200,4,'',1,20100,4,'',1,49900,4,'',1,19800,4,'',1
'MCOB-DO:111:6:Sunday:1:23SEP:1234567',13001,74700,,'',1,9800,,'',1,9800,,'',1,10000,,'',1,10300,,'',1,10000,,'',1,9900,,'',1,10000,,'',1,10000,,'',1,10000,,'',1,10300,,'',1,9500,,'',1,10200,,'',1,10000,,'',1
'MCOB-DO:111:6:Sunday:61:23SEP:1234567',13000,72300,4,'',1,10100,4,'',1,20300,4,'',1,10200,4,'',1,20100,4,'',1,49900,4,'',1,19800,4,'',1
'MCOB-DO:111:6:Sunday:61:23SEP:1234567',13001,74700,,'',1,9800,,'',1,9800,,'',1,10000,,'',1,10300,,'',1,10000,,'',1,9900,,'',1,10000,,'',1,10000,,'',1,10000,,'',1,10300,,'',1,9500,,'',1,10200,,'',1,10000,,'',1
'MCOB-DO:121:0:Weekday:1:23SEP:12345',13000,54400,4,'',1,9700,4,'',1,31100,4,'',1,20200,4,'',1,9900,4,'',1,10000,4,'',1,10100,4,'',1,10200,4,'',1,7000,4,'',1,3000,4,'',1,7000,4,'',1,2800,4,'',1,9600,4,'',1,9700,4,'',1
'MCOB-DO:121:0:Weekday:1:23SEP:12345',13001,52100,,'',1,9600,,'',1,3000,,'',1,6900,,'',1,2900,,'',1,7000,,'',1,10100,,'',1,10000,,'',1,9700,,'',1,9800,,'',1,10000,,'',1,9900,,'',1,2800,,'',1,7000,,'',1,3100,,'',1,7000,,'',1,3100,,'',1,7000,,'',1,3300,,'',1,7100,,'',1,10300,,'',1,10200,,'',1
'MCOB-DO:171:5:Saturday:1:23SEP:6',13000,62300,4,'',1,10000,4,'',1,10100,4,'',1,10400,4,'',1,10300,4,'',1,10200,4,'',1,10000,4,'',1,10100,4,'',1,10000,4,'',1,19900,4,'',1,10000,4,'',1,9700,4,'',1,9900,4,'',1,9700,4,'',1,9900,4,'',1
'MCOB-DO:171:5:Saturday:1:23SEP:6',13001,64800,,'',1,9800,,'',1,10000,,'',1,9700,,'',1,9800,,'',1,10300,,'',1,9800,,'',1,10000,,'',1,9900,,'',1,9900,,'',1,10200,,'',1,10200,,'',1,9700,,'',1,10200,,'',1,10200,,'',1,10000,,'',1
