'MCOB-DO:113:6:Sunday:3:23MAR:1234567',10900,84400,4,'',1,10100,4,'',1,10200,4,'',1,10100,4,'',1,10100,4,'',1,10000,4,'',1,10000,4,'',1,10000,4,'',1,10000,4,'',1,10000,4,'',1,9800,4,'',1,9700,4,'',1,10000,4,'',1
'MCOB-DO:113:6:Sunday:4:23MAR:1234567',10900,84400,4,'',1,10100,4,'',1,10200,4,'',1,10100,4,'',1,10100,4,'',1,10000,4,'',1,10000,4,'',1,10000,4,'',1,10000,4,'',1,10000,4,'',1,9800,4,'',1,9700,4,'',1,10000,4,'',1
'MCOB-DO:123:0:Weekday:4:23MAR:12345',10900,60800,4,'',1,10000,4,'',1,10100,4,'',1,10000,4,'',1,10000,4,'',1,10000,4,'',1,9900,4,'',1,10000,4,'',1,10000,4,'',1,10100,4,'',1,10000,4,'',1,10000,4,'',1,9900,4,'',1,10000,4,'',1,4500,4,'',1,10000,4,'',1,10000,4,'',1
'MCOB-DO:123:0:Weekday:5:23MAR:12345',10900,60800,4,'',1,10000,4,'',1,10100,4,'',1,10000,4,'',1,10000,4,'',1,10000,4,'',1,9900,4,'',1,10000,4,'',1,10000,4,'',1,10100,4,'',1,10000,4,'',1,10000,4,'',1,9900,4,'',1,10000,4,'',1,4500,4,'',1,10000,4,'',1,10000,4,'',1
'MCOB-DO:123:0:Weekday:6:23MAR:12345',10900,60800,4,'',1,10000,4,'',1,10100,4,'',1,10000,4,'',1,10000,4,'',1,10000,4,'',1,9900,4,'',1,10000,4,'',1,10000,4,'',1,10100,4,'',1,10000,4,'',1,10000,4,'',1,9900,4,'',1,10000,4,'',1,4500,4,'',1,10000,4,'',1,10000,4,'',1
'MCOB-DO:173:5:Saturday:4:23MAR:6',10900,74400,4,'',1,10200,4,'',1,10100,4,'',1,10200,4,'',1,10000,4,'',1,10200,4,'',1,10100,4,'',1,10000,4,'',1,10000,4,'',1,10000,4,'',1,10000,4,'',1,9700,4,'',1,9700,4,'',1,9900,4,'',1,9900,4,'',1
'MCOB-DO:173:5:Saturday:5:23MAR:6',10900,74400,4,'',1,10200,4,'',1,10100,4,'',1,10200,4,'',1,10000,4,'',1,10200,4,'',1,10100,4,'',1,10000,4,'',1,10000,4,'',1,10000,4,'',1,10000,4,'',1,9700,4,'',1,9700,4,'',1,9900,4,'',1,9900,4,'',1
'MCOB-DO:113:6:Sunday:3:23MAR:1234567',11201,73600,4,'',1,10200,4,'',1,10200,4,'',1,10200,4,'',1,10100,4,'',1,10100,4,'',1,10000,4,'',1,10100,4,'',1,9800,4,'',1,10100,4,'',1,10000,4,'',1,9700,4,'',1,9900,4,'',1,9800,4,'',1,9900,4,'',1
'MCOB-DO:113:6:Sunday:4:23MAR:1234567',11201,73600,4,'',1,10200,4,'',1,10200,4,'',1,10200,4,'',1,10100,4,'',1,10100,4,'',1,10000,4,'',1,10100,4,'',1,9800,4,'',1,10100,4,'',1,10000,4,'',1,9700,4,'',1,9900,4,'',1,9800,4,'',1,9900,4,'',1
'MCOB-DO:123:0:Weekday:4:23MAR:12345',11201,62400,4,'',1,10700,4,'',1,9500,4,'',1,9800,4,'',1,10000,4,'',1,10000,4,'',1,10200,4,'',1,10100,4,'',1,11100,4,'',1,9100,4,'',1,10100,4,'',1,10000,4,'',1,9800,4,'',1,9600,4,'',1,10000,4,'',1,9800,4,'',1,10000,4,'',1
'MCOB-DO:123:0:Weekday:5:23MAR:12345',11201,62400,4,'',1,10700,4,'',1,9500,4,'',1,9800,4,'',1,10000,4,'',1,10000,4,'',1,10200,4,'',1,10100,4,'',1,11100,4,'',1,9100,4,'',1,10100,4,'',1,10000,4,'',1,9800,4,'',1,9600,4,'',1,10000,4,'',1,9800,4,'',1,10000,4,'',1
'MCOB-DO:123:0:Weekday:6:23MAR:12345',11201,62400,4,'',1,10700,4,'',1,9500,4,'',1,9800,4,'',1,10000,4,'',1,10000,4,'',1,10200,4,'',1,10100,4,'',1,11100,4,'',1,9100,4,'',1,10100,4,'',1,10000,4,'',1,9800,4,'',1,9600,4,'',1,10000,4,'',1,9800,4,'',1,10000,4,'',1
'MCOB-DO:173:5:Saturday:4:23MAR:6',11201,73500,4,'',1,10000,4,'',1,10100,4,'',1,10200,4,'',1,10000,4,'',1,10200,4,'',1,10000,4,'',1,10000,4,'',1,10000,4,'',1,10000,4,'',1,10000,4,'',1,9900,4,'',1,9800,4,'',1,9900,4,'',1,10000,4,'',1
'MCOB-DO:173:5:Saturday:5:23MAR:6',11201,73500,4,'',1,10000,4,'',1,10100,4,'',1,10200,4,'',1,10000,4,'',1,10200,4,'',1,10000,4,'',1,10000,4,'',1,10000,4,'',1,10000,4,'',1,10000,4,'',1,9900,4,'',1,9800,4,'',1,9900,4,'',1,10000,4,'',1
'MCOB-DO:113:6:Sunday:3:23MAR:1234567',11901,90400,4,'',1,10200,4,'',1,10200,4,'',1,10000,4,'',1,10200,4,'',1,9900,4,'',1,10000,4,'',1,9900,4,'',1,10000,4,'',1,9900,4,'',1,10000,4,'',1,9800,4,'',1,10000,4,'',1
'MCOB-DO:113:6:Sunday:4:23MAR:1234567',11901,90400,4,'',1,10200,4,'',1,10200,4,'',1,10000,4,'',1,10200,4,'',1,9900,4,'',1,10000,4,'',1,9900,4,'',1,10000,4,'',1,9900,4,'',1,10000,4,'',1,9800,4,'',1,10000,4,'',1
'MCOB-DO:123:0:Weekday:4:23MAR:12345',11901,71200,4,'',1,10300,4,'',1,10100,4,'',1,9800,4,'',1,10000,4,'',1,10100,4,'',1,10000,4,'',1,10800,4,'',1,9600,4,'',1,10100,4,'',1,10200,4,'',1,9500,4,'',1,9900,4,'',1,9700,4,'',1,9800,4,'',1,9700,4,'',1
'MCOB-DO:123:0:Weekday:5:23MAR:12345',11901,71200,4,'',1,10300,4,'',1,10100,4,'',1,9800,4,'',1,10000,4,'',1,10100,4,'',1,10000,4,'',1,10800,4,'',1,9600,4,'',1,10100,4,'',1,10200,4,'',1,9500,4,'',1,9900,4,'',1,9700,4,'',1,9800,4,'',1,9700,4,'',1
'MCOB-DO:123:0:Weekday:6:23MAR:12345',11901,71200,4,'',1,10300,4,'',1,10100,4,'',1,9800,4,'',1,10000,4,'',1,10100,4,'',1,10000,4,'',1,10800,4,'',1,9600,4,'',1,10100,4,'',1,10200,4,'',1,9500,4,'',1,9900,4,'',1,9700,4,'',1,9800,4,'',1,9700,4,'',1
'MCOB-DO:173:5:Saturday:4:23MAR:6',11901,64800,4,'',1,10100,4,'',1,10000,4,'',1,10300,4,'',1,10000,4,'',1,10200,4,'',1,9500,4,'',1,10000,4,'',1,10000,4,'',1,10000,4,'',1,10000,4,'',1,10000,4,'',1,10300,4,'',1,10000,4,'',1,10000,4,'',1,10000,4,'',1
'MCOB-DO:173:5:Saturday:5:23MAR:6',11901,64800,4,'',1,10100,4,'',1,10000,4,'',1,10300,4,'',1,10000,4,'',1,10200,4,'',1,9500,4,'',1,10000,4,'',1,10000,4,'',1,10000,4,'',1,10000,4,'',1,10000,4,'',1,10300,4,'',1,10000,4,'',1,10000,4,'',1,10000,4,'',1
'MCOB-DO:113:6:Sunday:3:23MAR:1234567',19601,81500,4,'',1,9600,4,'',1,9900,4,'',1,10600,4,'',1,9500,4,'',1,10200,4,'',1,9400,4,'',1,9400,4,'',1,10300,4,'',1,10100,4,'',1,9900,4,'',1,10800,4,'',1,10300,4,'',1,9900,4,'',1
'MCOB-DO:113:6:Sunday:4:23MAR:1234567',19601,81500,4,'',1,9600,4,'',1,9900,4,'',1,10600,4,'',1,9500,4,'',1,10200,4,'',1,9400,4,'',1,9400,4,'',1,10300,4,'',1,10100,4,'',1,9900,4,'',1,10800,4,'',1,10300,4,'',1,9900,4,'',1
'MCOB-DO:123:0:Weekday:4:23MAR:12345',19601,71100,4,'',1,10100,4,'',1,10000,4,'',1,10000,4,'',1,10000,4,'',1,10200,4,'',1,10100,4,'',1,10100,4,'',1,10300,4,'',1,10000,4,'',1,10200,4,'',1,9700,4,'',1,9600,4,'',1,9800,4,'',1,9800,4,'',1,10000,4,'',1
'MCOB-DO:123:0:Weekday:5:23MAR:12345',19601,71100,4,'',1,10100,4,'',1,10000,4,'',1,10000,4,'',1,10000,4,'',1,10200,4,'',1,10100,4,'',1,10100,4,'',1,10300,4,'',1,10000,4,'',1,10200,4,'',1,9700,4,'',1,9600,4,'',1,9800,4,'',1,9800,4,'',1,10000,4,'',1
'MCOB-DO:123:0:Weekday:6:23MAR:12345',19601,71100,4,'',1,10100,4,'',1,10000,4,'',1,10000,4,'',1,10000,4,'',1,10200,4,'',1,10100,4,'',1,10100,4,'',1,10300,4,'',1,10000,4,'',1,10200,4,'',1,9700,4,'',1,9600,4,'',1,9800,4,'',1,9800,4,'',1,10000,4,'',1
'MCOB-DO:173:5:Saturday:4:23MAR:6',19601,71400,4,'',1,10100,4,'',1,9700,4,'',1,9700,4,'',1,10800,4,'',1,9600,4,'',1,10300,4,'',1,9600,4,'',1,9400,4,'',1,10400,4,'',1,9700,4,'',1,9900,4,'',1,10500,4,'',1,10400,4,'',1,11000,4,'',1,9900,4,'',1
'MCOB-DO:173:5:Saturday:5:23MAR:6',19601,71400,4,'',1,10100,4,'',1,9700,4,'',1,9700,4,'',1,10800,4,'',1,9600,4,'',1,10300,4,'',1,9600,4,'',1,9400,4,'',1,10400,4,'',1,9700,4,'',1,9900,4,'',1,10500,4,'',1,10400,4,'',1,11000,4,'',1,9900,4,'',1
