10100,2105,1,0
10100,1553,2,0
10100,1554,3,0
10100,808,4,0
10100,807,5,0
10100,1513,6,0
10100,1518,7,0
10100,1514,8,0
10100,1519,9,0
10100,1497,10,0
10100,1493,11,0
10100,1498,12,0
10100,1512,13,0
10100,1499,14,0
10100,1500,15,0
10100,1501,16,0
10100,1521,17,0
10100,1502,18,0
10100,1495,19,0
10100,1503,20,0
10100,1504,21,0
10100,1505,22,0
10100,1506,23,0
10100,1507,24,0
10100,1508,25,0
10100,1509,26,0
10100,1510,27,0
10100,1511,28,0
10100,1517,29,0
10100,2089,30,0
10100,2877,31,1
10101,2876,1,0
10101,2405,2,0
10101,1017,3,0
10101,1023,4,0
10101,1016,5,0
10101,1015,6,0
10101,1014,7,0
10101,1022,8,0
10101,2237,9,0
10101,1013,10,0
10101,1012,11,0
10101,1011,12,0
10101,1010,13,0
10101,1009,14,0
10101,1008,15,0
10101,1007,16,0
10101,997,17,0
10101,1006,18,0
10101,1018,19,0
10101,1005,20,0
10101,1004,21,0
10101,1003,22,0
10101,1002,23,0
10101,1001,24,0
10101,998,25,0
10101,1000,26,0
10101,1020,27,0
10101,1021,28,0
10101,1024,29,0
10101,1301,30,0
10101,1299,31,0
10101,168,32,0
10101,167,33,0
10101,2106,34,1
10500,3136,1,0
10500,3146,2,0
10500,3141,3,0
10500,3143,4,0
10500,3148,5,0
10500,2484,6,0
10500,2913,7,0
10500,2668,8,0
10500,1295,9,0
10500,1296,10,0
10500,1300,11,0
10500,1297,12,0
10500,1301,13,0
10500,1299,14,0
10500,168,15,0
10500,167,16,0
10500,2103,17,0
10500,165,18,0
10500,169,19,0
10500,1473,20,0
10500,2650,21,0
10500,2651,22,0
10500,2652,23,0
10500,2653,24,0
10500,1474,25,0
10500,1486,26,0
10500,1483,27,0
10500,2863,28,0
10500,1476,29,0
10500,1477,30,0
10500,1478,31,0
10500,1479,32,0
10500,3063,33,0
10500,2207,34,0
10500,2134,35,0
10500,1481,36,0
10500,1482,37,0
10500,2958,38,0
10500,1475,39,0
10500,3162,40,0
10500,2744,41,0
10500,2219,42,0
10500,2220,43,0
10500,372,44,0
10500,375,45,0
10500,2229,46,1
10501,2229,1,0
10501,1744,2,0
10501,2903,3,0
10501,2904,4,0
10501,2745,5,0
10501,980,6,0
10501,2746,7,0
10501,991,8,0
10501,992,9,0
10501,989,10,0
10501,2134,11,0
10501,986,12,0
10501,985,13,0
10501,984,14,0
10501,990,15,0
10501,983,16,0
10501,982,17,0
10501,981,18,0
10501,979,19,0
10501,977,20,0
10501,988,21,0
10501,987,22,0
10501,2085,23,0
10501,2648,24,0
10501,2647,25,0
10501,2646,26,0
10501,2645,27,0
10501,2137,28,0
10501,1552,29,0
10501,2106,30,0
10501,2105,31,0
10501,1553,32,0
10501,1554,33,0
10501,808,34,0
10501,807,35,0
10501,810,36,0
10501,806,37,0
10501,809,38,0
10501,805,39,0
10501,811,40,0
10501,3161,41,0
10501,3145,42,0
10501,3138,43,0
10501,3139,44,0
10501,3147,45,0
10501,3135,46,1
10600,2103,1,0
10600,165,2,0
10600,169,3,0
10600,1473,4,0
10600,2650,5,0
10600,2942,6,0
10600,2943,7,0
10600,2944,8,0
10600,2945,9,0
10600,1542,10,0
10600,1538,11,0
10600,1537,12,0
10600,1541,13,0
10600,2564,14,0
10600,2562,15,0
10600,3058,16,0
10600,1099,17,0
10600,1100,18,0
10600,1589,19,0
10600,1584,20,0
10600,1590,21,0
10600,1085,22,0
10600,1087,23,0
10600,1330,24,0
10600,1329,25,0
10600,1600,26,0
10600,2863,27,0
10600,1476,28,0
10600,1477,29,0
10600,1478,30,0
10600,1479,31,0
10600,3063,32,0
10600,2207,33,0
10600,2134,34,0
10600,308,35,0
10600,303,36,0
10600,2221,37,0
10600,2212,38,0
10600,2214,39,0
10600,470,40,0
10600,1110,41,0
10600,2215,42,0
10600,2476,43,0
10600,2234,44,0
10600,2325,45,0
10600,2229,46,1
10601,2229,1,0
10601,815,2,0
10601,2233,3,0
10601,2475,4,0
10601,2216,5,0
10601,624,6,0
10601,1834,7,0
10601,1836,8,0
10601,2213,9,0
10601,2222,10,0
10601,1680,11,0
10601,2134,12,0
10601,986,13,0
10601,985,14,0
10601,984,15,0
10601,990,16,0
10601,983,17,0
10601,982,18,0
10601,981,19,0
10601,979,20,0
10601,215,21,0
10601,838,22,0
10601,839,23,0
10601,837,24,0
10601,597,25,0
10601,198,26,0
10601,199,27,0
10601,200,28,0
10601,203,29,0
10601,615,30,0
10601,612,31,0
10601,3059,32,0
10601,2563,33,0
10601,2565,34,0
10601,1044,35,0
10601,1045,36,0
10601,1039,37,0
10601,1040,38,0
10601,2940,39,0
10601,2941,40,0
10601,2646,41,0
10601,2645,42,0
10601,2137,43,0
10601,1552,44,0
10601,2106,45,1
10700,3185,1,0
10700,2486,2,0
10700,1457,3,0
10700,1458,4,0
10700,1459,5,0
10700,1466,6,0
10700,1461,7,0
10700,1464,8,0
10700,1462,9,0
10700,1460,10,0
10700,1467,11,0
10700,2433,12,0
10700,1303,13,0
10700,1305,14,0
10700,1742,15,0
10700,1743,16,0
10700,1635,17,0
10700,1643,18,0
10700,2035,19,1
10701,2111,1,0
10701,250,2,0
10701,262,3,0
10701,371,4,0
10701,370,5,0
10701,814,6,0
10701,2431,7,0
10701,2432,8,0
10701,970,9,0
10701,966,10,0
10701,969,11,0
10701,974,12,0
10701,975,13,0
10701,965,14,0
10701,3198,15,0
10701,2485,16,0
10701,3199,17,1
10900,2666,1,0
10900,2669,2,0
10900,2670,3,0
10900,3176,4,0
10900,3177,5,0
10900,3178,6,0
10900,3192,7,0
10900,1728,8,0
10900,2987,9,0
10900,3126,10,0
10900,3123,11,0
10900,2607,12,0
10900,3128,13,0
10900,1353,14,0
10900,1351,15,0
10900,1350,16,0
10900,1352,17,0
10900,3196,18,0
10900,3195,19,0
10900,1565,20,0
10900,1562,21,0
10900,1560,22,0
10900,3130,23,0
10900,1559,24,0
10900,1558,25,0
10900,1557,26,0
10900,1564,27,0
10900,2137,28,0
10900,1552,29,0
10900,2106,30,0
10900,2457,31,0
10900,2997,32,0
10900,2998,33,0
10900,2999,34,0
10900,3000,35,0
10900,2981,36,1
10901,2162,1,0
10901,3062,2,0
10901,2993,3,0
10901,2994,4,0
10901,2995,5,0
10901,3004,6,0
10901,2456,7,0
10901,2104,8,0
10901,165,9,0
10901,169,10,0
10901,3159,11,0
10901,3016,12,0
10901,171,13,0
10901,172,14,0
10901,173,15,0
10901,3129,16,0
10901,174,17,0
10901,175,18,0
10901,32,19,0
10901,3193,20,0
10901,3194,21,0
10901,3125,22,0
10901,858,23,0
10901,859,24,0
10901,860,25,0
10901,857,26,0
10901,3127,27,0
10901,2606,28,0
10901,3124,29,0
10901,2988,30,0
10901,2989,31,0
10901,353,32,0
10901,2226,33,0
10901,3172,34,0
10901,3173,35,0
10901,3174,36,0
10901,3175,37,0
10901,2671,38,0
10901,3108,39,0
10901,2982,40,1
11100,2188,1,0
11100,1316,2,0
11100,2775,3,0
11100,2776,4,0
11100,603,5,0
11100,604,6,0
11100,1687,7,0
11100,1681,8,0
11100,1685,9,0
11100,1682,10,0
11100,1683,11,0
11100,2774,12,0
11100,1160,13,0
11100,1161,14,0
11100,1695,15,0
11100,1696,16,0
11100,1697,17,0
11100,1698,18,0
11100,1699,19,0
11100,3268,20,1
11101,3269,1,0
11101,322,2,0
11101,321,3,0
11101,320,4,0
11101,319,5,0
11101,324,6,0
11101,675,7,0
11101,2771,8,0
11101,2763,9,0
11101,312,10,0
11101,310,11,0
11101,309,12,0
11101,305,13,0
11101,304,14,0
11101,2188,15,0
11101,1316,16,0
11101,2775,17,0
11101,2776,18,0
11101,603,19,0
11101,604,20,0
11101,1687,21,1
11200,2162,1,0
11200,1577,2,0
11200,1575,3,0
11200,1573,4,0
11200,2873,5,0
11200,1582,6,0
11200,1127,7,0
11200,1140,8,0
11200,1141,9,0
11200,1128,10,0
11200,1129,11,0
11200,1130,12,0
11200,1131,13,0
11200,1146,14,0
11200,1143,15,0
11200,1142,16,0
11200,1613,17,0
11200,1614,18,0
11200,1155,19,0
11200,1156,20,0
11200,2108,21,0
11200,1126,22,0
11200,1133,23,0
11200,1144,24,0
11200,1134,25,0
11200,1135,26,0
11200,1136,27,0
11200,1145,28,0
11200,1137,29,0
11200,1138,30,0
11200,1332,31,0
11200,1701,32,0
11200,1695,33,0
11200,1696,34,0
11200,1697,35,0
11200,1698,36,0
11200,1699,37,0
11200,3268,38,1
11201,3269,1,0
11201,322,2,0
11201,321,3,0
11201,320,4,0
11201,319,5,0
11201,324,6,0
11201,318,7,0
11201,842,8,0
11201,844,9,0
11201,661,10,0
11201,655,11,0
11201,654,12,0
11201,660,13,0
11201,659,14,0
11201,653,15,0
11201,652,16,0
11201,651,17,0
11201,662,18,0
11201,2111,19,0
11201,2171,20,0
11201,226,21,0
11201,227,22,0
11201,650,23,0
11201,649,24,0
11201,648,25,0
11201,656,26,0
11201,647,27,0
11201,658,28,0
11201,646,29,0
11201,645,30,0
11201,657,31,0
11201,195,32,0
11201,2872,33,0
11201,197,34,0
11201,189,35,0
11201,2169,36,0
11201,2981,37,1
11300,3264,1,0
11300,3275,2,0
11300,1455,3,0
11300,3281,4,0
11300,1472,5,0
11300,1470,6,0
11300,1468,7,0
11300,1469,8,0
11300,1456,9,0
11300,1457,10,0
11300,1458,11,0
11300,1459,12,0
11300,1393,13,0
11300,1150,14,0
11300,2424,15,0
11300,1148,16,0
11300,1149,17,0
11300,1770,18,0
11300,846,19,0
11300,1389,20,0
11300,1391,21,0
11300,1392,22,0
11300,1390,23,0
11300,432,24,0
11300,433,25,0
11300,435,26,0
11300,1462,27,0
11300,1310,28,0
11300,1313,29,0
11300,1309,30,0
11300,1312,31,0
11300,1307,32,0
11300,2871,33,0
11300,1308,34,0
11300,180,35,0
11300,179,36,0
11300,2641,37,0
11300,181,38,0
11300,1097,39,0
11300,1098,40,0
11300,1101,41,0
11300,1102,42,0
11300,1103,43,0
11300,1104,44,0
11300,1107,45,0
11300,2737,46,0
11300,2678,47,0
11300,2679,48,0
11300,1743,49,0
11300,1635,50,0
11300,1643,51,0
11300,2035,52,1
11301,2119,1,0
11301,250,2,0
11301,262,3,0
11301,2676,4,0
11301,2677,5,0
11301,610,6,0
11301,1601,7,0
11301,619,8,0
11301,2617,9,0
11301,623,10,0
11301,617,11,0
11301,616,12,0
11301,613,13,0
11301,611,14,0
11301,614,15,0
11301,1568,16,0
11301,2642,17,0
11301,1566,18,0
11301,1567,19,0
11301,2483,20,0
11301,819,21,0
11301,823,22,0
11301,820,23,0
11301,824,24,0
11301,818,25,0
11301,817,26,0
11301,821,27,0
11301,966,28,0
11301,1802,29,0
11301,1801,30,0
11301,1803,31,0
11301,895,32,0
11301,897,33,0
11301,896,34,0
11301,898,35,0
11301,401,36,0
11301,402,37,0
11301,665,38,0
11301,667,39,0
11301,1551,40,0
11301,2423,41,0
11301,666,42,0
11301,894,43,0
11301,975,44,0
11301,965,45,0
11301,964,46,0
11301,963,47,0
11301,973,48,0
11301,967,49,0
11301,972,50,0
11301,968,51,0
11301,3280,52,0
11301,3274,53,0
11301,3264,54,1
11500,2091,1,0
11500,1473,2,0
11500,2650,3,0
11500,2651,4,0
11500,2652,5,0
11500,2653,6,0
11500,1580,7,0
11500,1576,8,0
11500,1578,9,0
11500,1574,10,0
11500,1579,11,0
11500,142,12,0
11500,1581,13,0
11500,2169,14,0
11500,2162,15,0
11500,1577,16,0
11500,2459,17,0
11500,2433,18,0
11500,1303,19,0
11500,1305,20,0
11500,1742,21,0
11500,1743,22,0
11500,1635,23,0
11500,1643,24,0
11500,2110,25,0
11500,1637,26,0
11500,1638,27,0
11500,1639,28,0
11500,1640,29,0
11500,1642,30,0
11500,1641,31,0
11500,3315,32,0
11500,1240,33,0
11500,1656,34,0
11500,2756,35,0
11500,1663,36,0
11500,2284,37,0
11500,1662,38,0
11500,1664,39,0
11500,1276,40,0
11500,1271,41,0
11500,1272,42,0
11500,1273,43,0
11500,1278,44,0
11500,1274,45,0
11500,1275,46,0
11500,1277,47,0
11500,1279,48,0
11500,1280,49,0
11500,328,50,0
11500,2089,51,0
11500,2877,52,1
11501,2875,1,0
11501,2405,2,0
11501,1017,3,0
11501,1704,4,0
11501,787,5,0
11501,789,6,0
11501,786,7,0
11501,785,8,0
11501,784,9,0
11501,783,10,0
11501,782,11,0
11501,781,12,0
11501,780,13,0
11501,284,14,0
11501,283,15,0
11501,286,16,0
11501,2662,17,0
11501,2755,18,0
11501,277,19,0
11501,755,20,0
11501,3316,21,0
11501,255,22,0
11501,253,23,0
11501,260,24,0
11501,259,25,0
11501,252,26,0
11501,251,27,0
11501,257,28,0
11501,2168,29,0
11501,250,30,0
11501,262,31,0
11501,371,32,0
11501,370,33,0
11501,814,34,0
11501,2431,35,0
11501,2432,36,0
11501,2458,37,0
11501,189,38,0
11501,2169,39,0
11501,2162,40,0
11501,187,41,0
11501,193,42,0
11501,191,43,0
11501,194,44,0
11501,143,45,0
11501,190,46,0
11501,987,47,0
11501,2085,48,0
11501,2648,49,0
11501,2647,50,0
11501,2646,51,0
11501,2645,52,0
11501,2137,53,0
11501,2039,54,1
11600,2621,1,0
11600,942,2,0
11600,151,3,0
11600,153,4,0
11600,154,5,0
11600,155,6,0
11600,156,7,0
11600,157,8,0
11600,2558,9,0
11600,2559,10,0
11600,2726,11,0
11600,1842,12,0
11600,2937,13,0
11600,1843,14,0
11600,2969,15,0
11600,1844,16,0
11600,1832,17,0
11600,2967,18,0
11600,1580,19,0
11600,1576,20,0
11600,1578,21,0
11600,1574,22,0
11600,1579,23,0
11600,142,24,0
11600,1581,25,0
11600,2169,26,0
11600,2162,27,0
11600,1577,28,0
11600,2459,29,0
11600,2433,30,0
11600,1303,31,0
11600,1305,32,0
11600,1742,33,0
11600,1743,34,0
11600,1635,35,0
11600,1643,36,0
11600,2110,37,0
11600,1637,38,0
11600,1638,39,0
11600,1639,40,0
11600,1640,41,0
11600,1642,42,0
11600,1641,43,0
11600,3315,44,0
11600,1240,45,0
11600,1656,46,0
11600,2756,47,0
11600,1663,48,0
11600,2284,49,0
11600,1662,50,0
11600,1664,51,0
11600,1821,52,0
11600,1822,53,0
11600,1827,54,0
11600,1819,55,0
11600,1828,56,0
11600,1823,57,0
11600,1776,58,0
11600,1773,59,0
11600,1775,60,0
11600,1774,61,0
11600,1778,62,0
11600,2915,63,1
11601,2916,1,0
11601,2727,2,0
11601,406,3,0
11601,733,4,0
11601,457,5,0
11601,459,6,0
11601,460,7,0
11601,467,8,0
11601,466,9,0
11601,461,10,0
11601,468,11,0
11601,284,12,0
11601,283,13,0
11601,286,14,0
11601,2662,15,0
11601,2755,16,0
11601,277,17,0
11601,755,18,0
11601,3316,19,0
11601,255,20,0
11601,253,21,0
11601,260,22,0
11601,259,23,0
11601,252,24,0
11601,251,25,0
11601,257,26,0
11601,2168,27,0
11601,250,28,0
11601,262,29,0
11601,371,30,0
11601,370,31,0
11601,814,32,0
11601,2431,33,0
11601,2432,34,0
11601,2458,35,0
11601,189,36,0
11601,2169,37,0
11601,2162,38,0
11601,187,39,0
11601,193,40,0
11601,191,41,0
11601,194,42,0
11601,143,43,0
11601,190,44,0
11601,192,45,0
11601,2568,46,0
11601,2966,47,0
11601,480,48,0
11601,479,49,0
11601,2968,50,0
11601,482,51,0
11601,2938,52,0
11601,481,53,0
11601,2725,54,0
11601,2560,55,0
11601,2557,56,0
11601,145,57,0
11601,146,58,0
11601,147,59,0
11601,148,60,0
11601,149,61,0
11601,150,62,0
11601,2621,63,1
11900,2162,1,0
11900,2454,2,0
11900,2450,3,0
11900,2449,4,0
11900,3220,5,0
11900,2447,6,0
11900,2445,7,0
11900,2443,8,0
11900,1568,9,0
11900,2642,10,0
11900,1566,11,0
11900,1567,12,0
11900,1185,13,0
11900,1186,14,0
11900,1187,15,0
11900,1188,16,0
11900,1197,17,0
11900,1586,18,0
11900,1587,19,0
11900,1430,20,0
11900,1427,21,0
11900,2930,22,0
11900,2929,23,0
11900,2928,24,0
11900,2931,25,0
11900,2932,26,0
11900,3061,27,0
11900,1251,28,0
11900,1252,29,0
11900,1253,30,0
11900,1254,31,0
11900,1263,32,0
11900,1255,33,0
11900,1264,34,0
11900,1256,35,0
11900,291,36,0
11900,298,37,0
11900,1222,38,0
11900,1223,39,0
11900,1224,40,0
11900,1225,41,0
11900,306,42,0
11900,313,43,0
11900,1207,44,0
11900,1203,45,0
11900,1699,46,0
11900,3268,47,1
11901,3269,1,0
11901,322,2,0
11901,726,3,0
11901,720,4,0
11901,1689,5,0
11901,741,6,0
11901,742,7,0
11901,740,8,0
11901,739,9,0
11901,1667,10,0
11901,1675,11,0
11901,769,12,0
11901,764,13,0
11901,768,14,0
11901,774,15,0
11901,767,16,0
11901,773,17,0
11901,766,18,0
11901,2933,19,0
11901,2934,20,0
11901,2935,21,0
11901,2927,22,0
11901,2926,23,0
11901,2925,24,0
11901,940,25,0
11901,934,26,0
11901,204,27,0
11901,202,28,0
11901,705,29,0
11901,704,30,0
11901,703,31,0
11901,2733,32,0
11901,701,33,0
11901,180,34,0
11901,179,35,0
11901,2641,36,0
11901,181,37,0
11901,2442,38,0
11901,2697,39,0
11901,2444,40,0
11901,2446,41,0
11901,2610,42,0
11901,2448,43,0
11901,2451,44,0
11901,2453,45,0
11901,2455,46,0
11901,2981,47,1
12000,2135,1,0
12000,288,2,0
12000,3164,3,0
12000,3165,4,0
12000,3166,5,0
12000,3167,6,0
12000,2211,7,0
12000,2222,8,0
12000,1680,9,0
12000,2749,10,0
12000,2751,11,0
12000,2757,12,0
12000,2406,13,0
12000,2407,14,0
12000,2408,15,0
12000,2409,16,0
12000,638,17,0
12000,630,18,0
12000,629,19,0
12000,899,20,0
12000,1815,21,0
12000,855,22,0
12000,856,23,0
12000,1649,24,0
12000,1646,25,0
12000,1648,26,0
12000,1650,27,0
12000,2970,28,0
12000,2109,29,0
12000,1637,30,0
12000,1638,31,0
12000,1639,32,0
12000,1640,33,0
12000,1642,34,0
12000,1641,35,0
12000,3315,36,1
12001,3316,1,0
12001,255,2,0
12001,253,3,0
12001,260,4,0
12001,259,5,0
12001,252,6,0
12001,251,7,0
12001,257,8,0
12001,2167,9,0
12001,269,10,0
12001,268,11,0
12001,264,12,0
12001,263,13,0
12001,1348,14,0
12001,1347,15,0
12001,436,16,0
12001,453,17,0
12001,1394,18,0
12001,1120,19,0
12001,1114,20,0
12001,1115,21,0
12001,1116,22,0
12001,2410,23,0
12001,2411,24,0
12001,2759,25,0
12001,2758,26,0
12001,2752,27,0
12001,2750,28,0
12001,308,29,0
12001,303,30,0
12001,2221,31,0
12001,2228,32,0
12001,3168,33,0
12001,3169,34,0
12001,3170,35,0
12001,3171,36,0
12001,2207,37,0
12001,2135,38,1
13000,2177,1,0
13000,1637,2,0
13000,1191,3,0
13000,1196,4,0
13000,1192,5,0
13000,1193,6,0
13000,1666,7,0
13000,2922,8,0
13000,1206,9,0
13000,1202,10,0
13000,1209,11,0
13000,1207,12,0
13000,1203,13,0
13000,1699,14,0
13000,2644,15,0
13000,1694,16,0
13000,906,17,0
13000,907,18,0
13000,1684,19,0
13000,1686,20,0
13000,1257,21,0
13000,1258,22,0
13000,1259,23,0
13000,1260,24,0
13000,1261,25,0
13000,39,26,0
13000,40,27,0
13000,41,28,0
13000,2875,29,0
13000,2405,30,0
13000,1710,31,0
13000,1708,32,0
13000,1709,33,0
13000,1707,34,0
13000,881,35,0
13000,880,36,0
13000,575,37,0
13000,576,38,0
13000,1849,39,0
13000,1848,40,0
13000,681,41,0
13000,683,42,0
13000,682,43,0
13000,1774,44,0
13000,1778,45,0
13000,2915,46,1
13001,1436,1,0
13001,1435,2,0
13001,408,3,0
13001,2727,4,0
13001,1166,5,0
13001,1167,6,0
13001,1168,7,0
13001,1170,8,0
13001,488,9,0
13001,1056,10,0
13001,1054,11,0
13001,1058,12,0
13001,1380,13,0
13001,1379,14,0
13001,273,15,0
13001,271,16,0
13001,270,17,0
13001,274,18,0
13001,2089,19,0
13001,2875,20,0
13001,37,21,0
13001,3160,22,0
13001,772,23,0
13001,2618,24,0
13001,771,25,0
13001,775,26,0
13001,770,27,0
13001,307,28,0
13001,311,29,0
13001,82,30,0
13001,1401,31,0
13001,325,32,0
13001,322,33,0
13001,726,34,0
13001,720,35,0
13001,719,36,0
13001,718,37,0
13001,725,38,0
13001,2921,39,0
13001,289,40,0
13001,714,41,0
13001,711,42,0
13001,710,43,0
13001,709,44,0
13001,83,45,0
13001,257,46,0
13001,2035,47,1
19600,2162,1,0
19600,1577,2,0
19600,2459,3,0
19600,2433,4,0
19600,1303,5,0
19600,1305,6,0
19600,2427,7,0
19600,2426,8,0
19600,2429,9,0
19600,2713,10,0
19600,3309,11,0
19600,2109,12,0
19600,2171,13,0
19600,2975,14,0
19600,1616,15,0
19600,1623,16,0
19600,1617,17,0
19600,1618,18,0
19600,1625,19,0
19600,1619,20,0
19600,1620,21,0
19600,1621,22,0
19600,1622,23,0
19600,1840,24,0
19600,1286,25,0
19600,1769,26,0
19600,1768,27,0
19600,1096,28,0
19600,1095,29,0
19600,1093,30,0
19600,1094,31,0
19600,1778,32,0
19600,2915,33,1
19601,2918,1,0
19601,2727,2,0
19601,609,3,0
19601,606,4,0
19601,608,5,0
19601,605,6,0
19601,607,7,0
19601,399,8,0
19601,400,9,0
19601,794,10,0
19601,478,11,0
19601,238,12,0
19601,234,13,0
19601,233,14,0
19601,232,15,0
19601,235,16,0
19601,231,17,0
19601,230,18,0
19601,237,19,0
19601,239,20,0
19601,236,21,0
19601,3197,22,0
19601,1156,23,0
19601,2108,24,0
19601,250,25,0
19601,2428,26,0
19601,2425,27,0
19601,2430,28,0
19601,814,29,0
19601,2431,30,0
19601,2432,31,0
19601,2458,32,0
19601,189,33,0
19601,2169,34,0
19601,2981,35,1
20100,1847,1,0
20100,1448,2,0
20100,2090,3,0
20100,1450,4,0
20100,1447,5,0
20100,2762,6,0
20100,2891,7,0
20100,2890,8,0
20100,2477,9,0
20100,2729,10,0
20100,2474,11,0
20100,2480,12,0
20100,1522,13,0
20100,23,14,0
20100,1527,15,0
20100,1529,16,0
20100,1526,17,0
20100,1531,18,0
20100,1528,19,0
20100,1530,20,0
20100,1525,21,0
20100,1524,22,0
20100,1523,23,0
20100,1328,24,0
20100,1318,25,0
20100,2886,26,0
20100,2343,27,0
20100,2367,28,0
20100,2106,29,0
20100,2457,30,0
20100,2997,31,0
20100,2998,32,0
20100,2999,33,0
20100,3000,34,0
20100,2162,35,0
20100,2035,36,1
20101,2120,1,0
20101,2162,2,0
20101,3062,3,0
20101,2993,4,0
20101,2994,5,0
20101,2995,6,0
20101,3004,7,0
20101,2456,8,0
20101,2104,9,0
20101,3219,10,0
20101,2768,11,0
20101,2887,12,0
20101,3218,13,0
20101,836,14,0
20101,1034,15,0
20101,1026,16,0
20101,1027,17,0
20101,1035,18,0
20101,1033,19,0
20101,1028,20,0
20101,1029,21,0
20101,1030,22,0
20101,1031,23,0
20101,1032,24,0
20101,2690,25,0
20101,2479,26,0
20101,2473,27,0
20101,3073,28,0
20101,2728,29,0
20101,2478,30,0
20101,2888,31,0
20101,2889,32,0
20101,954,33,0
20101,959,34,0
20101,960,35,0
20101,955,36,0
20101,956,37,0
20101,2058,38,1
20200,1847,1,0
20200,1448,2,0
20200,2090,3,0
20200,1450,4,0
20200,1447,5,0
20200,183,6,0
20200,185,7,0
20200,182,8,0
20200,186,9,0
20200,184,10,0
20200,1173,11,0
20200,1182,12,0
20200,1184,13,0
20200,1177,14,0
20200,1176,15,0
20200,1175,16,0
20200,1180,17,0
20200,1181,18,0
20200,1179,19,0
20200,1183,20,0
20200,1178,21,0
20200,1174,22,0
20200,1443,23,0
20200,1445,24,0
20200,1444,25,0
20200,1522,26,0
20200,23,27,0
20200,1527,28,0
20200,1529,29,0
20200,1526,30,0
20200,1531,31,0
20200,1528,32,0
20200,1530,33,0
20200,1525,34,0
20200,1524,35,0
20200,1523,36,0
20200,1328,37,0
20200,1318,38,0
20200,2886,39,0
20200,2343,40,0
20200,2367,41,0
20200,2106,42,0
20200,2457,43,0
20200,2997,44,0
20200,2998,45,0
20200,2999,46,0
20200,3000,47,0
20200,2162,48,0
20200,2035,49,1
20201,2120,1,0
20201,2162,2,0
20201,3062,3,0
20201,2993,4,0
20201,2994,5,0
20201,2995,6,0
20201,3004,7,0
20201,2456,8,0
20201,2104,9,0
20201,3219,10,0
20201,2768,11,0
20201,2887,12,0
20201,3218,13,0
20201,836,14,0
20201,1034,15,0
20201,1026,16,0
20201,1027,17,0
20201,1035,18,0
20201,1033,19,0
20201,1028,20,0
20201,1029,21,0
20201,1030,22,0
20201,1031,23,0
20201,1032,24,0
20201,950,25,0
20201,951,26,0
20201,696,27,0
20201,697,28,0
20201,688,29,0
20201,689,30,0
20201,690,31,0
20201,691,32,0
20201,692,33,0
20201,693,34,0
20201,694,35,0
20201,695,36,0
20201,698,37,0
20201,699,38,0
20201,1570,39,0
20201,1569,40,0
20201,1571,41,0
20201,1572,42,0
20201,954,43,0
20201,959,44,0
20201,960,45,0
20201,955,46,0
20201,956,47,0
20201,2058,48,1
20900,1847,1,0
20900,1594,2,0
20900,2675,3,0
20900,2503,4,0
20900,2354,5,0
20900,2368,6,0
20900,2358,7,0
20900,2198,8,0
20900,2199,9,0
20900,2200,10,0
20900,21,11,0
20900,343,12,0
20900,344,13,0
20900,342,14,0
20900,358,15,0
20900,357,16,0
20900,359,17,0
20900,356,18,0
20900,3093,19,0
20900,2494,20,0
20900,2493,21,0
20900,2491,22,0
20900,3096,23,0
20900,3075,24,0
20900,1491,25,0
20900,1492,26,0
20900,2982,27,1
20901,2665,1,0
20901,995,2,0
20901,994,3,0
20901,3076,4,0
20901,3110,5,0
20901,2495,6,0
20901,2497,7,0
20901,2498,8,0
20901,1732,9,0
20901,1730,10,0
20901,1731,11,0
20901,1720,12,0
20901,1721,13,0
20901,2465,14,0
20901,3060,15,0
20901,2194,16,0
20901,2195,17,0
20901,2196,18,0
20901,2340,19,0
20901,2675,20,0
20901,3149,21,0
20901,956,22,0
20901,2058,23,1
22000,2418,1,0
22000,2846,2,0
22000,2847,3,0
22000,161,4,0
22000,162,5,0
22000,1535,6,0
22000,2570,7,0
22000,1652,8,0
22000,2143,9,0
22000,1647,10,0
22000,2627,11,0
22000,1651,12,0
22000,2525,13,0
22000,2524,14,0
22000,2523,15,0
22000,2527,16,0
22000,2624,17,0
22000,2526,18,0
22000,2623,19,0
22000,1611,20,0
22000,2482,21,0
22000,1451,22,0
22000,2520,23,0
22000,1453,24,0
22000,2058,25,1
22001,486,1,0
22001,953,2,0
22001,958,3,0
22001,2530,4,0
22001,2531,5,0
22001,2521,6,0
22001,2625,7,0
22001,2522,8,0
22001,2528,9,0
22001,2529,10,0
22001,265,11,0
22001,266,12,0
22001,2626,13,0
22001,267,14,0
22001,595,15,0
22001,840,16,0
22001,2569,17,0
22001,1037,18,0
22001,1550,19,0
22001,1549,20,0
22001,930,21,0
22001,2849,22,0
22001,834,23,1
22200,1786,1,0
22200,1033,2,0
22200,416,3,0
22200,417,4,0
22200,423,5,0
22200,415,6,0
22200,1230,7,0
22200,1233,8,0
22200,1232,9,0
22200,3093,10,0
22200,2494,11,0
22200,2493,12,0
22200,2491,13,0
22200,3092,14,0
22200,3091,15,0
22200,3090,16,0
22200,3089,17,0
22200,3088,18,0
22200,3083,19,0
22200,3084,20,0
22200,3085,21,0
22200,3086,22,0
22200,2946,23,0
22200,2947,24,0
22200,2948,25,0
22200,2463,26,0
22200,2721,27,0
22200,2340,28,0
22200,2675,29,0
22200,2503,30,0
22200,2354,31,0
22200,2368,32,0
22200,2358,33,0
22200,2198,34,0
22200,2199,35,0
22200,2200,36,0
22200,3060,37,0
22200,1,38,0
22200,7,39,0
22200,2616,40,0
22200,2612,41,0
22200,2613,42,0
22200,9,43,0
22200,2615,44,0
22200,2201,45,0
22200,2202,46,0
22200,2203,47,0
22200,2204,48,0
22200,2956,49,0
22200,2205,50,0
22200,10,51,1
22201,10,1,0
22201,2955,2,0
22201,2957,3,0
22201,12,4,0
22201,13,5,0
22201,14,6,0
22201,15,7,0
22201,2614,8,0
22201,17,9,0
22201,2611,10,0
22201,18,11,0
22201,19,12,0
22201,3060,13,0
22201,2194,14,0
22201,2195,15,0
22201,2196,16,0
22201,2340,17,0
22201,2675,18,0
22201,2503,19,0
22201,2354,20,0
22201,2368,21,0
22201,2358,22,0
22201,2461,23,0
22201,2949,24,0
22201,2950,25,0
22201,3109,26,0
22201,3097,27,0
22201,3098,28,0
22201,3099,29,0
22201,3100,30,0
22201,3101,31,0
22201,3102,32,0
22201,3103,33,0
22201,3104,34,0
22201,3105,35,0
22201,3106,36,0
22201,2495,37,0
22201,2497,38,0
22201,2498,39,0
22201,3107,40,0
22201,85,41,0
22201,749,42,0
22201,1791,43,0
22201,1794,44,0
22201,1790,45,0
22201,1788,46,0
22201,1787,47,0
22201,1786,48,0
22201,1033,49,1
22700,1490,1,0
22700,1049,2,0
22700,2482,3,0
22700,1451,4,0
22700,2520,5,0
22700,1453,6,0
22700,1449,7,0
22700,1594,8,0
22700,2490,9,0
22700,2517,10,0
22700,2465,11,0
22700,1397,12,0
22700,3199,13,1
22701,3184,1,0
22701,905,2,0
22701,2460,3,0
22701,953,4,0
22701,958,5,0
22701,2530,6,0
22701,1490,7,0
22701,1049,8,1
23000,2864,1,0
23000,886,2,0
23000,926,3,0
23000,927,4,0
23000,1845,5,0
23000,1873,6,0
23000,1865,7,0
23000,1874,8,0
23000,1871,9,0
23000,1875,10,0
23000,1864,11,0
23000,1888,12,0
23000,1866,13,0
23000,1887,14,0
23000,1863,15,0
23000,1879,16,0
23000,1877,17,0
23000,1882,18,0
23000,1889,19,0
23000,1869,20,0
23000,1891,21,0
23000,1880,22,0
23000,1881,23,0
23000,1862,24,0
23000,1884,25,0
23000,1868,26,0
23000,1883,27,0
23000,1872,28,0
23000,1870,29,0
23000,1878,30,0
23000,2248,31,0
23000,1867,32,0
23000,1885,33,0
23000,1755,34,0
23000,2418,35,0
23000,2846,36,0
23000,2847,37,0
23000,161,38,0
23000,162,39,0
23000,1535,40,0
23000,2570,41,0
23000,1652,42,0
23000,2143,43,0
23000,1647,44,0
23000,2627,45,0
23000,1651,46,0
23000,2525,47,0
23000,2524,48,0
23000,2523,49,0
23000,2527,50,0
23000,2624,51,0
23000,2526,52,0
23000,2623,53,0
23000,1611,54,0
23000,2482,55,0
23000,1451,56,0
23000,2520,57,0
23000,1453,58,0
23000,2058,59,1
23001,486,1,0
23001,953,2,0
23001,958,3,0
23001,2530,4,0
23001,2531,5,0
23001,2521,6,0
23001,2625,7,0
23001,2522,8,0
23001,2528,9,0
23001,2529,10,0
23001,265,11,0
23001,266,12,0
23001,2626,13,0
23001,267,14,0
23001,595,15,0
23001,840,16,0
23001,2569,17,0
23001,1037,18,0
23001,1550,19,0
23001,1549,20,0
23001,930,21,0
23001,2849,22,0
23001,834,23,0
23001,384,24,0
23001,518,25,0
23001,504,26,0
23001,505,27,0
23001,506,28,0
23001,513,29,0
23001,521,30,0
23001,519,31,0
23001,524,32,0
23001,507,33,0
23001,527,34,0
23001,508,35,0
23001,499,36,0
23001,516,37,0
23001,514,38,0
23001,509,39,0
23001,510,40,0
23001,515,41,0
23001,528,42,0
23001,500,43,0
23001,522,44,0
23001,520,45,0
23001,502,46,0
23001,529,47,0
23001,517,48,0
23001,501,49,0
23001,511,50,0
23001,523,51,0
23001,525,52,0
23001,526,53,0
23001,22,54,0
23001,483,55,0
23001,1420,56,0
23001,1419,57,0
23001,1354,58,0
23001,886,59,0
23001,2864,60,1
24000,486,1,0
24000,1594,2,0
24000,1592,3,0
24000,3122,4,0
24000,2619,5,0
24000,1591,6,0
24000,1593,7,0
24000,1595,8,0
24000,1812,9,0
24000,1806,10,0
24000,1808,11,0
24000,1814,12,0
24000,1809,13,0
24000,1810,14,0
24000,1813,15,0
24000,1807,16,0
24000,1811,17,0
24000,2923,18,0
24000,916,19,0
24000,2964,20,0
24000,917,21,0
24000,915,22,0
24000,913,23,0
24000,914,24,0
24000,912,25,0
24000,911,26,0
24000,1711,27,0
24000,477,28,0
24000,762,29,0
24000,760,30,0
24000,761,31,0
24000,2963,32,0
24000,2962,33,0
24000,2939,34,0
24000,1717,35,0
24000,2959,36,0
24000,2550,37,0
24000,2551,38,0
24000,2552,39,0
24000,2553,40,0
24000,2554,41,1
24001,3326,1,0
24001,2555,2,0
24001,336,3,0
24001,333,4,0
24001,335,5,0
24001,334,6,0
24001,340,7,0
24001,2936,8,0
24001,2960,9,0
24001,2961,10,0
24001,1246,11,0
24001,1244,12,0
24001,1245,13,0
24001,1243,14,0
24001,36,15,0
24001,332,16,0
24001,1407,17,0
24001,1405,18,0
24001,1406,19,0
24001,1410,20,0
24001,1409,21,0
24001,1403,22,0
24001,2965,23,0
24001,1408,24,0
24001,2472,25,0
24001,445,26,0
24001,444,27,0
24001,447,28,0
24001,449,29,0
24001,451,30,0
24001,442,31,0
24001,450,32,0
24001,446,33,0
24001,452,34,0
24001,443,35,0
24001,448,36,0
24001,209,37,0
24001,206,38,0
24001,205,39,0
24001,3121,40,0
24001,207,41,0
24001,956,42,0
24001,2058,43,1
24700,791,1,0
24700,1711,2,0
24700,477,3,0
24700,762,4,0
24700,760,5,0
24700,531,6,0
24700,1398,7,0
24700,3199,8,1
24701,3183,1,0
24701,904,2,0
24701,1244,3,0
24701,1245,4,0
24701,1243,5,0
24701,36,6,0
24701,791,7,0
24701,1711,8,0
24701,531,9,1
27000,570,1,0
27000,439,2,0
27000,440,3,0
27000,1053,4,0
27000,1914,5,0
27000,1913,6,0
27000,1916,7,0
27000,1925,8,0
27000,1921,9,0
27000,1929,10,0
27000,1830,11,0
27000,778,12,0
27000,1123,13,0
27000,1912,14,0
27000,1917,15,0
27000,1923,16,0
27000,1918,17,0
27000,1920,18,0
27000,1915,19,0
27000,1928,20,0
27000,1922,21,0
27000,1740,22,0
27000,1628,23,0
27000,3131,24,0
27000,1629,25,0
27000,1626,26,0
27000,858,27,0
27000,859,28,0
27000,860,29,0
27000,857,30,0
27000,3127,31,0
27000,2606,32,0
27000,3124,33,0
27000,2988,34,0
27000,2989,35,0
27000,825,36,0
27000,2906,37,0
27000,2861,38,0
27000,2344,39,0
27000,2367,40,0
27000,3199,41,1
27001,2344,1,0
27001,3006,2,0
27001,1314,3,0
27001,2987,4,0
27001,3126,5,0
27001,3123,6,0
27001,2607,7,0
27001,3128,8,0
27001,1353,9,0
27001,1351,10,0
27001,1350,11,0
27001,1352,12,0
27001,242,13,0
27001,241,14,0
27001,243,15,0
27001,244,16,0
27001,369,17,0
27001,552,18,0
27001,1928,19,0
27001,549,20,0
27001,553,21,0
27001,557,22,0
27001,1923,23,1
27100,570,1,0
27100,439,2,0
27100,440,3,0
27100,1053,4,0
27100,1914,5,0
27100,1913,6,0
27100,1916,7,0
27100,1925,8,0
27100,1921,9,0
27100,1830,10,0
27100,778,11,0
27100,1123,12,0
27100,1912,13,0
27100,1917,14,0
27100,1923,15,0
27100,1918,16,0
27100,3068,17,0
27100,3069,18,0
27100,1826,19,0
27100,2583,20,0
27100,2581,21,0
27100,2578,22,0
27100,28,23,0
27100,2866,24,0
27100,1583,25,0
27100,3064,26,0
27100,2602,27,0
27100,3066,28,0
27100,2599,29,0
27100,589,30,0
27100,585,31,0
27100,1915,32,0
27100,1928,33,0
27100,1922,34,0
27100,1740,35,0
27100,1628,36,0
27100,3131,37,0
27100,1629,38,0
27100,1626,39,0
27100,858,40,0
27100,859,41,0
27100,860,42,0
27100,857,43,0
27100,3127,44,0
27100,2606,45,0
27100,3124,46,0
27100,2988,47,0
27100,2989,48,0
27100,825,49,0
27100,2906,50,0
27100,2861,51,1
27101,3186,1,0
27101,3219,2,0
27101,2344,3,0
27101,3006,4,0
27101,1314,5,0
27101,2987,6,0
27101,3126,7,0
27101,3123,8,0
27101,2607,9,0
27101,3128,10,0
27101,1353,11,0
27101,1351,12,0
27101,1350,13,0
27101,1352,14,0
27101,242,15,0
27101,241,16,0
27101,243,17,0
27101,244,18,0
27101,369,19,0
27101,552,20,0
27101,1928,21,0
27101,1073,22,0
27101,1070,23,0
27101,2598,24,0
27101,3067,25,0
27101,2603,26,0
27101,3065,27,0
27101,188,28,0
27101,2865,29,0
27101,458,30,0
27101,2231,31,0
27101,2580,32,0
27101,2582,33,0
27101,3071,34,0
27101,553,35,0
27101,557,36,0
27101,1923,37,0
27101,556,38,0
27101,555,39,0
27101,558,40,0
27101,639,41,0
27101,548,42,0
27101,550,43,0
27101,551,44,0
27101,560,45,0
27101,570,46,0
27101,439,47,0
27101,440,48,0
27101,1053,49,1
28000,890,1,0
28000,1932,2,0
28000,1933,3,0
28000,1934,4,0
28000,2628,5,0
28000,1904,6,0
28000,3152,7,0
28000,3153,8,0
28000,3154,9,0
28000,1902,10,0
28000,1897,11,0
28000,1895,12,0
28000,1899,13,0
28000,1898,14,0
28000,1900,15,0
28000,1893,16,0
28000,1896,17,0
28000,1894,18,0
28000,1387,19,0
28000,1386,20,0
28000,1385,21,0
28000,2579,22,0
28000,2576,23,0
28000,2575,24,0
28000,2573,25,0
28000,1633,26,0
28000,1632,27,0
28000,1631,28,0
28000,1630,29,0
28000,1805,30,0
28000,1816,31,0
28000,1817,32,0
28000,1491,33,0
28000,1492,34,0
28000,2666,35,0
28000,2669,36,0
28000,2670,37,0
28000,2671,38,0
28000,3108,39,0
28000,1833,40,0
28000,3118,41,0
28000,3120,42,0
28000,1290,43,0
28000,1288,44,0
28000,1289,45,0
28000,3116,46,0
28000,3115,47,0
28000,3082,48,0
28000,2906,49,0
28000,2342,50,0
28000,2367,51,0
28000,3199,52,0
28000,2861,53,1
28001,3185,1,0
28001,3219,2,0
28001,2342,3,0
28001,3006,4,0
28001,3087,5,0
28001,3114,6,0
28001,3117,7,0
28001,800,8,0
28001,2532,9,0
28001,801,10,0
28001,3113,11,0
28001,3119,12,0
28001,469,13,0
28001,2666,14,0
28001,2669,15,0
28001,2670,16,0
28001,2671,17,0
28001,3108,18,0
28001,995,19,0
28001,454,20,0
28001,456,21,0
28001,455,22,0
28001,441,23,0
28001,245,24,0
28001,248,25,0
28001,249,26,0
28001,2225,27,0
28001,2574,28,0
28001,2577,29,0
28001,581,30,0
28001,888,31,0
28001,889,32,0
28001,887,33,0
28001,532,34,0
28001,534,35,0
28001,539,36,0
28001,533,37,0
28001,536,38,0
28001,540,39,0
28001,538,40,0
28001,541,41,0
28001,537,42,0
28001,3150,43,0
28001,3151,44,0
28001,3155,45,0
28001,543,46,0
28001,544,47,0
28001,2622,48,0
28001,1302,49,0
28001,1839,50,0
28001,890,51,1
40200,2543,1,0
40200,1909,2,0
40200,1908,3,0
40200,1907,4,0
40200,1079,5,0
40200,2909,6,0
40200,2631,7,0
40200,2349,8,1
40201,640,1,0
40201,635,2,0
40201,2638,3,0
40201,641,4,0
40201,2976,5,0
40201,473,6,0
40201,430,7,0
40201,431,8,0
40201,2035,9,1
40500,1242,1,0
40500,1508,2,0
40500,298,3,0
40500,290,4,0
40500,1909,5,0
40500,1908,6,0
40500,1907,7,0
40500,1079,8,0
40500,2909,9,0
40500,2631,10,0
40500,2349,11,1
40501,640,1,0
40501,635,2,0
40501,2638,3,0
40501,641,4,0
40501,2976,5,0
40501,473,6,0
40501,430,7,0
40501,431,8,0
40501,2673,9,0
40501,1677,10,0
40501,1667,11,0
40501,1013,12,0
40501,1012,13,0
40501,1242,14,1
41000,2105,1,0
41000,2457,2,0
41000,2997,3,0
41000,2998,4,0
41000,2999,5,0
41000,3000,6,0
41000,2765,7,0
41000,1909,8,0
41000,1908,9,0
41000,1907,10,0
41000,1079,11,0
41000,2909,12,0
41000,2631,13,0
41000,2349,14,1
41001,640,1,0
41001,635,2,0
41001,2638,3,0
41001,641,4,0
41001,2976,5,0
41001,473,6,0
41001,430,7,0
41001,431,8,0
41001,2766,9,0
41001,2163,10,0
41001,3062,11,0
41001,2993,12,0
41001,2994,13,0
41001,2995,14,0
41001,3004,15,0
41001,2456,16,0
41001,2104,17,1
41200,151,1,0
41200,153,2,0
41200,154,3,0
41200,155,4,0
41200,156,5,0
41200,157,6,0
41200,158,7,0
41200,159,8,0
41200,942,9,0
41200,1565,10,0
41200,1562,11,0
41200,1560,12,0
41200,3130,13,0
41200,1559,14,0
41200,1558,15,0
41200,1557,16,0
41200,1564,17,0
41200,2137,18,0
41200,2092,19,0
41200,1552,20,0
41200,2290,21,0
41200,635,22,0
41200,2638,23,0
41200,641,24,0
41200,2976,25,0
41200,473,26,0
41200,3200,27,1
41201,1909,1,0
41201,1908,2,0
41201,1907,3,0
41201,1079,4,0
41201,2909,5,0
41201,2631,6,0
41201,567,7,0
41201,546,8,0
41201,685,9,0
41201,165,10,0
41201,169,11,0
41201,2092,12,0
41201,3159,13,0
41201,3016,14,0
41201,171,15,0
41201,172,16,0
41201,173,17,0
41201,3129,18,0
41201,174,19,0
41201,175,20,0
41201,32,21,0
41201,140,22,0
41201,141,23,0
41201,152,24,0
41201,144,25,0
41201,145,26,0
41201,146,27,0
41201,147,28,0
41201,148,29,0
41201,149,30,0
41201,150,31,1
41300,197,1,0
41300,189,2,0
41300,2169,3,0
41300,2131,4,0
41300,2765,5,0
41300,2290,6,0
41300,635,7,0
41300,2638,8,0
41300,641,9,0
41300,2976,10,0
41300,473,11,0
41300,3200,12,1
41301,1909,1,0
41301,1908,2,0
41301,1907,3,0
41301,1079,4,0
41301,2909,5,0
41301,2631,6,0
41301,567,7,0
41301,546,8,0
41301,685,9,0
41301,2766,10,0
41301,2131,11,0
41301,1577,12,0
41301,1575,13,0
41301,1573,14,1
41500,1097,1,0
41500,1098,2,0
41500,2872,3,0
41500,197,4,0
41500,189,5,0
41500,2169,6,0
41500,2131,7,0
41500,2765,8,0
41500,1909,9,0
41500,1908,10,0
41500,1907,11,0
41500,1079,12,0
41500,2909,13,0
41500,2631,14,0
41500,2349,15,1
41501,640,1,0
41501,635,2,0
41501,2638,3,0
41501,641,4,0
41501,2976,5,0
41501,473,6,0
41501,430,7,0
41501,431,8,0
41501,2766,9,0
41501,2131,10,0
41501,1577,11,0
41501,1575,12,0
41501,1573,13,0
41501,2873,14,0
41501,613,15,0
41501,611,16,0
41501,614,17,1
41600,2917,1,0
41600,2727,2,0
41600,1166,3,0
41600,1167,4,0
41600,1168,5,0
41600,1170,6,0
41600,488,7,0
41600,487,8,0
41600,493,9,0
41600,489,10,0
41600,491,11,0
41600,326,12,0
41600,327,13,0
41600,328,14,0
41600,272,15,0
41600,490,16,0
41600,492,17,0
41600,2290,18,0
41600,635,19,0
41600,2638,20,0
41600,641,21,0
41600,2976,22,0
41600,473,23,0
41600,3200,24,1
41601,1909,1,0
41601,1908,2,0
41601,1907,3,0
41601,1079,4,0
41601,2909,5,0
41601,2631,6,0
41601,567,7,0
41601,546,8,0
41601,685,9,0
41601,2862,10,0
41601,2661,11,0
41601,1017,12,0
41601,1704,13,0
41601,1703,14,0
41601,1705,15,0
41601,1851,16,0
41601,1850,17,0
41601,1853,18,0
41601,1849,19,0
41601,1848,20,0
41601,681,21,0
41601,683,22,0
41601,682,23,0
41601,1774,24,0
41601,1778,25,0
41601,2915,26,1
41700,3265,1,0
41700,3275,2,0
41700,1455,3,0
41700,3281,4,0
41700,1472,5,0
41700,1470,6,0
41700,1468,7,0
41700,1469,8,0
41700,1456,9,0
41700,1457,10,0
41700,1458,11,0
41700,1459,12,0
41700,1466,13,0
41700,1461,14,0
41700,1464,15,0
41700,1462,16,0
41700,1460,17,0
41700,1467,18,0
41700,1909,19,0
41700,1908,20,0
41700,1907,21,0
41700,1079,22,0
41700,2909,23,0
41700,2631,24,0
41700,2349,25,1
41701,640,1,0
41701,635,2,0
41701,2638,3,0
41701,641,4,0
41701,2976,5,0
41701,473,6,0
41701,430,7,0
41701,431,8,0
41701,970,9,0
41701,966,10,0
41701,969,11,0
41701,974,12,0
41701,975,13,0
41701,965,14,0
41701,964,15,0
41701,963,16,0
41701,973,17,0
41701,967,18,0
41701,972,19,0
41701,968,20,0
41701,3280,21,0
41701,3274,22,0
41701,3265,23,1
42100,3001,1,0
42100,2490,2,0
42100,2517,3,0
42100,2465,4,0
42100,1397,5,0
42100,2543,6,0
42100,2290,7,0
42100,635,8,0
42100,2638,9,0
42100,641,10,0
42100,2976,11,0
42100,473,12,0
42100,3200,13,1
42101,1909,1,0
42101,1908,2,0
42101,1907,3,0
42101,1079,4,0
42101,2909,5,0
42101,2631,6,0
42101,567,7,0
42101,546,8,0
42101,685,9,0
42101,2115,10,0
42101,2490,11,0
42101,2517,12,0
42101,419,13,1
42200,791,1,0
42200,1711,2,0
42200,477,3,0
42200,762,4,0
42200,760,5,0
42200,531,6,0
42200,1398,7,0
42200,1397,8,0
42200,2543,9,0
42200,1909,10,0
42200,1908,11,0
42200,1907,12,0
42200,1079,13,0
42200,2909,14,0
42200,2631,15,0
42200,2349,16,1
42201,640,1,0
42201,635,2,0
42201,2638,3,0
42201,641,4,0
42201,2976,5,0
42201,473,6,0
42201,430,7,0
42201,431,8,0
42201,2115,9,0
42201,905,10,0
42201,904,11,0
42201,1244,12,0
42201,1245,13,0
42201,1243,14,0
42201,36,15,0
42201,791,16,0
42201,1711,17,0
42201,531,18,1
42400,1349,1,0
42400,3128,2,0
42400,1353,3,0
42400,1351,4,0
42400,1350,5,0
42400,1352,6,0
42400,242,7,0
42400,241,8,0
42400,243,9,0
42400,244,10,0
42400,369,11,0
42400,552,12,0
42400,1928,13,0
42400,1073,14,0
42400,1070,15,0
42400,1071,16,0
42400,1072,17,0
42400,28,18,0
42400,2866,19,0
42400,1583,20,0
42400,2705,21,0
42400,2851,22,0
42400,1859,23,0
42400,1909,24,0
42400,1908,25,0
42400,1907,26,0
42400,1079,27,0
42400,2909,28,0
42400,2631,29,0
42400,2349,30,1
42401,640,1,0
42401,635,2,0
42401,2638,3,0
42401,641,4,0
42401,2976,5,0
42401,473,6,0
42401,3200,7,0
42401,497,8,0
42401,2850,9,0
42401,2704,10,0
42401,188,11,0
42401,2865,12,0
42401,587,13,0
42401,586,14,0
42401,588,15,0
42401,589,16,0
42401,585,17,0
42401,1915,18,0
42401,1928,19,0
42401,1922,20,0
42401,1740,21,0
42401,1628,22,0
42401,3131,23,0
42401,1629,24,0
42401,1626,25,0
42401,858,26,0
42401,859,27,0
42401,860,28,0
42401,857,29,0
42401,3127,30,0
42401,861,31,1
42500,2665,1,0
42500,2669,2,0
42500,2670,3,0
42500,2671,4,0
42500,3108,5,0
42500,1833,6,0
42500,3118,7,0
42500,3120,8,0
42500,1290,9,0
42500,1288,10,0
42500,1289,11,0
42500,3116,12,0
42500,3115,13,0
42500,3082,14,0
42500,2543,15,0
42500,2290,16,0
42500,635,17,0
42500,2638,18,0
42500,641,19,0
42500,2976,20,0
42500,473,21,0
42500,3200,22,1
42501,1909,1,0
42501,1908,2,0
42501,1907,3,0
42501,1079,4,0
42501,2909,5,0
42501,2631,6,0
42501,567,7,0
42501,546,8,0
42501,685,9,0
42501,2543,10,0
42501,3087,11,0
42501,3114,12,0
42501,3117,13,0
42501,800,14,0
42501,2532,15,0
42501,801,16,0
42501,3113,17,0
42501,3119,18,0
42501,469,19,0
42501,2665,20,0
42501,2669,21,0
42501,2670,22,0
42501,2671,23,1
43500,1474,1,0
43500,1486,2,0
43500,1483,3,0
43500,2863,4,0
43500,1476,5,0
43500,1477,6,0
43500,1478,7,0
43500,1479,8,0
43500,3063,9,0
43500,2207,10,0
43500,2134,11,0
43500,2765,12,0
43500,2290,13,0
43500,635,14,0
43500,2638,15,0
43500,641,16,0
43500,2976,17,0
43500,473,18,0
43500,3200,19,1
43501,1909,1,0
43501,1908,2,0
43501,1907,3,0
43501,1079,4,0
43501,2909,5,0
43501,2631,6,0
43501,567,7,0
43501,546,8,0
43501,685,9,0
43501,2766,10,0
43501,2132,11,0
43501,986,12,0
43501,985,13,0
43501,984,14,0
43501,990,15,0
43501,983,16,0
43501,982,17,0
43501,981,18,0
43501,979,19,0
43501,977,20,0
43501,988,21,0
43501,1580,22,1
51000,2986,1,0
51000,2440,2,0
51000,2355,3,0
51000,2359,4,0
51000,2345,5,0
51000,2367,6,0
51000,2868,7,0
51000,2765,8,0
51000,1909,9,0
51000,1908,10,0
51000,2698,11,0
51000,2700,12,0
51000,2702,13,0
51000,2290,14,0
51000,2706,15,1
51001,640,1,0
51001,635,2,0
51001,2638,3,0
51001,641,4,0
51001,2976,5,0
51001,473,6,0
51001,430,7,0
51001,431,8,0
51001,2766,9,0
51001,2869,10,0
51001,3219,11,0
51001,2861,12,1
51100,2164,1,0
51100,2422,2,0
51100,2765,3,0
51100,2191,4,1
51101,2192,1,0
51101,2766,2,0
51101,2114,3,0
51101,2981,4,1
51200,2345,1,0
51200,2367,2,0
51200,2868,3,0
51200,2164,4,0
51200,2422,5,0
51200,2765,6,0
51200,2191,7,1
51201,3306,1,0
51201,640,2,0
51201,635,3,0
51201,2638,4,0
51201,641,5,0
51201,2976,6,0
51201,473,7,0
51201,3200,8,0
51201,759,9,0
51201,2192,10,0
51201,2766,11,0
51201,2114,12,0
51201,2164,13,0
51201,2869,14,0
51201,3219,15,0
51201,2345,16,0
51201,2356,17,0
51201,2466,18,0
51201,426,19,0
51201,427,20,0
51201,2861,21,1
51300,3190,1,0
51300,394,2,0
51300,2144,3,0
51300,2164,4,0
51300,2422,5,0
51300,2765,6,0
51300,2191,7,1
51301,2192,1,0
51301,2766,2,0
51301,2114,3,0
51301,2164,4,0
51301,2144,5,0
51301,1765,6,0
51301,3190,7,1
53200,2347,1,0
53200,2367,2,0
53200,2867,3,0
53200,2164,4,0
53200,2736,5,0
53200,2851,6,0
53200,2860,7,0
53200,2857,8,0
53200,2858,9,0
53200,2856,10,1
53201,2856,1,0
53201,2914,2,0
53201,355,3,0
53201,2850,4,0
53201,2132,5,0
53201,2164,6,0
53201,2869,7,0
53201,3219,8,0
53201,2861,9,1
53500,2113,1,0
53500,814,2,0
53500,2431,3,0
53500,2736,4,0
53500,2325,5,0
53500,2229,6,0
53500,1399,7,0
53500,2151,8,0
53500,2851,9,0
53500,2860,10,0
53500,2857,11,0
53500,2858,12,0
53500,2856,13,1
53501,2856,1,0
53501,2914,2,0
53501,355,3,0
53501,2850,4,0
53501,2150,5,0
53501,374,6,0
53501,2229,7,0
53501,2350,8,0
53501,2132,9,0
53501,1303,10,0
53501,1305,11,0
53501,2035,12,1
70100,2838,1,0
70100,2836,2,0
70100,2820,3,0
70100,2816,4,0
70100,2810,5,0
70100,2796,6,0
70100,2788,7,0
70100,2784,8,0
70100,2782,9,0
70100,2780,10,0
70100,2778,11,0
70100,2770,12,0
70100,2764,13,0
70100,2760,14,0
70100,2754,15,0
70100,2748,16,0
70100,2742,17,1
70101,2742,1,0
70101,2747,2,0
70101,2753,3,0
70101,2761,4,0
70101,2767,5,0
70101,2777,6,0
70101,2779,7,0
70101,2781,8,0
70101,2783,9,0
70101,2787,10,0
70101,2795,11,0
70101,2807,12,0
70101,2815,13,0
70101,2819,14,0
70101,2835,15,0
70101,2838,16,1
70200,3017,1,0
70200,3037,2,0
70200,3038,3,0
70200,3039,4,0
70200,3040,5,0
70200,3041,6,0
70200,3042,7,0
70200,3043,8,0
70200,3044,9,0
70200,3045,10,0
70200,3046,11,0
70200,3047,12,0
70200,3048,13,0
70200,3049,14,0
70200,3050,15,0
70200,3051,16,0
70200,3035,17,1
70201,3035,1,0
70201,3033,2,0
70201,3032,3,0
70201,3031,4,0
70201,3030,5,0
70201,3029,6,0
70201,3028,7,0
70201,3027,8,0
70201,3026,9,0
70201,3025,10,0
70201,3024,11,0
70201,3023,12,0
70201,3022,13,0
70201,3021,14,0
70201,3020,15,0
70201,3019,16,0
70201,3018,17,0
70201,3017,18,1
81000,2092,1,0
81000,1552,2,0
81000,2106,3,0
81000,2457,4,0
81000,2997,5,0
81000,2998,6,0
81000,2999,7,0
81000,3000,8,0
81000,2162,9,0
81000,297,10,0
81000,1206,11,0
81000,1202,12,0
81000,1209,13,0
81000,1207,14,0
81000,1203,15,0
81000,1699,16,0
81000,2644,17,0
81000,1694,18,0
81000,2191,19,1
81001,2192,1,0
81001,3266,2,0
81001,322,3,0
81001,726,4,0
81001,720,5,0
81001,719,6,0
81001,718,7,0
81001,725,8,0
81001,1676,9,0
81001,2163,10,0
81001,3062,11,0
81001,2993,12,0
81001,2994,13,0
81001,2995,14,0
81001,3004,15,0
81001,2456,16,0
81001,2104,17,0
81001,165,18,0
81001,169,19,0
81001,2039,20,1
82100,2883,1,0
82100,240,2,0
82100,2465,3,0
82100,1397,4,0
82100,2115,5,0
82100,2191,6,1
82101,2192,1,0
82101,2115,2,0
82101,240,3,0
82101,2884,4,1
86000,2667,1,0
86000,1552,2,0
86000,2106,3,0
86000,2457,4,0
86000,2997,5,0
86000,2998,6,0
86000,2999,7,0
86000,3000,8,0
86000,3253,9,1
86001,2192,1,0
86001,2163,2,0
86001,3062,3,0
86001,2993,4,0
86001,2994,5,0
86001,2995,6,0
86001,3004,7,0
86001,2456,8,0
86001,2104,9,0
86001,165,10,0
86001,169,11,0
86001,2039,12,1
87100,1242,1,0
87100,1508,2,0
87100,298,3,0
87100,290,4,0
87100,297,5,0
87100,1206,6,0
87100,1202,7,0
87100,1209,8,0
87100,1207,9,0
87100,1203,10,0
87100,1699,11,0
87100,2644,12,0
87100,1694,13,0
87100,3253,14,1
87101,2192,1,0
87101,3266,2,0
87101,322,3,0
87101,726,4,0
87101,720,5,0
87101,719,6,0
87101,718,7,0
87101,725,8,0
87101,1676,9,0
87101,2673,10,0
87101,1677,11,0
87101,1667,12,0
87101,1013,13,0
87101,1012,14,0
87101,1242,15,1
88000,3265,1,0
88000,3275,2,0
88000,1455,3,0
88000,3281,4,0
88000,1472,5,0
88000,1470,6,0
88000,1468,7,0
88000,1469,8,0
88000,1456,9,0
88000,1457,10,0
88000,1458,11,0
88000,1459,12,0
88000,1466,13,0
88000,1461,14,0
88000,1464,15,0
88000,1462,16,0
88000,1460,17,0
88000,1467,18,0
88000,1097,19,0
88000,1098,20,0
88000,2872,21,0
88000,197,22,0
88000,189,23,0
88000,2169,24,0
88000,2162,25,0
88000,2191,26,1
88001,2192,1,0
88001,2163,2,0
88001,1577,3,0
88001,1575,4,0
88001,1573,5,0
88001,2873,6,0
88001,613,7,0
88001,611,8,0
88001,614,9,0
88001,970,10,0
88001,966,11,0
88001,969,12,0
88001,974,13,0
88001,975,14,0
88001,965,15,0
88001,964,16,0
88001,963,17,0
88001,973,18,0
88001,967,19,0
88001,972,20,0
88001,968,21,0
88001,3280,22,0
88001,3274,23,0
88001,3265,24,1
