'MCOB-DO:123:0:Weekday:4:22SEP:12345',10700,162600,4,'',1,3000,4,'',1
'MCOB-DO:113:6:Sunday:4:22SEP:1234567',11300,80700,4,'',1,10200,4,'',1,10500,4,'',1,10100,4,'',1,10100,4,'',1,10200,4,'',1,10500,4,'',1,10000,4,'',1,10000,4,'',1,9900,4,'',1,9700,4,'',1,9500,4,'',1,9700,4,'',1,9600,4,'',1,9900,4,'',1
'MCOB-DO:123:0:Weekday:4:22SEP:12345',11300,62300,4,'',1,8600,4,'',1,3500,4,'',1,7000,4,'',1,3000,4,'',1,7000,4,'',1,9800,4,'',1,10000,4,'',1,10100,4,'',1,10300,4,'',1,10000,4,'',1,10400,4,'',1,3000,4,'',1,7500,4,'',1,9600,4,'',1,2900,4,'',1,6800,4,'',1,2900,4,'',1,9800,4,'',1,10000,4,'',1,9000,4,'',1,10000,4,'',1
'MCOB-DO:173:5:Saturday:4:22SEP:6',11300,70600,4,'',1,10100,4,'',1,10300,4,'',1,10100,4,'',1,10200,4,'',1,10500,4,'',1,10200,4,'',1,10400,4,'',1,10000,4,'',1,10000,4,'',1,10000,4,'',1,9600,4,'',1,9400,4,'',1,9700,4,'',1,10000,4,'',1,9900,4,'',1
'MCOB-DO:113:6:Sunday:4:22SEP:1234567',13001,80600,4,'',1,10100,4,'',1,10000,4,'',1,10300,4,'',1,10200,4,'',1,10000,4,'',1,9700,4,'',1,9700,4,'',1,10000,4,'',1,10000,4,'',1,10200,4,'',1,10100,4,'',1,9900,4,'',1,9900,4,'',1
'MCOB-DO:123:0:Weekday:4:22SEP:12345',13001,55500,4,'',1,10300,4,'',1,6900,4,'',1,3000,4,'',1,7100,4,'',1,3000,4,'',1,6800,4,'',1,10000,4,'',1,10000,4,'',1,9900,4,'',1,10100,4,'',1,10000,4,'',1,10400,4,'',1,7000,4,'',1,3000,4,'',1,2800,4,'',1,7000,4,'',1,3000,4,'',1,6800,4,'',1,2900,4,'',1,15700,4,'',1,9800,4,'',1
'MCOB-DO:173:5:Saturday:4:22SEP:6',13001,70500,4,'',1,10300,4,'',1,10000,4,'',1,10200,4,'',1,10200,4,'',1,10100,4,'',1,10200,4,'',1,9700,4,'',1,9600,4,'',1,10100,4,'',1,10000,4,'',1,10200,4,'',1,10100,4,'',1,9800,4,'',1,9800,4,'',1,9800,4,'',1
'MCOB-DO:113:6:Sunday:4:22SEP:1234567',20100,82400,4,'',1,10000,4,'',1,10200,4,'',1,10000,4,'',1,10200,4,'',1,10000,4,'',1,10000,4,'',1,10000,4,'',1,10000,4,'',1,10000,4,'',1,9900,4,'',1,10000,4,'',1,10000,4,'',1,10000,4,'',1,9900,4,'',1
'MCOB-DO:123:0:Weekday:4:22SEP:12345',20100,54100,4,'',1,11300,4,'',1,7000,4,'',1,7600,4,'',1,3000,4,'',1,2800,4,'',1,7000,4,'',1,3000,4,'',1,7200,4,'',1,7100,4,'',1,2900,4,'',1,2900,4,'',1,7100,4,'',1,7100,4,'',1,3000,4,'',1,7000,4,'',1,3000,4,'',1,7300,4,'',1,3100,4,'',1,7200,4,'',1,3000,4,'',1,7000,4,'',1,3000,4,'',1,6800,4,'',1,2800,4,'',1,6900,4,'',1,2900,4,'',1,7700,4,'',1,9200,4,'',1,10000,4,'',1,5900,4,'',1
'MCOB-DO:173:5:Saturday:4:22SEP:6',20100,72700,4,'',1,10100,4,'',1,10000,4,'',1,10000,4,'',1,10000,4,'',1,10000,4,'',1,10000,4,'',1,10000,4,'',1,10100,4,'',1,10000,4,'',1,10000,4,'',1,9900,4,'',1,9900,4,'',1,10000,4,'',1,9900,4,'',1,10000,4,'',1
'MCOB-DO:113:6:Sunday:4:22SEP:1234567',20200,85600,4,'',1,10000,4,'',1,10200,4,'',1,10000,4,'',1,14200,4,'',1,10000,4,'',1,10000,4,'',1,10000,4,'',1,10000,4,'',1,10000,4,'',1,4900,4,'',1,10800,4,'',1,10000,4,'',1,9900,4,'',1
'MCOB-DO:123:0:Weekday:4:22SEP:12345',20200,60700,4,'',1,2900,4,'',1,7500,4,'',1,3200,4,'',1,7100,4,'',1,3000,4,'',1,6800,4,'',1,3100,4,'',1,7100,4,'',1,3100,4,'',1,7000,4,'',1,2800,4,'',1,7100,4,'',1,3100,4,'',1,7000,4,'',1,3100,4,'',1,7000,4,'',1,3100,4,'',1,7300,4,'',1,3100,4,'',1,7200,4,'',1,3100,4,'',1,7000,4,'',1,3000,4,'',1,6400,4,'',1,3000,4,'',1,7100,4,'',1,3000,4,'',1,8400,4,'',1,10000,4,'',1,9900,4,'',1
'MCOB-DO:173:5:Saturday:4:22SEP:6',20200,65700,4,'',1,10000,4,'',1,10000,4,'',1,10000,4,'',1,10100,4,'',1,10000,4,'',1,10100,4,'',1,14100,4,'',1,10000,4,'',1,10000,4,'',1,10000,4,'',1,10000,4,'',1,5900,4,'',1,9900,4,'',1,9800,4,'',1,10000,4,'',1,10000,4,'',1
'KPOB-CS:223:0:Weekday:2:22SEP:12345',40201,150300,4,'',1,3100,4,'',1,7300,4,'',1,3000,4,'',1,1900,4,'',1,5800,4,'',1,1700,4,'',1,1300,4,'',1,6600,4,'',1,2900,4,'',1,7100,4,'',1
'KPOB-CS:223:0:Weekday:2:22SEP:12345',53501,63300,4,'',1,7100,4,'',1,3200,4,'',1,7400,4,'',1,3000,4,'',1,6700,4,'',1,3000,4,'',1,7000,4,'',1,3000,4,'',1,7100,4,'',1,3000,4,'',1,10100,4,'',1,6900,4,'',1,3200,4,'',1,8000,4,'',1,8100,4,'',1,3400,4,'',1,7300,4,'',1,3000,4,'',1,7100,4,'',1,3000,4,'',1,7200,4,'',1,2800,4,'',1,6500,4,'',1,2600,4,'',1,7600,4,'',1,9800,4,'',1,10000,4,'',1,9800,4,'',1
'KPOB-CS:273:5:Saturday:1:22SEP:6',53501,90100,4,'',1,10400,4,'',1,10200,4,'',1,10300,4,'',1,10200,4,'',1,10100,4,'',1,10000,4,'',1,10000,4,'',1,9800,4,'',1,9900,4,'',1,9900,4,'',1,9700,4,'',1,9700,4,'',1,10000,4,'',1,9800,4,'',1
