'MCOB-DO:111:6:Sunday:1:23SEP:1234567',28000,75500,0,'Everett',1,10000,0,'Everett',1,10000,0,'Everett',1,10000,0,'Everett',1,10000,0,'Everett',1,10000,0,'Everett',1,10000,0,'Everett',1,10000,0,'Everett',1,10000,0,'Everett',1,10000,0,'Everett',1,10000,0,'Everett',1,10000,0,'Everett',1,10000,0,'Everett',1
'MCOB-DO:111:6:Sunday:1:23SEP:1234567',28001,81600,4,'',1,10200,4,'',1,10200,4,'',1,10000,4,'',1,10100,4,'',1,10000,4,'',1,10000,4,'',1,10000,4,'',1,10100,4,'',1,10000,4,'',1,10000,4,'',1,9900,4,'',1,10000,4,'',1
'MCOB-DO:111:6:Sunday:2:23SEP:1234567',28000,75500,0,'Everett',1,10000,0,'Everett',1,10000,0,'Everett',1,10000,0,'Everett',1,10000,0,'Everett',1,10000,0,'Everett',1,10000,0,'Everett',1,10000,0,'Everett',1,10000,0,'Everett',1,10000,0,'Everett',1,10000,0,'Everett',1,10000,0,'Everett',1,10000,0,'Everett',1
'MCOB-DO:111:6:Sunday:2:23SEP:1234567',28001,81600,4,'',1,10200,4,'',1,10200,4,'',1,10000,4,'',1,10100,4,'',1,10000,4,'',1,10000,4,'',1,10000,4,'',1,10100,4,'',1,10000,4,'',1,10000,4,'',1,9900,4,'',1,10000,4,'',1
'MCOB-DO:121:0:Weekday:1:23SEP:12345',28000,45500,,'',1,10000,0,'Everett',1,15000,0,'Everett',1,10000,0,'Everett',1,10000,0,'Everett',1,10000,0,'Everett',1,10000,0,'Everett',1,10000,0,'Everett',1,10000,0,'Everett',1,10000,0,'Everett',1,10500,0,'Everett',1,10500,0,'Everett',1,10500,0,'Everett',1,10500,0,'Everett',1,10500,0,'Everett',1,10500,0,'Everett',1
'MCOB-DO:121:0:Weekday:1:23SEP:12345',28001,64900,4,'',1,10000,4,'',1,10200,4,'',1,10200,4,'',1,10100,4,'',1,9700,4,'',1,10100,4,'',1,10400,4,'',1,10000,4,'',1,9800,4,'',1,10300,4,'',1,9800,4,'',1,9400,4,'',1,19800,4,'',1
'MCOB-DO:121:0:Weekday:2:23SEP:12345',28000,45500,,'',1,10000,0,'Everett',1,15000,0,'Everett',1,10000,0,'Everett',1,10000,0,'Everett',1,10000,0,'Everett',1,10000,0,'Everett',1,10000,0,'Everett',1,10000,0,'Everett',1,10000,0,'Everett',1,10500,0,'Everett',1,10500,0,'Everett',1,10500,0,'Everett',1,10500,0,'Everett',1,10500,0,'Everett',1,10500,0,'Everett',1
'MCOB-DO:121:0:Weekday:2:23SEP:12345',28001,64900,4,'',1,10000,4,'',1,10200,4,'',1,10200,4,'',1,10100,4,'',1,9700,4,'',1,10100,4,'',1,10400,4,'',1,10000,4,'',1,9800,4,'',1,10300,4,'',1,9800,4,'',1,9400,4,'',1,19800,4,'',1
'MCOB-DO:171:5:Saturday:1:23SEP:6',28000,65500,0,'Everett',1,10000,0,'Everett',1,10000,0,'Everett',1,10000,0,'Everett',1,10000,0,'Everett',1,10000,0,'Everett',1,10000,0,'Everett',1,10000,0,'Everett',1,10000,0,'Everett',1,10000,0,'Everett',1,10000,0,'Everett',1,10000,0,'Everett',1,10000,0,'Everett',1,10000,0,'Everett',1
'MCOB-DO:171:5:Saturday:1:23SEP:6',28001,81800,4,'',1,10200,4,'',1,10000,4,'',1,10000,4,'',1,10000,4,'',1,10000,4,'',1,10200,4,'',1,10200,4,'',1,10200,4,'',1,10000,4,'',1,9800,4,'',1,9800,4,'',1,9900,4,'',1
'MCOB-DO:171:5:Saturday:2:23SEP:6',28000,65500,0,'Everett',1,10000,0,'Everett',1,10000,0,'Everett',1,10000,0,'Everett',1,10000,0,'Everett',1,10000,0,'Everett',1,10000,0,'Everett',1,10000,0,'Everett',1,10000,0,'Everett',1,10000,0,'Everett',1,10000,0,'Everett',1,10000,0,'Everett',1,10000,0,'Everett',1,10000,0,'Everett',1
'MCOB-DO:171:5:Saturday:2:23SEP:6',28001,81800,4,'',1,10200,4,'',1,10000,4,'',1,10000,4,'',1,10000,4,'',1,10000,4,'',1,10200,4,'',1,10200,4,'',1,10200,4,'',1,10000,4,'',1,9800,4,'',1,9800,4,'',1,9900,4,'',1
