'MCOB-DO:123:0:Weekday:4:23MAR:12345',41200,60100,4,'',1,11700,4,'',1,3300,4,'',1,7900,4,'',1,7100,4,'',1
'MCOB-DO:123:0:Weekday:5:23MAR:12345',41200,60100,4,'',1,11700,4,'',1,3300,4,'',1,7900,4,'',1,7100,4,'',1
'MCOB-DO:123:0:Weekday:6:23MAR:12345',41200,60100,4,'',1,11700,4,'',1,3300,4,'',1,7900,4,'',1,7100,4,'',1
'KPOB-CS:223:0:Weekday:2:23MAR:12345',41300,54700,4,'',1,8700,4,'',1,1700,4,'',1,6100,4,'',1,1100,4,'',1,1100,4,'',1,1300,4,'',1,1200,4,'',1,5000,4,'',1,1800,4,'',1,1900,4,'',1,6200,4,'',1,4000,4,'',1
'KPOB-CS:223:0:Weekday:2:23MAR:12345',41600,62900,4,'',1,8400,4,'',1,8900,4,'',1,3800,4,'',1
'KPOB-CS:223:0:Weekday:2:23MAR:12345',42100,52900,4,'',1,8200,4,'',1,4200,4,'',1,8200,4,'',1,8100,4,'',1,3900,4,'',1
'MCOB-DO:123:0:Weekday:4:23MAR:12345',42401,154600,,'',1,17600,,'',1
'MCOB-DO:123:0:Weekday:5:23MAR:12345',42401,154600,,'',1,17600,,'',1
'MCOB-DO:123:0:Weekday:6:23MAR:12345',42401,154600,,'',1,17600,,'',1
'KPOB-CS:223:0:Weekday:2:23MAR:12345',42500,61900,4,'',1,8900,4,'',1,3900,4,'',1,8000,4,'',1
'MCOB-DO:123:0:Weekday:4:23MAR:12345',43500,62900,4,'',1,9300,4,'',1,8500,4,'',1,5000,4,'',1
'MCOB-DO:123:0:Weekday:5:23MAR:12345',43500,62900,4,'',1,9300,4,'',1,8500,4,'',1,5000,4,'',1
'MCOB-DO:123:0:Weekday:6:23MAR:12345',43500,62900,4,'',1,9300,4,'',1,8500,4,'',1,5000,4,'',1
'KPOB-CS:213:6:Sunday:1:23MAR:1234567',51201,242300,,'',1,3000,,'',1
