'MCOB-DO:111:6:Sunday:1:24MAR:1234567',10200,213800,4,'',1
'MCOB-DO:121:0:Weekday:1:24MAR:12345',10200,54300,4,'',1,7000,4,'',1,10200,4,'',1,10100,4,'',1,3200,4,'',1,9900,4,'',1,9900,4,'',1,9900,4,'',1,10000,4,'',1,7000,4,'',1,3100,4,'',1,7700,4,'',1,2500,4,'',1,10000,4,'',1,7000,4,'',1,3000,4,'',1,7000,4,'',1,3000,4,'',1,9700,4,'',1,7000,4,'',1,2900,4,'',1,9900,4,'',1,9900,4,'',1,10000,4,'',1
'MCOB-DO:171:5:Saturday:1:24MAR:6',10200,63700,4,'',1,7000,4,'',1,3000,4,'',1,7100,4,'',1,3000,4,'',1,10100,4,'',1,10100,4,'',1,7000,4,'',1,3000,4,'',1,10000,4,'',1,10100,4,'',1,10000,4,'',1,10000,4,'',1,9900,4,'',1,7000,4,'',1,3000,4,'',1,9900,4,'',1,10000,4,'',1,9900,4,'',1,10000,4,'',1,10000,4,'',1
'MCOB-DO:111:6:Sunday:1:24MAR:1234567',13000,72300,4,'',1,10000,4,'',1,10300,4,'',1,10200,4,'',1,10200,4,'',1,10000,4,'',1,10000,4,'',1,10000,4,'',1,10000,4,'',1,10000,4,'',1,9800,4,'',1,10000,4,'',1,9800,4,'',1,10000,4,'',1
'MCOB-DO:121:0:Weekday:1:24MAR:12345',13000,55200,4,'',1,10400,4,'',1,17500,4,'',1,7000,4,'',1,9900,4,'',1,10200,4,'',1,10100,4,'',1,20000,4,'',1,40000,4,'',1,2800,4,'',1,32300,4,'',1,10000,4,'',1
'MCOB-DO:171:5:Saturday:1:24MAR:6',13000,62300,4,'',1,40800,4,'',1,30200,4,'',1,10000,4,'',1,10000,4,'',1,49300,4,'',1,9900,4,'',1
'MCOB-DO:111:6:Sunday:1:24MAR:1234567',16600,73400,4,'',1,10000,4,'',1,10100,4,'',1,10100,4,'',1,10100,4,'',1,10100,4,'',1,10000,4,'',1,10100,4,'',1,9900,4,'',1,9900,4,'',1,10000,4,'',1,9900,4,'',1,9800,4,'',1,9900,4,'',1,10000,4,'',1,10000,4,'',1
'MCOB-DO:121:0:Weekday:1:24MAR:12345',16600,54000,4,'',1,10200,4,'',1,10200,4,'',1,7100,4,'',1,3000,4,'',1,7000,4,'',1,3000,4,'',1,7000,4,'',1,3000,4,'',1,7000,4,'',1,3000,4,'',1,7000,4,'',1,3000,4,'',1,7000,4,'',1,3100,4,'',1,10100,4,'',1,7100,4,'',1,3000,4,'',1,7000,4,'',1,3000,4,'',1,7000,4,'',1,2800,4,'',1,7000,4,'',1,2900,4,'',1,6800,4,'',1,3000,4,'',1,6800,4,'',1,3000,4,'',1,10000,4,'',1,10000,4,'',1,10000,4,'',1
'MCOB-DO:171:5:Saturday:1:24MAR:6',16600,93200,4,'',1,10100,4,'',1,10200,4,'',1,10000,4,'',1,10200,4,'',1,10000,4,'',1,9900,4,'',1,10000,4,'',1,10000,4,'',1,9900,4,'',1,9800,4,'',1,9800,4,'',1,10000,4,'',1,10000,4,'',1
'KPOB-CS:221:1:Mon-Wed:1:24MAR:123',41601,163200,4,'',1,8700,4,'',1,8300,4,'',1,4100,4,'',1
'KPOB-CS:251:2:Thu-Fri:1:24MAR:45',41601,163200,4,'',1,8700,4,'',1,8300,4,'',1,4100,4,'',1
