10201,'Sunday',707,,8680,27,4,,1,30,,8695,27,4,,1,70,,8679,27,4,,1,30,,8694,27,4,,1,70,,8682,27,4,,1,30,,8696,27,4,,1,70,,8683,27,4,,1,30,,8697,27,4,,1,70,,8681,27,4,,1,30,,8698,27,4,,1,70,,8684,27,4,,1,30,,8699,27,4,,1,70,,8685,27,4,,1,30,,8700,27,4,,1,70,,8686,27,4,,1,30,,8701,27,4,,1,70,,8687,27,4,,1,30,,8702,27,4,,1,70,,8688,27,4,,1,30,,8703,27,4,,1,70,,8689,27,4,,1,30,,8704,27,4,,1,70,,8690,27,4,,1,30,,8705,27,4,,1,70,,8691,27,4,,1,100,,8692,27,4,,1,100,,8693,27,4,,1,100,,8706,27,4,,1
10201,'Weekday',507,,8733,27,4,,1,30,,8708,27,4,,1,70,,8709,27,4,,1,30,,8734,27,4,,1,70,,8711,27,4,,1,30,,8735,27,4,,1,70,,8710,27,4,,1,30,,8736,27,4,,1,70,,8712,27,4,,1,30,,8715,27,4,,1,70,,8714,27,4,,1,30,,8713,27,4,,1,70,,8717,27,4,,1,30,,8718,27,4,,1,70,,8719,27,4,,1,30,,8716,27,4,,1,70,,8721,27,4,,1,30,,8720,27,4,,1,70,,8723,27,4,,1,30,,8722,27,4,,1,70,,8732,27,4,,1,30,,8737,27,4,,1,70,,8727,27,4,,1,38,,8738,27,4,,1,64,,8730,27,4,,1,30,,8739,27,4,,1,76,,8729,27,4,,1,29,,8728,27,4,,1,63,,8707,27,4,,1,100,,8725,27,4,,1,100,,8724,27,4,,1,100,,8731,27,4,,1,100,,8726,27,4,,1
10201,'Saturday',607,,8740,27,4,,1,30,,8741,27,4,,1,70,,8742,27,4,,1,30,,8743,27,4,,1,70,,8745,27,4,,1,30,,8746,27,4,,1,70,,8747,27,4,,1,30,,8744,27,4,,1,70,,8749,27,4,,1,30,,8750,27,4,,1,70,,8751,27,4,,1,30,,8748,27,4,,1,70,,8752,27,4,,1,30,,8753,27,4,,1,70,,8754,27,4,,1,30,,8755,27,4,,1,70,,8756,27,4,,1,30,,8757,27,4,,1,70,,8758,27,4,,1,30,,8759,27,4,,1,70,,8760,27,4,,1,30,,8761,27,4,,1,70,,8762,27,4,,1,30,,8763,27,4,,1,70,,8764,27,4,,1,30,,8765,27,4,,1,70,,8766,27,4,,1,100,,8767,27,4,,1,100,,8768,27,4,,1,100,,8769,27,4,,1,100,,8770,27,4,,1,100,,8771,27,4,,1
10300,'Sunday',705,,8772,56,4,,1,100,,8773,56,4,,1,100,,8774,56,4,,1,100,,8775,56,4,,1,100,,8776,56,4,,1,100,,8777,56,4,,1,100,,8778,56,4,,1,100,,8780,56,4,,1,100,,8781,56,4,,1,100,,8782,56,4,,1,100,,8779,56,4,,1,100,,8783,56,4,,1,100,,8784,56,4,,1,100,,8785,56,4,,1,100,,8786,56,4,,1,100,,8787,56,4,,1,100,,8788,56,4,,1
10300,'Weekday',510,,8797,56,4,,1,30,,8798,56,4,,1,70,,8799,56,4,,1,30,,8819,56,4,,1,70,,8800,56,4,,1,30,,8820,56,4,,1,70,,8801,56,4,,1,30,,8821,56,4,,1,70,,8802,56,4,,1,30,,8803,56,4,,1,70,,8804,56,4,,1,30,,8805,56,4,,1,70,,8807,56,4,,1,30,,8808,56,4,,1,70,,8809,56,4,,1,30,,8806,56,4,,1,70,,8810,56,4,,1,30,,8811,56,4,,1,70,,8812,56,4,,1,30,,8813,56,4,,1,70,,8814,56,4,,1,30,,8815,56,4,,1,70,,8816,56,4,,1,30,,8817,56,4,,1,70,,8818,56,4,,1,30,,8794,56,4,,1,70,,8793,56,4,,1,30,,8795,56,4,,1,70,,8796,56,4,,1,30,,8822,56,4,,1,70,,8789,56,4,,1,30,,8823,56,4,,1,70,,8791,56,4,,1,100,,8792,56,4,,1,100,,8790,56,4,,1
10300,'Saturday',705,,8824,56,4,,1,100,,8825,56,4,,1,100,,8826,56,4,,1,100,,8827,56,4,,1,100,,8828,56,4,,1,100,,8829,56,4,,1,100,,8830,56,4,,1,100,,8831,56,4,,1,100,,8832,56,4,,1,100,,8833,56,4,,1,100,,8834,56,4,,1,100,,8835,56,4,,1,100,,8836,56,4,,1,100,,8837,56,4,,1,100,,8838,56,4,,1,100,,8839,56,4,,1,100,,8840,56,4,,1,100,,8841,56,4,,1
11401,'Sunday',807,,9354,29,4,,1,100,,9355,29,4,,1,100,,9356,29,4,,1,100,,9357,29,4,,1,100,,9358,29,4,,1,100,,9359,29,4,,1,100,,9360,29,4,,1,100,,9361,29,4,,1,100,,9362,29,4,,1,100,,9363,29,4,,1,100,,9364,29,4,,1,100,,9365,29,4,,1,100,,9366,29,4,,1,100,,9367,29,4,,1
11401,'Weekday',512,,9398,29,4,,1,30,,9399,29,4,,1,70,,9389,29,4,,1,30,,9390,29,4,,1,70,,9370,29,4,,1,30,,9371,29,4,,1,70,,9372,29,4,,1,30,,9373,29,4,,1,70,,9374,29,4,,1,30,,9392,29,4,,1,70,,9375,29,4,,1,30,,9395,29,4,,1,70,,9376,29,4,,1,30,,9396,29,4,,1,70,,9378,29,4,,1,30,,9397,29,4,,1,70,,9380,29,4,,1,30,,9394,29,4,,1,70,,9377,29,4,,1,30,,9393,29,4,,1,70,,9379,29,4,,1,30,,9381,29,4,,1,70,,9382,29,4,,1,30,,9384,29,4,,1,70,,9383,29,4,,1,30,,9385,29,4,,1,70,,9386,29,4,,1,30,,9391,29,4,,1,70,,9369,29,4,,1,100,,9388,29,4,,1,100,,9368,29,4,,1,100,,9387,29,4,,1
11401,'Saturday',707,,9400,29,4,,1,100,,9402,29,4,,1,100,,9403,29,4,,1,100,,9401,29,4,,1,100,,9404,29,4,,1,100,,9406,29,4,,1,100,,9407,29,4,,1,100,,9405,29,4,,1,100,,9410,29,4,,1,100,,9408,29,4,,1,100,,9411,29,4,,1,100,,9409,29,4,,1,100,,9412,29,4,,1,100,,9413,29,4,,1,100,,9414,29,4,,1,100,,9415,29,4,,1
11700,'Sunday',726,,9426,25,4,,1,101,,9424,25,4,,1,101,,9422,25,4,,1,102,,9423,25,4,,1,102,,9421,25,4,,1,101,,9429,25,4,,1,106,,9419,25,4,,1,70,,9431,25,4,,1,31,,9430,25,4,,1,70,,9432,25,4,,1,35,,9427,25,4,,1,70,,9433,25,4,,1,30,,9420,25,4,,1,69,,9434,25,4,,1,29,,9428,25,4,,1,69,,9435,25,4,,1,30,,9416,25,4,,1,93,,9418,25,4,,1,99,,9417,25,4,,1,94,,9425,25,4,,1
11700,'Weekday',603,,9436,25,4,,1,26,,9465,25,4,,1,30,,9437,25,4,,1,73,,9438,25,4,,1,72,,9439,25,4,,1,30,,9440,25,4,,1,68,,9441,25,4,,1,30,,9468,25,4,,1,71,,9442,25,4,,1,30,,9467,25,4,,1,70,,9443,25,4,,1,30,,9462,25,4,,1,71,,9444,25,4,,1,30,,9463,25,4,,1,70,,9446,25,4,,1,32,,9469,25,4,,1,70,,9447,25,4,,1,32,,9461,25,4,,1,70,,9448,25,4,,1,38,,9445,25,4,,1,71,,9449,25,4,,1,30,,9450,25,4,,1,68,,9451,25,4,,1,30,,9452,25,4,,1,67,,9453,25,4,,1,28,,9454,25,4,,1,69,,9455,25,4,,1,28,,9456,25,4,,1,69,,9457,25,4,,1,30,,9458,25,4,,1,64,,9466,25,4,,1,29,,9459,25,4,,1,98,,9460,25,4,,1,97,,9464,25,4,,1
11700,'Saturday',625,,9483,25,4,,1,102,,9471,25,4,,1,101,,9479,25,4,,1,102,,9475,25,4,,1,102,,9473,25,4,,1,103,,9477,25,4,,1,101,,9482,25,4,,1,77,,9487,25,4,,1,30,,9474,25,4,,1,69,,9488,25,4,,1,30,,9481,25,4,,1,70,,9489,25,4,,1,35,,9478,25,4,,1,69,,9490,25,4,,1,30,,9480,25,4,,1,69,,9491,25,4,,1,30,,9485,25,4,,1,70,,9492,25,4,,1,29,,9470,25,4,,1,93,,9484,25,4,,1,98,,9472,25,4,,1,95,,9476,25,4,,1,98,,9486,25,4,,1
12000,'Sunday',805,,9687,42,4,,1,100,,9688,42,4,,1,100,,9689,42,4,,1,100,,9686,42,4,,1,100,,9690,42,4,,1,100,,9691,42,4,,1,100,,9692,42,4,,1,100,,9693,42,4,,1,100,,9694,42,4,,1,100,,9695,42,4,,1,100,,9696,42,4,,1,100,,9697,42,4,,1,100,,9685,42,4,,1,100,,9698,42,4,,1
12000,'Weekday',455,,9716,42,4,,1,85,,9717,42,4,,1,70,,9703,42,4,,1,30,,9718,42,4,,1,70,,9701,42,4,,1,30,,9719,42,4,,1,70,,9699,42,4,,1,32,,9720,42,4,,1,70,,9700,42,4,,1,30,,9725,42,4,,1,70,,9702,42,4,,1,30,,9726,42,4,,1,70,,9706,42,4,,1,30,,9727,42,4,,1,70,,9704,42,4,,1,30,,9728,42,4,,1,70,,9707,42,4,,1,30,,9729,42,4,,1,70,,9705,42,4,,1,30,,9730,42,4,,1,70,,9709,42,4,,1,30,,9721,42,4,,1,70,,9710,42,4,,1,30,,9722,42,4,,1,71,,9708,42,4,,1,30,,9723,42,4,,1,69,,9715,42,4,,1,30,,9724,42,4,,1,70,,9713,42,4,,1,98,,9714,42,4,,1,100,,9711,42,4,,1,100,,9712,42,4,,1
12000,'Saturday',605,,9736,42,4,,1,100,,9735,42,4,,1,100,,9739,42,4,,1,100,,9738,42,4,,1,100,,9741,42,4,,1,100,,9740,42,4,,1,100,,9737,42,4,,1,100,,9743,42,4,,1,100,,9744,42,4,,1,100,,9742,42,4,,1,100,,9746,42,4,,1,100,,9745,42,4,,1,100,,9734,42,4,,1,100,,9732,42,4,,1,100,,9731,42,4,,1,100,,9733,42,4,,1,100,,9747,42,4,,1
13001,'Sunday',720,,10001,50,4,,1,100,,9987,50,4,,1,100,,9988,50,4,,1,100,,9989,50,4,,1,100,,9990,50,4,,1,105,,9991,50,4,,1,100,,9992,50,4,,1,100,,9993,50,4,,1,100,,9994,50,4,,1,100,,9995,50,4,,1,100,,9996,50,4,,1,100,,9998,50,4,,1,95,,9997,50,4,,1,95,,9999,50,4,,1,100,,10000,50,4,,1
13001,'Weekday',505,,10024,50,4,,1,30,,10026,50,4,,1,70,,10009,50,4,,1,30,,10027,50,4,,1,70,,10010,50,4,,1,30,,10003,50,4,,1,70,,10011,50,4,,1,30,,10005,50,4,,1,70,,10012,50,4,,1,30,,10028,50,4,,1,70,,10002,50,4,,1,30,,10029,50,4,,1,70,,10020,50,4,,1,30,,10030,50,4,,1,70,,10018,50,4,,1,30,,10031,50,4,,1,70,,10016,50,4,,1,30,,10032,50,4,,1,70,,10017,50,4,,1,30,,10033,50,4,,1,70,,10019,50,4,,1,30,,10014,50,4,,1,70,,10023,50,4,,1,30,,10015,50,4,,1,70,,10022,50,4,,1,30,,10004,50,4,,1,70,,10013,50,4,,1,30,,10006,50,4,,1,70,,10021,50,4,,1,100,,10007,50,4,,1,105,,10008,50,4,,1,95,,10025,50,4,,1
13001,'Saturday',620,,10050,50,4,,1,100,,10034,50,4,,1,100,,10035,50,4,,1,100,,10036,50,4,,1,100,,10037,50,4,,1,100,,10038,50,4,,1,105,,10039,50,4,,1,100,,10040,50,4,,1,100,,10041,50,4,,1,100,,10042,50,4,,1,100,,10043,50,4,,1,100,,10044,50,4,,1,100,,10045,50,4,,1,95,,10046,50,4,,1,95,,10047,50,4,,1,100,,10048,50,4,,1,100,,10049,50,4,,1
20100,'Sunday',825,,10185,37,4,,1,101,,10187,37,4,,1,101,,10188,37,4,,1,80,,10186,37,4,,1,40,,10189,37,4,,1,81,,10184,37,4,,1,80,,10190,37,4,,1,40,,10191,37,4,,1,80,,10192,37,4,,1,80,,10193,37,4,,1,40,,10195,37,4,,1,80,,10196,37,4,,1,80,,10197,37,4,,1,40,,10199,37,4,,1,79,,10200,37,4,,1,79,,10201,37,4,,1,40,,10202,37,4,,1,80,,10203,37,4,,1,100,,10194,37,4,,1,100,,10198,37,4,,1
20100,'Weekday',602,,10208,37,4,,1,44,,10209,37,4,,1,78,,10210,37,4,,1,31,,10211,37,4,,1,70,,10212,37,4,,1,29,,10213,37,4,,1,68,,10214,37,4,,1,29,,10215,37,4,,1,70,,10216,37,4,,1,29,,10217,37,4,,1,70,,10218,37,4,,1,30,,10219,37,4,,1,70,,10220,37,4,,1,30,,10221,37,4,,1,70,,10222,37,4,,1,30,,10223,37,4,,1,70,,10224,37,4,,1,31,,10225,37,4,,1,70,,10226,37,4,,1,33,,10227,37,4,,1,71,,10228,37,4,,1,30,,10229,37,4,,1,69,,10230,37,4,,1,30,,10231,37,4,,1,68,,10232,37,4,,1,28,,10233,37,4,,1,70,,10234,37,4,,1,29,,10204,37,4,,1,70,,10206,37,4,,1,29,,10205,37,4,,1,70,,10207,37,4,,1,30,,10235,37,4,,1,69,,10236,37,4,,1,90,,10237,37,4,,1
20100,'Saturday',725,,10250,37,4,,1,100,,10241,37,4,,1,102,,10249,37,4,,1,101,,10240,37,4,,1,80,,10242,37,4,,1,40,,10247,37,4,,1,80,,10248,37,4,,1,81,,10239,37,4,,1,40,,10251,37,4,,1,80,,10243,37,4,,1,80,,10238,37,4,,1,40,,10252,37,4,,1,80,,10244,37,4,,1,80,,10246,37,4,,1,40,,10254,37,4,,1,80,,10255,37,4,,1,79,,10256,37,4,,1,40,,10257,37,4,,1,79,,10258,37,4,,1,99,,10245,37,4,,1,100,,10253,37,4,,1
20200,'Sunday',756,,10347,47,4,,1,100,,10334,47,4,,1,101,,10333,47,4,,1,91,,10335,47,4,,1,80,,10336,47,4,,1,80,,10337,47,4,,1,40,,10340,47,4,,1,81,,10338,47,4,,1,80,,10341,47,4,,1,40,,10339,47,4,,1,79,,10343,47,4,,1,80,,10342,47,4,,1,40,,10344,47,4,,1,80,,10348,47,4,,1,80,,10349,47,4,,1,39,,10350,47,4,,1,80,,10351,47,4,,1,80,,10352,47,4,,1,50,,10345,47,4,,1,100,,10346,47,4,,1
20200,'Weekday',505,,10384,8,4,,1,37,,10353,47,4,,1,81,,10356,47,4,,1,82,,10361,47,4,,1,34,,10362,47,4,,1,71,,10363,47,4,,1,30,,10364,47,4,,1,68,,10365,47,4,,1,29,,10366,47,4,,1,69,,10367,47,4,,1,29,,10368,47,4,,1,70,,10369,47,4,,1,30,,10371,47,4,,1,70,,10372,47,4,,1,30,,10373,47,4,,1,70,,10370,47,4,,1,30,,10375,47,4,,1,70,,10376,47,4,,1,32,,10377,47,4,,1,70,,10374,47,4,,1,31,,10378,47,4,,1,72,,10379,47,4,,1,30,,10380,47,4,,1,71,,10381,47,4,,1,30,,10382,47,4,,1,67,,10383,47,4,,1,27,,10359,47,4,,1,69,,10360,47,4,,1,30,,10357,47,4,,1,69,,10354,47,4,,1,29,,10355,47,4,,1,70,,10358,47,4,,1,30,,10385,47,4,,1,70,,10386,47,4,,1,34,,10387,47,4,,1
20200,'Saturday',626,,10405,47,4,,1,30,,10389,47,4,,1,100,,10390,47,4,,1,101,,10401,47,4,,1,100,,10395,47,4,,1,91,,10388,47,4,,1,80,,10391,47,4,,1,81,,10399,47,4,,1,40,,10393,47,4,,1,80,,10392,47,4,,1,80,,10394,47,4,,1,40,,10402,47,4,,1,80,,10396,47,4,,1,80,,10397,47,4,,1,40,,10398,47,4,,1,80,,10406,47,4,,1,80,,10407,47,4,,1,39,,10408,47,4,,1,80,,10409,47,4,,1,80,,10410,47,4,,1,49,,10403,47,4,,1,100,,10400,47,4,,1,99,,10404,47,4,,1
