10901,'H:113:6:Sunday',750,,13272,1,,,1,100,,13284,1,,,1,100,,13276,1,,,1,100,,13281,1,,,1,100,,13273,1,,,1,100,,13274,1,,,1,100,,13282,1,,,1,100,,13277,1,,,1,100,,13280,1,,,1,100,,13275,1,,,1,100,,13278,1,,,1,100,,13283,1,,,1,100,,13279,1,,,1,100,,13285,1,,,1
10901,'H:123:0:Weekday',450,,13287,1,,,1,100,,13297,1,,,1,100,,13298,1,,,1,100,,13301,1,,,1,100,,13303,1,,,1,100,,13293,1,,,1,100,,13296,1,,,1,90,,13292,1,,,1,100,,13291,1,,,1,95,,13302,1,,,1,100,,13295,1,,,1,100,,13290,1,,,1,100,,13300,1,,,1,105,,13294,1,,,1,100,,13299,1,,,1,110,,13288,1,,,1,150,,13289,1,,,1,100,,13286,1,,,1
10901,'H:173:5:Saturday',650,,13304,1,,,1,100,,13317,1,,,1,100,,13310,1,,,1,100,,13315,1,,,1,100,,13306,1,,,1,100,,13305,1,,,1,100,,13318,1,,,1,100,,13309,1,,,1,100,,13313,1,,,1,100,,13307,1,,,1,100,,13308,1,,,1,100,,13316,1,,,1,100,,13311,1,,,1,100,,13314,1,,,1,100,,13312,1,,,1
11200,'H:113:6:Sunday',655,,13323,1,,,1,70,,13338,1,,,1,29,,13324,1,,,1,70,,13339,1,,,1,29,,13325,1,,,1,69,,13340,1,,,1,30,,13326,1,,,1,70,,13341,1,,,1,30,,13329,1,,,1,69,,13342,1,,,1,30,,13330,1,,,1,70,,13343,1,,,1,30,,13332,1,,,1,70,,13344,1,,,1,30,,13328,1,,,1,70,,13345,1,,,1,30,,13327,1,,,1,70,,13346,1,,,1,30,,13333,1,,,1,70,,13347,1,,,1,30,,13331,1,,,1,70,,13348,1,,,1,31,,13334,1,,,1,100,,13335,1,,,1,101,,13336,1,,,1,100,,13337,1,,,1
11200,'H:123:0:Weekday',502,,13366,1,,,1,30,,13367,1,,,1,69,,13350,1,,,1,99,,13352,1,,,1,20,,13376,1,,,1,20,,13381,1,,,1,19,,13351,1,,,1,59,,13378,1,,,1,20,,13382,1,,,1,20,,13349,1,,,1,71,,13375,1,,,1,30,,13353,1,,,1,70,,13368,1,,,1,30,,13354,1,,,1,70,,13370,1,,,1,30,,13355,1,,,1,69,,13372,1,,,1,29,,13356,1,,,1,70,,13371,1,,,1,30,,13357,1,,,1,60,,13374,1,,,1,20,,13383,1,,,1,19,,13358,1,,,1,60,,13379,1,,,1,20,,13384,1,,,1,20,,13361,1,,,1,59,,13377,1,,,1,20,,13385,1,,,1,20,,13362,1,,,1,70,,13380,1,,,1,30,,13359,1,,,1,72,,13369,1,,,1,30,,13360,1,,,1,72,,13373,1,,,1,71,,13363,1,,,1,101,,13364,1,,,1,100,,13365,1,,,1
11200,'H:173:5:Saturday',654,,13389,1,,,1,70,,13409,1,,,1,30,,13391,1,,,1,70,,13408,1,,,1,29,,13388,1,,,1,69,,13406,1,,,1,30,,13386,1,,,1,70,,13412,1,,,1,30,,13390,1,,,1,69,,13410,1,,,1,30,,13392,1,,,1,70,,13405,1,,,1,29,,13393,1,,,1,70,,13401,1,,,1,30,,13395,1,,,1,70,,13404,1,,,1,30,,13397,1,,,1,70,,13411,1,,,1,30,,13394,1,,,1,70,,13407,1,,,1,30,,13398,1,,,1,71,,13402,1,,,1,30,,13396,1,,,1,70,,13403,1,,,1,30,,13399,1,,,1,101,,13400,1,,,1,101,,13387,1,,,1
11200,'KP:323:0:Weekday',630,,13413,1,,,1
11900,'H:113:6:Sunday',755,,13793,1,,,1,100,,13784,1,,,1,100,,13786,1,,,1,100,,13788,1,,,1,100,,13794,1,,,1,100,,13789,1,,,1,100,,13790,1,,,1,100,,13787,1,,,1,100,,13792,1,,,1,100,,13785,1,,,1,100,,13795,1,,,1,100,,13791,1,,,1,100,,13796,1,,,1
11900,'H:123:0:Weekday',555,,13807,1,,,1,70,,13813,1,,,1,20,,13802,1,,,1,80,,13814,1,,,1,30,,13799,1,,,1,70,,13815,1,,,1,30,,13798,1,,,1,70,,13819,1,,,1,30,,13810,1,,,1,70,,13820,1,,,1,30,,13811,1,,,1,70,,13821,1,,,1,30,,13808,1,,,1,70,,13822,1,,,1,30,,13809,1,,,1,70,,13823,1,,,1,30,,13812,1,,,1,70,,13824,1,,,1,30,,13806,1,,,1,70,,13818,1,,,1,30,,13800,1,,,1,70,,13816,1,,,1,30,,13803,1,,,1,70,,13817,1,,,1,30,,13805,1,,,1,100,,13804,1,,,1,100,,13797,1,,,1,100,,13801,1,,,1,100,,13825,1,,,1
11900,'H:173:5:Saturday',555,,13826,1,,,1,100,,13827,1,,,1,100,,13828,1,,,1,100,,13829,1,,,1,100,,13830,1,,,1,100,,13831,1,,,1,100,,13834,1,,,1,100,,13832,1,,,1,100,,13836,1,,,1,100,,13833,1,,,1,100,,13835,1,,,1,100,,13838,1,,,1,100,,13839,1,,,1,100,,13837,1,,,1,100,,13840,1,,,1,100,,13841,1,,,1
12100,'H:113:6:Sunday',655,,14024,1,,,1,100,,14025,1,,,1,100,,14026,1,,,1,100,,14027,1,,,1,100,,14028,1,,,1,100,,14029,1,,,1,100,,14030,1,,,1,100,,14031,1,,,1,100,,14032,1,,,1,100,,14033,1,,,1,100,,14034,1,,,1,100,,14035,1,,,1,100,,14036,1,,,1,100,,14037,1,,,1
12100,'H:123:0:Weekday',525,,14056,1,,,1,25,,14054,1,,,1,65,,14061,1,,,1,25,,14055,1,,,1,65,,14060,1,,,1,25,,14052,1,,,1,25,,14057,1,,,1,70,,14062,1,,,1,25,,14064,1,,,1,70,,14058,1,,,1,95,,14059,1,,,1,90,,14053,1,,,1,50,,14045,1,,,1,90,,14051,1,,,1,90,,14043,1,,,1,95,,14049,1,,,1,100,,14050,1,,,1,70,,14046,1,,,1,30,,14048,1,,,1,75,,14047,1,,,1,35,,14044,1,,,1,70,,14038,1,,,1,30,,14063,1,,,1,75,,14042,1,,,1,100,,14041,1,,,1,100,,14039,1,,,1,100,,14040,1,,,1
12100,'H:173:5:Saturday',555,,14066,1,,,1,100,,14067,1,,,1,100,,14068,1,,,1,100,,14065,1,,,1,100,,14069,1,,,1,100,,14070,1,,,1,100,,14071,1,,,1,100,,14072,1,,,1,100,,14073,1,,,1,100,,14074,1,,,1,100,,14075,1,,,1,100,,14076,1,,,1,100,,14077,1,,,1,100,,14078,1,,,1,100,,14079,1,,,1
12100,'KP:323:0:Weekday',1500,,14080,1,,,1
16600,'H:113:6:Sunday',653,,14266,27,,,1,98,,14267,27,,,1,99,,14268,27,,,1,98,,14269,27,,,1,98,,14270,27,,,1,98,,14271,27,,,1,99,,14272,27,,,1,99,,14273,27,,,1,100,,14274,27,,,1,101,,14275,27,,,1,101,,14276,27,,,1,102,,14277,27,,,1,101,,14278,27,,,1,101,,14279,27,,,1,101,,14280,27,,,1,101,,14281,27,,,1
16600,'H:123:0:Weekday',500,,14304,27,,,1,30,,14293,27,,,1,27,,14302,27,,,1,70,,14292,27,,,1,29,,14305,27,,,1,70,,14287,27,,,1,29,,14297,27,,,1,70,,14286,27,,,1,99,,14285,27,,,1,100,,14284,27,,,1,100,,14283,27,,,1,29,,14294,27,,,1,198,,14299,27,,,1,99,,14298,27,,,1,99,,14296,27,,,1,69,,14290,27,,,1,29,,14295,27,,,1,173,,14282,27,,,1,31,,14301,27,,,1,73,,14289,27,,,1,31,,14288,27,,,1,100,,14291,27,,,1,102,,14300,27,,,1,102,,14303,27,,,1
16600,'H:173:5:Saturday',553,,14306,27,,,1,99,,14307,27,,,1,98,,14309,27,,,1,99,,14310,27,,,1,96,,14311,27,,,1,100,,14308,27,,,1,98,,14312,27,,,1,98,,14314,27,,,1,99,,14315,27,,,1,99,,14319,27,,,1,101,,14317,27,,,1,101,,14320,27,,,1,102,,14318,27,,,1,101,,14316,27,,,1,104,,14321,27,,,1,101,,14313,27,,,1,101,,14322,27,,,1
16600,'KP:323:0:Weekday',855,,14331,27,,,1,99,,14327,27,,,1,100,,14323,27,,,1,167,,14329,27,,,1,30,,14326,27,,,1,70,,14330,27,,,1,99,,14328,27,,,1,99,,14324,27,,,1,198,,14332,27,,,1,32,,14325,27,,,1
16601,'H:113:6:Sunday',723,,14333,35,,,1,101,,14334,35,,,1,101,,14335,35,,,1,102,,14336,35,,,1,101,,14337,35,,,1,101,,14338,35,,,1,101,,14339,35,,,1,100,,14340,35,,,1,100,,14341,35,,,1,100,,14342,35,,,1,100,,14344,35,,,1,99,,14346,35,,,1,99,,14343,35,,,1,99,,14347,35,,,1,99,,14345,35,,,1
16601,'H:123:0:Weekday',531,,14360,35,,,1,71,,14369,35,,,1,31,,14361,35,,,1,70,,14356,35,,,1,101,,14354,35,,,1,31,,14370,35,,,1,70,,14353,35,,,1,100,,14352,35,,,1,30,,14362,35,,,1,201,,14363,35,,,1,102,,14364,35,,,1,100,,14365,35,,,1,71,,14351,35,,,1,132,,14366,35,,,1,70,,14357,35,,,1,99,,14350,35,,,1,29,,14367,35,,,1,97,,14359,35,,,1,70,,14349,35,,,1,30,,14348,35,,,1,99,,14355,35,,,1,98,,14358,35,,,1,99,,14368,35,,,1
16601,'H:173:5:Saturday',623,,14373,35,,,1,101,,14371,35,,,1,102,,14372,35,,,1,101,,14375,35,,,1,101,,14378,35,,,1,101,,14374,35,,,1,101,,14379,35,,,1,100,,14377,35,,,1,102,,14376,35,,,1,101,,14381,35,,,1,100,,14382,35,,,1,99,,14383,35,,,1,99,,14380,35,,,1,99,,14384,35,,,1,98,,14385,35,,,1,99,,14386,35,,,1,98,,14387,35,,,1
16601,'KP:323:0:Weekday',734,,14396,35,,,1,201,,14388,35,,,1,171,,14398,35,,,1,30,,14391,35,,,1,70,,14397,35,,,1,102,,14393,35,,,1,100,,14389,35,,,1,131,,14395,35,,,1,71,,14390,35,,,1,133,,14392,35,,,1,165,,14394,35,,,1
