10901,'H:113:6:Sunday',754,,13272,8,,,1,100,,13284,8,,,1,100,,13276,8,,,1,100,,13281,8,,,1,100,,13273,8,,,1,100,,13274,8,,,1,100,,13282,8,,,1,100,,13277,8,,,1,100,,13280,8,,,1,100,,13275,8,,,1,100,,13278,8,,,1,100,,13283,8,,,1,100,,13279,8,,,1,100,,13285,8,,,1
10901,'H:123:0:Weekday',454,,13287,8,,,1,100,,13297,8,,,1,100,,13298,8,,,1,100,,13301,8,,,1,100,,13303,8,,,1,100,,13293,8,,,1,100,,13296,8,,,1,90,,13292,8,,,1,100,,13291,8,,,1,95,,13302,8,,,1,100,,13295,8,,,1,100,,13290,8,,,1,100,,13300,8,,,1,105,,13294,8,,,1,100,,13299,8,,,1,110,,13288,8,,,1,150,,13289,8,,,1,100,,13286,8,,,1
10901,'H:173:5:Saturday',654,,13304,8,,,1,100,,13317,8,,,1,100,,13310,8,,,1,100,,13315,8,,,1,100,,13306,8,,,1,100,,13305,8,,,1,100,,13318,8,,,1,100,,13309,8,,,1,100,,13313,8,,,1,100,,13307,8,,,1,100,,13308,8,,,1,100,,13316,8,,,1,100,,13311,8,,,1,100,,13314,8,,,1,100,,13312,8,,,1
20101,'H:113:6:Sunday',714,,14488,9,,,1,100,,14474,9,,,1,100,,14476,9,,,1,90,,14477,9,,,1,40,,14479,9,,,1,80,,14480,9,,,1,80,,14478,9,,,1,40,,14475,9,,,1,80,,14482,9,,,1,80,,14483,9,,,1,40,,14484,9,,,1,80,,14485,9,,,1,80,,14481,9,,,1,40,,14489,9,,,1,80,,14490,9,,,1,80,,14491,9,,,1,40,,14492,9,,,1,80,,14493,9,,,1,90,,14486,9,,,1,100,,14487,9,,,1
20101,'H:123:0:Weekday',539,,14497,9,,,1,80,,14498,9,,,1,39,,14502,9,,,1,570,,14503,9,,,1,226,,14510,9,,,1,170,,14504,9,,,1,30,,14505,9,,,1,71,,14506,9,,,1,32,,14500,9,,,1,70,,14501,9,,,1,30,,14499,9,,,1,71,,14494,9,,,1,31,,14496,9,,,1,70,,14495,9,,,1,30,,14508,9,,,1,70,,14509,9,,,1,30,,14507,9,,,1
20101,'H:173:5:Saturday',714,,14517,9,,,1,100,,14511,9,,,1,100,,14512,9,,,1,90,,14523,9,,,1,39,,14516,9,,,1,80,,14513,9,,,1,80,,14514,9,,,1,40,,14525,9,,,1,80,,14519,9,,,1,80,,14515,9,,,1,40,,14518,9,,,1,80,,14524,9,,,1,80,,14521,9,,,1,40,,14527,9,,,1,80,,14528,9,,,1,80,,14529,9,,,1,41,,14530,9,,,1,80,,14531,9,,,1,90,,14522,9,,,1,100,,14520,9,,,1,100,,14526,9,,,1
20101,'KP:323:0:Weekday',728,,14546,9,,,1,30,,14547,9,,,1,70,,14542,9,,,1,30,,14532,9,,,1,70,,14544,9,,,1,30,,14539,9,,,1,70,,14536,9,,,1,30,,14545,9,,,1,70,,14541,9,,,1,30,,14533,9,,,1,100,,14540,9,,,1,70,,14535,9,,,1,28,,14538,9,,,1,69,,14543,9,,,1,99,,14534,9,,,1,30,,14537,9,,,1
20201,'H:113:6:Sunday',624,,14645,9,,,1,120,,14626,9,,,1,100,,14627,9,,,1,100,,14629,9,,,1,80,,14630,9,,,1,80,,14628,9,,,1,40,,14632,9,,,1,80,,14631,9,,,1,80,,14633,9,,,1,40,,14634,9,,,1,80,,14635,9,,,1,80,,14637,9,,,1,40,,14636,9,,,1,80,,14638,9,,,1,80,,14640,9,,,1,40,,14641,9,,,1,80,,14642,9,,,1,80,,14643,9,,,1,40,,14644,9,,,1,100,,14639,9,,,1
20201,'H:123:0:Weekday',440,,14646,9,,,1,80,,14647,9,,,1,119,,14662,9,,,1,674,,14652,9,,,1,97,,14661,9,,,1,30,,14654,9,,,1,99,,14655,9,,,1,70,,14653,9,,,1,30,,14656,9,,,1,70,,14657,9,,,1,32,,14658,9,,,1,71,,14659,9,,,1,30,,14660,9,,,1,71,,14651,9,,,1,30,,14649,9,,,1,71,,14648,9,,,1,30,,14663,9,,,1,70,,14664,9,,,1,30,,14665,9,,,1,91,,14650,9,,,1
20201,'H:173:5:Saturday',554,,14687,9,,,1,70,,14680,9,,,1,120,,14671,9,,,1,100,,14673,9,,,1,100,,14679,9,,,1,80,,14668,9,,,1,79,,14667,9,,,1,40,,14676,9,,,1,80,,14677,9,,,1,80,,14669,9,,,1,40,,14666,9,,,1,80,,14670,9,,,1,80,,14672,9,,,1,40,,14674,9,,,1,80,,14675,9,,,1,80,,14682,9,,,1,40,,14683,9,,,1,80,,14684,9,,,1,81,,14685,9,,,1,40,,14686,9,,,1,100,,14678,9,,,1,100,,14681,9,,,1
20201,'KP:323:0:Weekday',559,,14699,9,,,1,154,,14700,9,,,1,30,,14697,9,,,1,70,,14702,9,,,1,30,,14690,9,,,1,70,,14693,9,,,1,30,,14695,9,,,1,70,,14698,9,,,1,30,,14701,9,,,1,70,,14696,9,,,1,30,,14688,9,,,1,70,,14691,9,,,1,30,,14694,9,,,1,99,,14692,9,,,1,167,,14689,9,,,1
