10200,'Sunday',733,,5313,4,,1,202,,5315,4,,1,302,,5318,4,,1,71,,5333,4,,1,30,,5319,4,,1,300,,5323,4,,1,99,,5324,4,,1,199,,5322,4,,1,98,,5326,4,,1
10200,'Weekday',912,,5369,4,,1,231,,5346,4,,1,277,,5352,4,,1,325,,5364,4,,1,69,,5372,4,,1
13000,'Sunday',825,,6651,4,,1,203,,6652,4,,1,102,,6655,4,,1,302,,6657,4,,1,694,,6663,4,,1
13000,'Weekday',555,,6683,4,,1,71,,6686,4,,1,32,,6672,4,,1,71,,6687,4,,1,72,,6664,4,,1,103,,6665,4,,1,29,,6688,4,,1,69,,6673,4,,1,30,,6690,4,,1,70,,6682,4,,1,30,,6691,4,,1,70,,6679,4,,1,30,,6692,4,,1,70,,6680,4,,1,30,,6693,4,,1,72,,6681,4,,1,30,,6694,4,,1,73,,6678,4,,1,29,,6695,4,,1,70,,6666,4,,1,31,,6684,4,,1,70,,6676,4,,1,28,,6675,4,,1,166,,6668,4,,1,58,,6669,4,,1,98,,6670,4,,1,98,,6671,4,,1,100,,6685,4,,1
13000,'Saturday',621,,6711,4,,1,101,,6696,4,,1,104,,6697,4,,1,101,,6698,4,,1,102,,6699,4,,1,102,,6700,4,,1,102,,6701,4,,1,101,,6702,4,,1,100,,6703,4,,1,99,,6704,4,,1,100,,6705,4,,1,99,,6706,4,,1,98,,6707,4,,1,98,,6708,4,,1,99,,6709,4,,1,99,,6710,4,,1,100,,6712,4,,1
13001,'Sunday',648,,6727,,,1,99,,6713,,,1,98,,6714,,,1,98,,6715,,,1,99,,6716,,,1,104,,6717,,,1,99,,6718,,,1,98,,6719,,,1,99,,6720,,,1,100,,6721,,,1,102,,6722,,,1,100,,6724,,,1,98,,6723,,,1,97,,6725,,,1,101,,6726,,,1
13001,'Weekday',433,,6750,,,1,68,,6752,,,1,29,,6735,,,1,27,,6753,,,1,69,,6736,,,1,28,,6729,,,1,70,,6737,,,1,29,,6731,,,1,71,,6738,,,1,30,,6754,,,1,71,,6728,,,1,30,,6755,,,1,69,,6746,,,1,29,,6756,,,1,70,,6744,,,1,30,,6757,,,1,69,,6742,,,1,30,,6758,,,1,69,,6743,,,1,30,,6759,,,1,68,,6745,,,1,29,,6740,,,1,68,,6749,,,1,31,,6741,,,1,71,,6748,,,1,30,,6730,,,1,71,,6739,,,1,30,,6732,,,1,73,,6747,,,1,103,,6733,,,1,107,,6734,,,1,97,,6751,,,1
13001,'Saturday',548,,6776,,,1,100,,6760,,,1,99,,6761,,,1,95,,6762,,,1,99,,6763,,,1,98,,6764,,,1,103,,6765,,,1,100,,6766,,,1,100,,6767,,,1,100,,6768,,,1,100,,6769,,,1,100,,6770,,,1,101,,6771,,,1,98,,6772,,,1,96,,6773,,,1,101,,6774,,,1,101,,6775,,,1
16600,'Sunday',1331,,6783,4,,1,201,,6785,4,,1,299,,6788,4,,1
16600,'Weekday',810,,6803,4,,1,501,,6799,4,,1,599,,6794,4,,1
90900,'Sunday',700,,9235,4,,1,40,,9236,4,,1,100,,9237,4,,1,85,,9238,4,,1,85,,9239,4,,1,45,,9240,4,,1,85,,9241,4,,1,85,,9242,4,,1,280,,9245,4,,1,40,,9246,4,,1,90,,9247,4,,1,80,,9248,4,,1,90,,9249,4,,1,40,,9250,4,,1,85,,9251,4,,1,90,,9252,4,,1,35,,9253,4,,1,85,,9254,4,,1,75,,9255,4,,1,85,,9256,4,,1
90900,'Weekday',600,,9257,4,,1,100,,9258,4,,1,40,,9259,4,,1,100,,9260,4,,1,85,,9261,4,,1,85,,9262,4,,1,45,,9263,4,,1,170,,9265,4,,1,280,,9268,4,,1,40,,9269,4,,1,90,,9270,4,,1,80,,9271,4,,1,90,,9272,4,,1,40,,9273,4,,1,85,,9274,4,,1,90,,9275,4,,1,35,,9276,4,,1,160,,9277,4,,1,120,,9278,4,,1
90900,'Saturday',600,,9279,4,,1,100,,9280,4,,1,40,,9281,4,,1,100,,9282,4,,1,85,,9283,4,,1,85,,9284,4,,1,45,,9285,4,,1,85,,9286,4,,1,85,,9287,4,,1,100,,9288,4,,1,90,,9289,4,,1,90,,9290,4,,1,40,,9291,4,,1,90,,9292,4,,1,80,,9293,4,,1,90,,9294,4,,1,40,,9295,4,,1,85,,9296,4,,1,90,,9297,4,,1,35,,9298,4,,1,85,,9299,4,,1,75,,9300,4,,1,85,,9301,4,,1
90901,'Sunday',705,,9302,,,1,40,,9303,,,1,90,,9304,,,1,85,,9305,,,1,95,,9306,,,1,90,,9307,,,1,45,,9308,,,1,85,,9309,,,1,90,,9310,,,1,85,,9311,,,1,100,,9312,,,1,40,,9313,,,1,90,,9314,,,1,80,,9315,,,1,90,,9316,,,1,45,,9317,,,1,85,,9318,,,1,85,,9319,,,1,75,,9320,,,1,50,,9321,,,1,70,,9322,,,1
90901,'Weekday',525,,9323,,,1,85,,9324,,,1,95,,9325,,,1,40,,9326,,,1,90,,9327,,,1,85,,9328,,,1,95,,9329,,,1,90,,9330,,,1,45,,9331,,,1,85,,9332,,,1,90,,9333,,,1,85,,9334,,,1,100,,9335,,,1,40,,9336,,,1,90,,9337,,,1,80,,9338,,,1,90,,9339,,,1,45,,9340,,,1,85,,9341,,,1,85,,9342,,,1,75,,9343,,,1,120,,9344,,,1,130,,9345,,,1
90901,'Saturday',525,,9346,,,1,85,,9347,,,1,95,,9348,,,1,40,,9349,,,1,90,,9350,,,1,85,,9351,,,1,95,,9352,,,1,90,,9353,,,1,45,,9354,,,1,85,,9355,,,1,90,,9356,,,1,85,,9357,,,1,100,,9358,,,1,40,,9359,,,1,90,,9360,,,1,80,,9361,,,1,90,,9362,,,1,45,,9363,,,1,85,,9364,,,1,85,,9365,,,1,75,,9366,,,1,50,,9367,,,1,70,,9368,,,1
