'MCOB-DO:111:6:Sunday:1:25SEP:1234567',22000,71500,,'',1,10000,,'',1,10100,,'',1,10000,,'',1,10000,,'',1,10000,,'',1,10000,,'',1,10000,,'',1,10000,,'',1,10000,,'',1,10000,,'',1,10000,,'',1,9900,,'',1,10000,,'',1
'MCOB-DO:111:6:Sunday:1:25SEP:1234567',22001,71300,4,'',1,10000,4,'',1,10100,4,'',1,10000,4,'',1,10000,4,'',1,10000,4,'',1,10000,4,'',1,10000,4,'',1,10000,4,'',1,10000,4,'',1,10000,4,'',1,10000,4,'',1,9900,4,'',1,10000,4,'',1
'MCOB-DO:111:6:Sunday:2:25SEP:1234567',22000,71500,,'',1,10000,,'',1,10100,,'',1,10000,,'',1,10000,,'',1,10000,,'',1,10000,,'',1,10000,,'',1,10000,,'',1,10000,,'',1,10000,,'',1,10000,,'',1,9900,,'',1,10000,,'',1
'MCOB-DO:111:6:Sunday:2:25SEP:1234567',22001,71300,4,'',1,10000,4,'',1,10100,4,'',1,10000,4,'',1,10000,4,'',1,10000,4,'',1,10000,4,'',1,10000,4,'',1,10000,4,'',1,10000,4,'',1,10000,4,'',1,10000,4,'',1,9900,4,'',1,10000,4,'',1
'MCOB-DO:121:0:Weekday:2:25SEP:12345',22000,51300,,'',1,10100,,'',1,10000,,'',1,10400,,'',1,10000,,'',1,10300,,'',1,10200,,'',1,10000,,'',1,10000,,'',1,10300,,'',1,10000,,'',1,10000,,'',1,9700,,'',1,9900,,'',1,9500,,'',1,10000,,'',1,10000,,'',1,10000,,'',1
'MCOB-DO:121:0:Weekday:2:25SEP:12345',22001,51200,4,'',1,10000,4,'',1,10000,4,'',1,10400,4,'',1,10000,4,'',1,10300,4,'',1,10200,4,'',1,10000,4,'',1,10000,4,'',1,10300,4,'',1,10000,4,'',1,10000,4,'',1,9700,4,'',1,9900,4,'',1,9500,4,'',1,10000,4,'',1,9800,4,'',1,10000,4,'',1
'MCOB-DO:171:5:Saturday:2:25SEP:6',22000,61300,,'',1,10000,,'',1,10200,,'',1,10100,,'',1,10000,,'',1,10100,,'',1,10000,,'',1,10000,,'',1,10000,,'',1,10000,,'',1,10000,,'',1,10000,,'',1,9900,,'',1,9900,,'',1,9900,,'',1,10000,,'',1
'MCOB-DO:171:5:Saturday:2:25SEP:6',22001,61100,4,'',1,10000,4,'',1,10200,4,'',1,10100,4,'',1,10000,4,'',1,10100,4,'',1,10000,4,'',1,10000,4,'',1,10000,4,'',1,10000,4,'',1,10000,4,'',1,10000,4,'',1,9900,4,'',1,9900,4,'',1,9900,4,'',1,10000,4,'',1
'MCOB-DO:171:5:Saturday:3:25SEP:6',22000,61300,,'',1,10000,,'',1,10200,,'',1,10100,,'',1,10000,,'',1,10100,,'',1,10000,,'',1,10000,,'',1,10000,,'',1,10000,,'',1,10000,,'',1,10000,,'',1,9900,,'',1,9900,,'',1,9900,,'',1,10000,,'',1
'MCOB-DO:171:5:Saturday:3:25SEP:6',22001,61100,4,'',1,10000,4,'',1,10200,4,'',1,10100,4,'',1,10000,4,'',1,10100,4,'',1,10000,4,'',1,10000,4,'',1,10000,4,'',1,10000,4,'',1,10000,4,'',1,10000,4,'',1,9900,4,'',1,9900,4,'',1,9900,4,'',1,10000,4,'',1
