27000,'H:123:0:Weekday',440,,15088,2,,,1,105,,15089,2,,,1,100,,15090,2,,,1,1495,,15091,2,,,1
27001,'H:123:0:Weekday',620,,15094,32,,,1
27100,'H:113:6:Sunday',655,,15096,2,,,1,100,,15097,2,,,1,100,,15107,2,,,1,100,,15098,2,,,1,100,,15099,2,,,1,100,,15100,2,,,1,100,,15101,2,,,1,100,,15102,2,,,1,100,,15109,2,,,1,100,,15103,2,,,1,100,,15104,2,,,1,100,,15105,2,,,1,100,,15106,2,,,1,100,,15108,2,,,1
27100,'H:123:0:Weekday',740,,15113,2,,,1,415,,15114,2,,,1,100,,15123,2,,,1,100,,15116,2,,,1,100,,15117,2,,,1,150,,15115,2,,,1,100,,15118,2,,,1,100,,15120,2,,,1,50,,15121,2,,,1,100,,15122,2,,,1,100,,15119,2,,,1
27100,'H:173:5:Saturday',655,,15133,2,,,1,100,,15125,2,,,1,100,,15134,2,,,1,100,,15126,2,,,1,100,,15132,2,,,1,100,,15124,2,,,1,100,,15131,2,,,1,100,,15127,2,,,1,100,,15135,2,,,1,100,,15128,2,,,1,100,,15130,2,,,1,100,,15129,2,,,1,100,,15136,2,,,1,100,,15137,2,,,1,100,,15138,2,,,1
27100,'KP:323:0:Weekday',855,,15139,2,,,1,100,,15142,2,,,1,100,,15140,2,,,1
27101,'H:113:6:Sunday',812,,15156,45,,,1,111,,15146,45,,,1,104,,15143,45,,,1,102,,15144,45,,,1,101,,15145,45,,,1,100,,15147,45,,,1,100,,15154,45,,,1,101,,15148,45,,,1,100,,15149,45,,,1,100,,15151,45,,,1,98,,15150,45,,,1,98,,15152,45,,,1,99,,15155,45,,,1,100,,15153,45,,,1
27101,'H:123:0:Weekday',730,,15157,45,,,1,400,,15158,45,,,1,104,,15169,45,,,1,105,,15159,45,,,1,100,,15161,45,,,1,106,,15160,45,,,1,103,,15162,45,,,1,99,,15167,45,,,1,95,,15163,45,,,1,93,,15164,45,,,1,95,,15165,45,,,1,97,,15168,45,,,1,100,,15166,45,,,1
27101,'H:173:5:Saturday',814,,15170,45,,,1,113,,15176,45,,,1,104,,15173,45,,,1,104,,15177,45,,,1,103,,15174,45,,,1,100,,15179,45,,,1,98,,15175,45,,,1,100,,15180,45,,,1,98,,15172,45,,,1,100,,15178,45,,,1,100,,15171,45,,,1,97,,15181,45,,,1,99,,15182,45,,,1,97,,15183,45,,,1,100,,15184,45,,,1
27101,'KP:323:0:Weekday',831,,15185,45,,,1,100,,15187,45,,,1,99,,15186,45,,,1
