10900,'H:113:6:Sunday',808,,13231,17,,,1,101,,13235,17,,,1,100,,13226,17,,,1,100,,13227,17,,,1,100,,13238,17,,,1,101,,13229,17,,,1,100,,13234,17,,,1,100,,13228,17,,,1,99,,13230,17,,,1,100,,13237,17,,,1,100,,13233,17,,,1,100,,13236,17,,,1,100,,13232,17,,,1,99,,13239,17,,,1
10900,'H:123:0:Weekday',505,,13253,17,,,1,102,,13247,17,,,1,102,,13243,17,,,1,100,,13249,17,,,1,105,,13256,17,,,1,100,,13241,17,,,1,100,,13255,17,,,1,100,,13254,17,,,1,100,,13246,17,,,1,100,,13252,17,,,1,101,,13244,17,,,1,101,,13248,17,,,1,99,,13251,17,,,1,99,,13245,17,,,1,99,,13242,17,,,1,99,,13240,17,,,1,100,,13250,17,,,1
10900,'H:173:5:Saturday',709,,13261,17,,,1,100,,13264,17,,,1,101,,13260,17,,,1,101,,13257,17,,,1,100,,13269,17,,,1,101,,13262,17,,,1,100,,13267,17,,,1,100,,13258,17,,,1,99,,13259,17,,,1,100,,13271,17,,,1,99,,13263,17,,,1,100,,13268,17,,,1,100,,13265,17,,,1,99,,13266,17,,,1,100,,13270,17,,,1
27001,'H:123:0:Weekday',538,,15094,12,,,1,121,,15092,12,0,5,1,1042,,15093,12,0,5,1
27001,'KP:323:0:Weekday',559,,15095,12,0,5,1
27101,'H:113:6:Sunday',719,,15156,12,,,1,110,,15146,12,,,1,100,,15143,12,,,1,100,,15144,12,,,1,100,,15145,12,,,1,100,,15147,12,,,1,100,,15154,12,,,1,100,,15148,12,,,1,100,,15149,12,,,1,100,,15151,12,,,1,100,,15150,12,,,1,100,,15152,12,,,1,100,,15155,12,,,1,100,,15153,12,,,1
27101,'H:123:0:Weekday',629,,15157,12,,,1,400,,15158,12,,,1,100,,15169,12,,,1,101,,15159,12,,,1,100,,15161,12,,,1,101,,15160,12,,,1,100,,15162,12,,,1,100,,15167,12,,,1,100,,15163,12,,,1,99,,15164,12,,,1,100,,15165,12,,,1,99,,15168,12,,,1,100,,15166,12,,,1
27101,'H:173:5:Saturday',719,,15170,12,,,1,110,,15176,12,,,1,100,,15173,12,,,1,101,,15177,12,,,1,100,,15174,12,,,1,100,,15179,12,,,1,100,,15175,12,,,1,100,,15180,12,,,1,100,,15172,12,,,1,100,,15178,12,,,1,100,,15171,12,,,1,99,,15181,12,,,1,100,,15182,12,,,1,100,,15183,12,,,1,100,,15184,12,,,1
27101,'KP:323:0:Weekday',729,,15185,12,,,1,100,,15187,12,,,1,100,,15186,12,,,1
90800,'H:123:0:Weekday',433,,16720,6,,,1
90800,'KP:323:0:Weekday',503,,16722,6,,,1,55,,16721,6,,,1,75,,16724,6,,,1,110,,16723,6,,,1
