10900,'H:113:6:Sunday',837,,13231,32,,,1,103,,13235,32,,,1,100,,13226,32,,,1,101,,13227,32,,,1,103,,13238,32,,,1,101,,13229,32,,,1,99,,13234,32,,,1,99,,13228,32,,,1,99,,13230,32,,,1,98,,13237,32,,,1,99,,13233,32,,,1,99,,13236,32,,,1,100,,13232,32,,,1,98,,13239,32,,,1
10900,'H:123:0:Weekday',533,,13253,32,,,1,107,,13247,32,,,1,108,,13243,32,,,1,96,,13249,32,,,1,104,,13256,32,,,1,99,,13241,32,,,1,100,,13255,32,,,1,101,,13254,32,,,1,100,,13246,32,,,1,103,,13252,32,,,1,101,,13244,32,,,1,100,,13248,32,,,1,99,,13251,32,,,1,98,,13245,32,,,1,96,,13242,32,,,1,98,,13240,32,,,1,100,,13250,32,,,1
10900,'H:173:5:Saturday',738,,13261,32,,,1,101,,13264,32,,,1,101,,13260,32,,,1,104,,13257,32,,,1,101,,13269,32,,,1,101,,13262,32,,,1,101,,13267,32,,,1,100,,13258,32,,,1,97,,13259,32,,,1,100,,13271,32,,,1,100,,13263,32,,,1,97,,13268,32,,,1,99,,13265,32,,,1,99,,13266,32,,,1,99,,13270,32,,,1
20100,'H:113:6:Sunday',813,,14400,32,,,1,101,,14402,32,,,1,100,,14403,32,,,1,40,,14401,32,,,1,80,,14404,32,,,1,80,,14399,32,,,1,40,,14405,32,,,1,80,,14406,32,,,1,80,,14407,32,,,1,40,,14408,32,,,1,80,,14410,32,,,1,80,,14411,32,,,1,40,,14412,32,,,1,80,,14414,32,,,1,80,,14415,32,,,1,40,,14416,32,,,1,80,,14417,32,,,1,80,,14418,32,,,1,100,,14409,32,,,1,100,,14413,32,,,1
20100,'H:123:0:Weekday',548,,14423,32,,,1,187,,14424,32,,,1,100,,14425,32,,,1,70,,14426,32,,,1,631,,14427,32,,,1,200,,14434,32,,,1,69,,14428,32,,,1,29,,14429,32,,,1,70,,14430,32,,,1,30,,14419,32,,,1,70,,14421,32,,,1,30,,14420,32,,,1,70,,14422,32,,,1,30,,14431,32,,,1,70,,14432,32,,,1,50,,14433,32,,,1
20100,'H:173:5:Saturday',713,,14447,32,,,1,100,,14437,32,,,1,101,,14446,32,,,1,100,,14438,32,,,1,40,,14439,32,,,1,80,,14444,32,,,1,80,,14445,32,,,1,40,,14436,32,,,1,80,,14448,32,,,1,80,,14440,32,,,1,40,,14435,32,,,1,80,,14449,32,,,1,80,,14441,32,,,1,40,,14443,32,,,1,80,,14452,32,,,1,80,,14453,32,,,1,40,,14454,32,,,1,80,,14451,32,,,1,80,,14455,32,,,1,99,,14442,32,,,1,100,,14450,32,,,1
20100,'KP:323:0:Weekday',629,,14473,32,,,1,76,,14470,32,,,1,100,,14469,32,,,1,130,,14472,32,,,1,70,,14471,32,,,1,30,,14463,32,,,1,70,,14457,32,,,1,30,,14464,32,,,1,70,,14462,32,,,1,30,,14467,32,,,1,70,,14468,32,,,1,30,,14465,32,,,1,70,,14456,32,,,1,30,,14458,32,,,1,70,,14460,32,,,1,101,,14459,32,,,1,30,,14461,32,,,1,70,,14466,32,,,1
20200,'H:113:6:Sunday',743,,14562,42,,,1,100,,14549,42,,,1,101,,14548,42,,,1,90,,14550,42,,,1,80,,14551,42,,,1,40,,14552,42,,,1,80,,14555,42,,,1,81,,14553,42,,,1,40,,14556,42,,,1,80,,14554,42,,,1,79,,14558,42,,,1,40,,14557,42,,,1,80,,14559,42,,,1,80,,14563,42,,,1,40,,14564,42,,,1,80,,14565,42,,,1,80,,14566,42,,,1,40,,14567,42,,,1,90,,14560,42,,,1,100,,14561,42,,,1
20200,'H:123:0:Weekday',454,,14583,3,,,1,74,,14568,42,,,1,81,,14571,42,,,1,40,,14575,42,,,1,71,,14576,42,,,1,130,,14577,42,,,1,70,,14578,42,,,1,530,,14579,42,,,1,171,,14580,42,,,1,31,,14581,42,,,1,70,,14582,42,,,1,127,,14574,42,,,1,70,,14572,42,,,1,30,,14569,42,,,1,70,,14570,42,,,1,30,,14573,42,,,1,70,,14584,42,,,1,30,,14585,42,,,1,74,,14586,42,,,1
20200,'H:173:5:Saturday',612,,14604,42,,,1,30,,14588,42,,,1,100,,14589,42,,,1,101,,14600,42,,,1,100,,14594,42,,,1,91,,14587,42,,,1,80,,14590,42,,,1,40,,14598,42,,,1,80,,14592,42,,,1,80,,14591,42,,,1,40,,14593,42,,,1,80,,14601,42,,,1,80,,14595,42,,,1,40,,14596,42,,,1,80,,14597,42,,,1,80,,14605,42,,,1,40,,14606,42,,,1,80,,14607,42,,,1,80,,14608,42,,,1,40,,14609,42,,,1,89,,14602,42,,,1,100,,14599,42,,,1,99,,14603,42,,,1
20200,'KP:323:0:Weekday',750,,14623,42,,,1,70,,14624,42,,,1,130,,14625,42,,,1,70,,14621,42,,,1,30,,14610,42,,,1,70,,14612,42,,,1,30,,14616,42,,,1,70,,14620,42,,,1,30,,14615,42,,,1,70,,14622,42,,,1,30,,14619,42,,,1,70,,14611,42,,,1,101,,14618,42,,,1,30,,14614,42,,,1,200,,14613,42,,,1,69,,14617,42,,,1
