10901,'Sunday',837,,4842,38,,,1,102,,4854,38,,,1,103,,4846,38,,,1,102,,4851,38,,,1,102,,4843,38,,,1,101,,4844,38,,,1,99,,4852,38,,,1,99,,4847,38,,,1,100,,4850,38,,,1,100,,4845,38,,,1,97,,4848,38,,,1,98,,4853,38,,,1,100,,4849,38,,,1,99,,4855,38,,,1
10901,'Weekday',537,,4857,38,,,1,103,,4867,38,,,1,108,,4868,38,,,1,96,,4871,38,,,1,99,,4873,38,,,1,99,,4863,38,,,1,101,,4866,38,,,1,95,,4862,38,,,1,104,,4861,38,,,1,98,,4872,38,,,1,100,,4865,38,,,1,102,,4860,38,,,1,102,,4870,38,,,1,98,,4864,38,,,1,94,,4869,38,,,1,107,,4858,38,,,1,108,,4859,38,,,1,97,,4856,38,,,1
10901,'Saturday',738,,4874,38,,,1,102,,4887,38,,,1,102,,4880,38,,,1,105,,4885,38,,,1,100,,4876,38,,,1,102,,4875,38,,,1,100,,4888,38,,,1,100,,4879,38,,,1,100,,4883,38,,,1,98,,4877,38,,,1,100,,4878,38,,,1,98,,4886,38,,,1,98,,4881,38,,,1,99,,4884,38,,,1,99,,4882,38,,,1
28000,'Sunday',827,,6758,38,,,1,101,,6759,38,,,1,100,,6760,38,,,1,100,,6761,38,,,1,100,,6769,38,,,1,100,,6763,38,,,1,100,,6762,38,,,1,100,,6764,38,,,1,100,,6765,38,,,1,99,,6766,38,,,1,100,,6770,38,,,1,100,,6768,38,,,1,100,,6767,38,,,1
28000,'Weekday',526,,6771,38,,,1,105,,6772,38,,,1,75,,6789,15,,,1,33,,6773,38,,,1,70,,6788,15,,,1,29,,6775,38,,,1,71,,6794,15,,,1,29,,6776,38,,,1,100,,6777,38,,,1,101,,6774,38,,,1,100,,6778,38,,,1,100,,6780,38,,,1,76,,6790,15,,,1,25,,6781,38,,,1,77,,6793,15,,,1,23,,6782,38,,,1,76,,6792,15,,,1,23,,6779,38,,,1,77,,6791,15,,,1,28,,6784,38,,,1,94,,6785,38,,,1,93,,6786,38,,,1,100,,6783,38,,,1,99,,6787,38,,,1
28000,'Saturday',726,,6807,38,,,1,100,,6795,38,,,1,100,,6803,38,,,1,102,,6796,38,,,1,101,,6805,38,,,1,101,,6806,38,,,1,100,,6797,38,,,1,99,,6798,38,,,1,100,,6800,38,,,1,99,,6799,38,,,1,100,,6801,38,,,1,100,,6802,38,,,1,99,,6804,38,,,1,100,,6808,38,,,1
28001,'Sunday',744,,6810,15,,,1,100,,6809,15,,,1,101,,6811,15,,,1,100,,6820,15,,,1,100,,6812,15,,,1,100,,6813,15,,,1,100,,6814,15,,,1,100,,6815,15,,,1,100,,6816,15,,,1,100,,6821,15,,,1,100,,6818,15,,,1,100,,6817,15,,,1,100,,6819,15,,,1
28001,'Weekday',614,,6823,15,,,1,100,,6822,15,,,1,25,,6840,15,0,6 7,1,76,,6824,15,,,1,25,,6839,15,0,6 7,1,75,,6825,15,,,1,100,,6826,15,,,1,101,,6827,15,,,1,100,,6828,15,,,1,102,,6829,15,,,1,100,,6830,15,,,1,20,,6843,15,0,6 7,1,75,,6831,15,,,1,26,,6838,15,0,6 7,1,76,,6837,15,,,1,25,,6832,15,0,6 7,1,75,,6833,15,,,1,25,,6842,15,0,6 7,1,73,,6834,15,,,1,24,,6841,15,0,6 7,1,74,,6835,15,,,1,104,,6836,15,,,1
28001,'Saturday',744,,6852,15,,,1,100,,6844,15,,,1,100,,6855,15,,,1,102,,6850,15,,,1,100,,6853,15,,,1,100,,6851,15,,,1,101,,6849,15,,,1,100,,6846,15,,,1,100,,6848,15,,,1,100,,6845,15,,,1,99,,6847,15,,,1,99,,6854,15,,,1,100,,6856,15,,,1
90300,'Weekday',455,,8211,4,,,1,74,,8212,4,,,1,27,,8213,4,,,1,65,,8214,4,,,1,32,,8215,4,,,1,75,,8216,4,,,1,80,,8217,4,,,1
90301,'Weekday',1602,,8218,15,4,,1,32,,8219,15,4,,1,24,,8220,15,4,,1,70,,8221,15,4,,1,27,,8222,15,4,,1,69,,8223,15,4,,1,29,,8224,15,4,,1,73,,8225,15,4,,1,74,,8226,15,4,,1
