27000,'H:123:0:Weekday',441,,15088,3,,,1,105,,15089,3,,,1,100,,15090,3,,,1,1495,,15091,3,,,1
27001,'H:123:0:Weekday',621,,15094,33,,,1
27100,'H:113:6:Sunday',656,,15096,3,,,1,100,,15097,3,,,1,100,,15107,3,,,1,100,,15098,3,,,1,100,,15099,3,,,1,100,,15100,3,,,1,100,,15101,3,,,1,100,,15102,3,,,1,100,,15109,3,,,1,100,,15103,3,,,1,100,,15104,3,,,1,100,,15105,3,,,1,100,,15106,3,,,1,100,,15108,3,,,1
27100,'H:123:0:Weekday',741,,15113,3,,,1,415,,15114,3,,,1,100,,15123,3,,,1,100,,15116,3,,,1,100,,15117,3,,,1,150,,15115,3,,,1,100,,15118,3,,,1,100,,15120,3,,,1,50,,15121,3,,,1,100,,15122,3,,,1,100,,15119,3,,,1
27100,'H:173:5:Saturday',656,,15133,3,,,1,100,,15125,3,,,1,100,,15134,3,,,1,100,,15126,3,,,1,100,,15132,3,,,1,100,,15124,3,,,1,100,,15131,3,,,1,100,,15127,3,,,1,100,,15135,3,,,1,100,,15128,3,,,1,100,,15130,3,,,1,100,,15129,3,,,1,100,,15136,3,,,1,100,,15137,3,,,1,100,,15138,3,,,1
27100,'KP:323:0:Weekday',856,,15139,3,,,1,100,,15142,3,,,1,100,,15140,3,,,1
27101,'H:113:6:Sunday',812,,15156,46,,,1,112,,15146,46,,,1,104,,15143,46,,,1,102,,15144,46,,,1,101,,15145,46,,,1,100,,15147,46,,,1,100,,15154,46,,,1,101,,15148,46,,,1,100,,15149,46,,,1,100,,15151,46,,,1,98,,15150,46,,,1,98,,15152,46,,,1,99,,15155,46,,,1,100,,15153,46,,,1
27101,'H:123:0:Weekday',731,,15157,46,,,1,400,,15158,46,,,1,104,,15169,46,,,1,105,,15159,46,,,1,100,,15161,46,,,1,106,,15160,46,,,1,103,,15162,46,,,1,99,,15167,46,,,1,95,,15163,46,,,1,93,,15164,46,,,1,95,,15165,46,,,1,97,,15168,46,,,1,100,,15166,46,,,1
27101,'H:173:5:Saturday',815,,15170,46,,,1,113,,15176,46,,,1,104,,15173,46,,,1,104,,15177,46,,,1,103,,15174,46,,,1,100,,15179,46,,,1,98,,15175,46,,,1,100,,15180,46,,,1,98,,15172,46,,,1,100,,15178,46,,,1,100,,15171,46,,,1,97,,15181,46,,,1,99,,15182,46,,,1,97,,15183,46,,,1,100,,15184,46,,,1
27101,'KP:323:0:Weekday',832,,15185,46,,,1,100,,15187,46,,,1,99,,15186,46,,,1
