27000,'H:123:0:Weekday',441,,15088,4,,,1,105,,15089,4,,,1,100,,15090,4,,,1,1495,,15091,4,,,1
27001,'H:123:0:Weekday',622,,15094,34,4,,1
27100,'H:113:6:Sunday',656,,15096,4,,,1,100,,15097,4,,,1,100,,15107,4,,,1,100,,15098,4,,,1,100,,15099,4,,,1,100,,15100,4,,,1,100,,15101,4,,,1,100,,15102,4,,,1,100,,15109,4,,,1,100,,15103,4,,,1,100,,15104,4,,,1,100,,15105,4,,,1,100,,15106,4,,,1,100,,15108,4,,,1
27100,'H:123:0:Weekday',741,,15113,4,,,1,415,,15114,4,,,1,100,,15123,4,,,1,100,,15116,4,,,1,100,,15117,4,,,1,150,,15115,4,,,1,100,,15118,4,,,1,100,,15120,4,,,1,50,,15121,4,,,1,100,,15122,4,,,1,100,,15119,4,,,1
27100,'H:173:5:Saturday',656,,15133,4,,,1,100,,15125,4,,,1,100,,15134,4,,,1,100,,15126,4,,,1,100,,15132,4,,,1,100,,15124,4,,,1,100,,15131,4,,,1,100,,15127,4,,,1,100,,15135,4,,,1,100,,15128,4,,,1,100,,15130,4,,,1,100,,15129,4,,,1,100,,15136,4,,,1,100,,15137,4,,,1,100,,15138,4,,,1
27100,'KP:323:0:Weekday',856,,15139,4,,,1,100,,15142,4,,,1,100,,15140,4,,,1
27101,'H:113:6:Sunday',813,,15156,47,4,,1,112,,15146,47,4,,1,104,,15143,47,4,,1,102,,15144,47,4,,1,101,,15145,47,4,,1,100,,15147,47,4,,1,100,,15154,47,4,,1,101,,15148,47,4,,1,100,,15149,47,4,,1,100,,15151,47,4,,1,98,,15150,47,4,,1,98,,15152,47,4,,1,99,,15155,47,4,,1,100,,15153,47,4,,1
27101,'H:123:0:Weekday',732,,15157,47,4,,1,400,,15158,47,4,,1,104,,15169,47,4,,1,105,,15159,47,4,,1,100,,15161,47,4,,1,106,,15160,47,4,,1,103,,15162,47,4,,1,99,,15167,47,4,,1,95,,15163,47,4,,1,93,,15164,47,4,,1,95,,15165,47,4,,1,97,,15168,47,4,,1,100,,15166,47,4,,1
27101,'H:173:5:Saturday',816,,15170,47,4,,1,113,,15176,47,4,,1,104,,15173,47,4,,1,104,,15177,47,4,,1,103,,15174,47,4,,1,100,,15179,47,4,,1,98,,15175,47,4,,1,100,,15180,47,4,,1,98,,15172,47,4,,1,100,,15178,47,4,,1,100,,15171,47,4,,1,97,,15181,47,4,,1,99,,15182,47,4,,1,97,,15183,47,4,,1,100,,15184,47,4,,1
27101,'KP:323:0:Weekday',833,,15185,47,4,,1,100,,15187,47,4,,1,99,,15186,47,4,,1
