27001,'H:123:0:Weekday',526,,15094,2,,,1,120,,15092,2,0,5,1,1000,,15093,2,0,5,1
27001,'KP:323:0:Weekday',546,,15095,2,0,5,1
27101,'H:113:6:Sunday',706,,15156,2,,,1,110,,15146,2,,,1,100,,15143,2,,,1,100,,15144,2,,,1,100,,15145,2,,,1,100,,15147,2,,,1,100,,15154,2,,,1,100,,15148,2,,,1,100,,15149,2,,,1,100,,15151,2,,,1,100,,15150,2,,,1,100,,15152,2,,,1,100,,15155,2,,,1,100,,15153,2,,,1
27101,'H:123:0:Weekday',616,,15157,2,,,1,400,,15158,2,,,1,100,,15169,2,,,1,100,,15159,2,,,1,100,,15161,2,,,1,100,,15160,2,,,1,100,,15162,2,,,1,100,,15167,2,,,1,100,,15163,2,,,1,100,,15164,2,,,1,100,,15165,2,,,1,100,,15168,2,,,1,100,,15166,2,,,1
27101,'H:173:5:Saturday',706,,15170,2,,,1,110,,15176,2,,,1,100,,15173,2,,,1,100,,15177,2,,,1,100,,15174,2,,,1,100,,15179,2,,,1,100,,15175,2,,,1,100,,15180,2,,,1,100,,15172,2,,,1,100,,15178,2,,,1,100,,15171,2,,,1,100,,15181,2,,,1,100,,15182,2,,,1,100,,15183,2,,,1,100,,15184,2,,,1
27101,'KP:323:0:Weekday',716,,15185,2,,,1,100,,15187,2,,,1,100,,15186,2,,,1
28001,'H:113:6:Sunday',731,,15240,2,,,1,100,,15239,2,,,1,100,,15241,2,,,1,100,,15250,2,,,1,100,,15242,2,,,1,100,,15243,2,,,1,100,,15244,2,,,1,100,,15245,2,,,1,100,,15246,2,,,1,100,,15251,2,,,1,100,,15248,2,,,1,100,,15247,2,,,1,100,,15249,2,,,1
28001,'H:123:0:Weekday',601,,15253,2,,,1,100,,15252,2,,,1,100,,15254,2,,,1,25,,15265,2,0,8 7,1,75,,15268,2,,,1,100,,15255,2,,,1,200,,15256,2,,,1,200,,15257,2,,,1,20,,15267,2,0,8 7,1,100,,15264,2,0,8 7,1,35,,15263,2,,,1,65,,15258,2,0,8 7,1,35,,15259,2,,,1,100,,15260,2,,,1,65,,15266,2,0,8 7,1,35,,15261,2,,,1,145,,15262,2,,,1
28001,'H:173:5:Saturday',731,,15277,2,,,1,100,,15269,2,,,1,100,,15280,2,,,1,100,,15275,2,,,1,100,,15278,2,,,1,100,,15276,2,,,1,100,,15274,2,,,1,100,,15271,2,,,1,100,,15273,2,,,1,100,,15270,2,,,1,100,,15272,2,,,1,100,,15279,2,,,1,100,,15281,2,,,1
28001,'KP:323:0:Weekday',726,,15286,2,0,8 7,1,375,,15282,2,,,1,200,,15285,2,,,1,155,,15283,2,,,1,265,,15284,2,0,8 7,1
90701,'H:123:0:Weekday',1440,,16717,8,,,1,67,,16718,8,,,1,37,,16719,8,,,1,90,,16716,8,,,1
