11100,'H:123:0:Weekday',628,,13319,19,,,1,30,,13320,19,,,1
11200,'H:113:6:Sunday',719,,13323,37,,,1,30,,13338,37,,,1,70,,13324,37,,,1,31,,13339,37,,,1,70,,13325,37,,,1,30,,13340,37,,,1,70,,13326,37,,,1,30,,13341,37,,,1,71,,13329,37,,,1,30,,13342,37,,,1,70,,13330,37,,,1,30,,13343,37,,,1,70,,13332,37,,,1,31,,13344,37,,,1,70,,13328,37,,,1,30,,13345,37,,,1,70,,13327,37,,,1,30,,13346,37,,,1,70,,13333,37,,,1,30,,13347,37,,,1,70,,13331,37,,,1,30,,13348,37,,,1,70,,13334,37,,,1,100,,13335,37,,,1,98,,13336,37,,,1,100,,13337,37,,,1
11200,'H:123:0:Weekday',529,,13366,37,,,1,30,,13367,37,,,1,72,,13350,37,,,1,100,,13352,37,,,1,20,,13376,37,,,1,60,,13381,37,,,1,20,,13351,37,,,1,20,,13378,37,,,1,60,,13382,37,,,1,20,,13349,37,,,1,70,,13375,37,,,1,30,,13353,37,,,1,70,,13368,37,,,1,30,,13354,37,,,1,70,,13370,37,,,1,30,,13355,37,,,1,70,,13372,37,,,1,30,,13356,37,,,1,71,,13371,37,,,1,31,,13357,37,,,1,20,,13374,37,,,1,60,,13383,37,,,1,20,,13358,37,,,1,20,,13379,37,,,1,60,,13384,37,,,1,20,,13361,37,,,1,20,,13377,37,,,1,60,,13385,37,,,1,20,,13362,37,,,1,70,,13380,37,,,1,30,,13359,37,,,1,69,,13369,37,,,1,29,,13360,37,,,1,70,,13373,37,,,1,30,,13363,37,,,1,100,,13364,37,,,1,99,,13365,37,,,1
11200,'H:173:5:Saturday',720,,13389,37,,,1,30,,13409,37,,,1,70,,13391,37,,,1,31,,13408,37,,,1,70,,13388,37,,,1,30,,13406,37,,,1,70,,13386,37,,,1,30,,13412,37,,,1,70,,13390,37,,,1,30,,13410,37,,,1,70,,13392,37,,,1,30,,13405,37,,,1,71,,13393,37,,,1,30,,13401,37,,,1,70,,13395,37,,,1,30,,13404,37,,,1,70,,13397,37,,,1,30,,13411,37,,,1,70,,13394,37,,,1,30,,13407,37,,,1,70,,13398,37,,,1,30,,13402,37,,,1,70,,13396,37,,,1,30,,13403,37,,,1,70,,13399,37,,,1,100,,13400,37,,,1,99,,13387,37,,,1
11200,'KP:323:0:Weekday',701,,13413,37,,,1
11900,'H:113:6:Sunday',825,,13793,46,,,1,102,,13784,46,,,1,103,,13786,46,,,1,100,,13788,46,,,1,100,,13794,46,,,1,100,,13789,46,,,1,100,,13790,46,,,1,100,,13787,46,,,1,100,,13792,46,,,1,100,,13785,46,,,1,98,,13795,46,,,1,98,,13791,46,,,1,100,,13796,46,,,1
11900,'H:123:0:Weekday',628,,13807,46,,,1,72,,13813,46,,,1,27,,13802,46,,,1,76,,13814,46,,,1,31,,13799,46,,,1,71,,13815,46,,,1,30,,13798,46,,,1,68,,13819,46,,,1,30,,13810,46,,,1,70,,13820,46,,,1,31,,13811,46,,,1,71,,13821,46,,,1,29,,13808,46,,,1,70,,13822,46,,,1,30,,13809,46,,,1,71,,13823,46,,,1,32,,13812,46,,,1,71,,13824,46,,,1,30,,13806,46,,,1,69,,13818,46,,,1,30,,13800,46,,,1,71,,13816,46,,,1,29,,13803,46,,,1,69,,13817,46,,,1,27,,13805,46,,,1,99,,13804,46,,,1,97,,13797,46,,,1,99,,13801,46,,,1,100,,13825,46,,,1
11900,'H:173:5:Saturday',625,,13826,46,,,1,100,,13827,46,,,1,103,,13828,46,,,1,102,,13829,46,,,1,100,,13830,46,,,1,100,,13831,46,,,1,100,,13834,46,,,1,102,,13832,46,,,1,100,,13836,46,,,1,99,,13833,46,,,1,100,,13835,46,,,1,100,,13838,46,,,1,99,,13839,46,,,1,99,,13837,46,,,1,98,,13840,46,,,1,100,,13841,46,,,1
13000,'H:113:6:Sunday',657,,14138,14,,,1,100,,14140,14,,,1,101,,14139,14,,,1,100,,14141,14,,,1,100,,14144,14,,,1,100,,14142,14,,,1,101,,14143,14,,,1,100,,14146,14,,,1,99,,14145,14,,,1,100,,14147,14,,,1,100,,14148,14,,,1,100,,14149,14,,,1,99,,14150,14,,,1,100,,14151,14,,,1,100,,14152,14,,,1
13000,'H:123:0:Weekday',527,,14172,14,,,1,30,,14175,14,,,1,70,,14161,14,,,1,30,,14176,14,,,1,71,,14153,14,,,1,30,,14163,14,,,1,70,,14154,14,,,1,30,,14177,14,,,1,70,,14162,14,,,1,30,,14179,14,,,1,70,,14171,14,,,1,30,,14180,14,,,1,70,,14168,14,,,1,30,,14181,14,,,1,70,,14169,14,,,1,30,,14182,14,,,1,70,,14170,14,,,1,30,,14183,14,,,1,70,,14167,14,,,1,31,,14184,14,,,1,70,,14155,14,,,1,30,,14173,14,,,1,70,,14165,14,,,1,30,,14164,14,,,1,70,,14156,14,,,1,30,,14166,14,,,1,69,,14157,14,,,1,30,,14178,14,,,1,70,,14158,14,,,1,99,,14159,14,,,1,100,,14160,14,,,1,100,,14174,14,,,1
13000,'H:173:5:Saturday',557,,14200,14,,,1,100,,14185,14,,,1,100,,14186,14,,,1,100,,14187,14,,,1,101,,14188,14,,,1,100,,14189,14,,,1,101,,14190,14,,,1,100,,14191,14,,,1,100,,14192,14,,,1,100,,14193,14,,,1,100,,14194,14,,,1,100,,14195,14,,,1,100,,14196,14,,,1,99,,14197,14,,,1,100,,14198,14,,,1,100,,14199,14,,,1,100,,14201,14,,,1
