10901,'Sunday',837,,9057,39,,,1,102,,9069,39,,,1,103,,9061,39,,,1,102,,9066,39,,,1,102,,9058,39,,,1,101,,9059,39,,,1,99,,9067,39,,,1,99,,9062,39,,,1,100,,9065,39,,,1,100,,9060,39,,,1,97,,9063,39,,,1,98,,9068,39,,,1,100,,9064,39,,,1,99,,9070,39,,,1
10901,'Weekday',537,,9072,39,,,1,103,,9082,39,,,1,108,,9083,39,,,1,96,,9086,39,,,1,99,,9088,39,,,1,99,,9078,39,,,1,101,,9081,39,,,1,95,,9077,39,,,1,104,,9076,39,,,1,99,,9087,39,,,1,100,,9080,39,,,1,102,,9075,39,,,1,102,,9085,39,,,1,97,,9079,39,,,1,94,,9084,39,,,1,107,,9073,39,,,1,108,,9074,39,,,1,97,,9071,39,,,1
10901,'Saturday',738,,9089,39,,,1,102,,9102,39,,,1,102,,9095,39,,,1,105,,9100,39,,,1,100,,9091,39,,,1,102,,9090,39,,,1,100,,9103,39,,,1,100,,9094,39,,,1,100,,9098,39,,,1,98,,9092,39,,,1,100,,9093,39,,,1,98,,9101,39,,,1,98,,9096,39,,,1,99,,9099,39,,,1,99,,9097,39,,,1
28000,'Sunday',827,,10973,39,,,1,101,,10974,39,,,1,100,,10975,39,,,1,100,,10976,39,,,1,100,,10984,39,,,1,100,,10978,39,,,1,100,,10977,39,,,1,100,,10979,39,,,1,100,,10980,39,,,1,99,,10981,39,,,1,100,,10985,39,,,1,100,,10983,39,,,1,100,,10982,39,,,1
28000,'Weekday',526,,10986,39,,,1,105,,10987,39,,,1,75,,11004,16,,,1,33,,10988,39,,,1,70,,11003,16,,,1,29,,10990,39,,,1,71,,11009,16,,,1,29,,10991,39,,,1,100,,10992,39,,,1,101,,10989,39,,,1,100,,10993,39,,,1,100,,10995,39,,,1,76,,11005,16,,,1,25,,10996,39,,,1,77,,11008,16,,,1,23,,10997,39,,,1,76,,11007,16,,,1,23,,10994,39,,,1,77,,11006,16,,,1,28,,10999,39,,,1,94,,11000,39,,,1,93,,11001,39,,,1,100,,10998,39,,,1,99,,11002,39,,,1
28000,'Saturday',726,,11022,39,,,1,100,,11010,39,,,1,100,,11018,39,,,1,102,,11011,39,,,1,101,,11020,39,,,1,101,,11021,39,,,1,100,,11012,39,,,1,99,,11013,39,,,1,100,,11015,39,,,1,99,,11014,39,,,1,100,,11016,39,,,1,100,,11017,39,,,1,99,,11019,39,,,1,100,,11023,39,,,1
28001,'Sunday',745,,11025,16,,,1,100,,11024,16,,,1,101,,11026,16,,,1,100,,11035,16,,,1,100,,11027,16,,,1,100,,11028,16,,,1,100,,11029,16,,,1,100,,11030,16,,,1,100,,11031,16,,,1,100,,11036,16,,,1,100,,11033,16,,,1,100,,11032,16,,,1,100,,11034,16,,,1
28001,'Weekday',615,,11038,16,,,1,100,,11037,16,,,1,25,,11055,16,0,8 7,1,76,,11039,16,,,1,25,,11054,16,0,8 7,1,75,,11040,16,,,1,100,,11041,16,,,1,101,,11042,16,,,1,100,,11043,16,,,1,101,,11044,16,,,1,100,,11045,16,,,1,20,,11058,16,0,8 7,1,75,,11046,16,,,1,26,,11053,16,0,8 7,1,76,,11052,16,,,1,25,,11047,16,0,8 7,1,75,,11048,16,,,1,25,,11057,16,0,8 7,1,74,,11049,16,,,1,24,,11056,16,0,8 7,1,74,,11050,16,,,1,104,,11051,16,,,1
28001,'Saturday',745,,11067,16,,,1,100,,11059,16,,,1,100,,11070,16,,,1,102,,11065,16,,,1,100,,11068,16,,,1,100,,11066,16,,,1,100,,11064,16,,,1,100,,11061,16,,,1,100,,11063,16,,,1,100,,11060,16,,,1,100,,11062,16,,,1,99,,11069,16,,,1,100,,11071,16,,,1
90300,'Weekday',456,,12426,5,,,1,74,,12427,5,,,1,27,,12428,5,,,1,65,,12429,5,,,1,32,,12430,5,,,1,74,,12431,5,,,1,80,,12432,5,,,1
