10901,'H:113:6:Sunday',751,,13272,2,,,1,100,,13284,2,,,1,100,,13276,2,,,1,100,,13281,2,,,1,100,,13273,2,,,1,100,,13274,2,,,1,100,,13282,2,,,1,100,,13277,2,,,1,100,,13280,2,,,1,100,,13275,2,,,1,100,,13278,2,,,1,100,,13283,2,,,1,100,,13279,2,,,1,100,,13285,2,,,1
10901,'H:123:0:Weekday',451,,13287,2,,,1,100,,13297,2,,,1,100,,13298,2,,,1,100,,13301,2,,,1,100,,13303,2,,,1,100,,13293,2,,,1,100,,13296,2,,,1,90,,13292,2,,,1,100,,13291,2,,,1,95,,13302,2,,,1,100,,13295,2,,,1,100,,13290,2,,,1,100,,13300,2,,,1,105,,13294,2,,,1,100,,13299,2,,,1,110,,13288,2,,,1,150,,13289,2,,,1,100,,13286,2,,,1
10901,'H:173:5:Saturday',651,,13304,2,,,1,100,,13317,2,,,1,100,,13310,2,,,1,100,,13315,2,,,1,100,,13306,2,,,1,100,,13305,2,,,1,100,,13318,2,,,1,100,,13309,2,,,1,100,,13313,2,,,1,100,,13307,2,,,1,100,,13308,2,,,1,100,,13316,2,,,1,100,,13311,2,,,1,100,,13314,2,,,1,100,,13312,2,,,1
20101,'H:113:6:Sunday',710,,14488,3,,,1,100,,14474,3,,,1,100,,14476,3,,,1,90,,14477,3,,,1,40,,14479,3,,,1,80,,14480,3,,,1,80,,14478,3,,,1,39,,14475,3,,,1,80,,14482,3,,,1,40,,14483,3,,,1,80,,14484,3,,,1,80,,14485,3,,,1,40,,14481,3,,,1,80,,14489,3,,,1,80,,14490,3,,,1,40,,14491,3,,,1,80,,14492,3,,,1,80,,14493,3,,,1,91,,14486,3,,,1,100,,14487,3,,,1
20101,'H:123:0:Weekday',534,,14497,3,,,1,80,,14498,3,,,1,39,,14502,3,,,1,570,,14503,3,,,1,226,,14510,3,,,1,169,,14504,3,,,1,30,,14505,3,,,1,71,,14506,3,,,1,32,,14500,3,,,1,70,,14501,3,,,1,30,,14499,3,,,1,72,,14494,3,,,1,31,,14496,3,,,1,70,,14495,3,,,1,30,,14508,3,,,1,70,,14509,3,,,1,30,,14507,3,,,1
20101,'H:173:5:Saturday',710,,14517,3,,,1,100,,14511,3,,,1,100,,14512,3,,,1,49,,14523,3,,,1,79,,14516,3,,,1,80,,14513,3,,,1,40,,14514,3,,,1,80,,14525,3,,,1,80,,14519,3,,,1,40,,14515,3,,,1,80,,14518,3,,,1,80,,14524,3,,,1,40,,14521,3,,,1,80,,14527,3,,,1,80,,14528,3,,,1,40,,14529,3,,,1,81,,14530,3,,,1,80,,14531,3,,,1,90,,14522,3,,,1,101,,14520,3,,,1,100,,14526,3,,,1
20101,'KP:323:0:Weekday',723,,14546,3,,,1,30,,14547,3,,,1,70,,14542,3,,,1,30,,14532,3,,,1,70,,14544,3,,,1,30,,14539,3,,,1,70,,14536,3,,,1,30,,14545,3,,,1,70,,14541,3,,,1,30,,14533,3,,,1,100,,14540,3,,,1,70,,14535,3,,,1,28,,14538,3,,,1,69,,14543,3,,,1,98,,14534,3,,,1,30,,14537,3,,,1
20201,'H:113:6:Sunday',620,,14645,3,,,1,120,,14626,3,,,1,100,,14627,3,,,1,100,,14629,3,,,1,80,,14630,3,,,1,80,,14628,3,,,1,40,,14632,3,,,1,79,,14631,3,,,1,40,,14633,3,,,1,80,,14634,3,,,1,80,,14635,3,,,1,40,,14637,3,,,1,80,,14636,3,,,1,80,,14638,3,,,1,40,,14640,3,,,1,80,,14641,3,,,1,80,,14642,3,,,1,40,,14643,3,,,1,80,,14644,3,,,1,101,,14639,3,,,1
20201,'H:123:0:Weekday',436,,14646,3,,,1,79,,14647,3,,,1,119,,14662,3,,,1,674,,14652,3,,,1,97,,14661,3,,,1,30,,14654,3,,,1,98,,14655,3,,,1,70,,14653,3,,,1,30,,14656,3,,,1,70,,14657,3,,,1,32,,14658,3,,,1,71,,14659,3,,,1,30,,14660,3,,,1,72,,14651,3,,,1,30,,14649,3,,,1,71,,14648,3,,,1,30,,14663,3,,,1,70,,14664,3,,,1,30,,14665,3,,,1,91,,14650,3,,,1
20201,'H:173:5:Saturday',550,,14687,3,,,1,70,,14680,3,,,1,120,,14671,3,,,1,100,,14673,3,,,1,100,,14679,3,,,1,79,,14668,3,,,1,39,,14667,3,,,1,80,,14676,3,,,1,80,,14677,3,,,1,40,,14669,3,,,1,80,,14666,3,,,1,80,,14670,3,,,1,40,,14672,3,,,1,80,,14674,3,,,1,80,,14675,3,,,1,40,,14682,3,,,1,80,,14683,3,,,1,80,,14684,3,,,1,41,,14685,3,,,1,80,,14686,3,,,1,100,,14678,3,,,1,101,,14681,3,,,1
20201,'KP:323:0:Weekday',554,,14699,3,,,1,154,,14700,3,,,1,30,,14697,3,,,1,70,,14702,3,,,1,30,,14690,3,,,1,70,,14693,3,,,1,30,,14695,3,,,1,70,,14698,3,,,1,30,,14701,3,,,1,70,,14696,3,,,1,30,,14688,3,,,1,70,,14691,3,,,1,30,,14694,3,,,1,99,,14692,3,,,1,166,,14689,3,,,1
