10901,'H:113:6:Sunday',753,,13272,7,,,1,100,,13284,7,,,1,100,,13276,7,,,1,100,,13281,7,,,1,100,,13273,7,,,1,100,,13274,7,,,1,100,,13282,7,,,1,100,,13277,7,,,1,100,,13280,7,,,1,100,,13275,7,,,1,100,,13278,7,,,1,100,,13283,7,,,1,100,,13279,7,,,1,100,,13285,7,,,1
10901,'H:123:0:Weekday',453,,13287,7,,,1,100,,13297,7,,,1,100,,13298,7,,,1,100,,13301,7,,,1,100,,13303,7,,,1,100,,13293,7,,,1,100,,13296,7,,,1,90,,13292,7,,,1,100,,13291,7,,,1,95,,13302,7,,,1,100,,13295,7,,,1,100,,13290,7,,,1,100,,13300,7,,,1,105,,13294,7,,,1,100,,13299,7,,,1,110,,13288,7,,,1,150,,13289,7,,,1,100,,13286,7,,,1
10901,'H:173:5:Saturday',653,,13304,7,,,1,100,,13317,7,,,1,100,,13310,7,,,1,100,,13315,7,,,1,100,,13306,7,,,1,100,,13305,7,,,1,100,,13318,7,,,1,100,,13309,7,,,1,100,,13313,7,,,1,100,,13307,7,,,1,100,,13308,7,,,1,100,,13316,7,,,1,100,,13311,7,,,1,100,,13314,7,,,1,100,,13312,7,,,1
20101,'H:113:6:Sunday',713,,14488,8,,,1,100,,14474,8,,,1,100,,14476,8,,,1,90,,14477,8,,,1,40,,14479,8,,,1,80,,14480,8,,,1,80,,14478,8,,,1,40,,14475,8,,,1,80,,14482,8,,,1,80,,14483,8,,,1,40,,14484,8,,,1,80,,14485,8,,,1,80,,14481,8,,,1,40,,14489,8,,,1,80,,14490,8,,,1,80,,14491,8,,,1,40,,14492,8,,,1,80,,14493,8,,,1,90,,14486,8,,,1,100,,14487,8,,,1
20101,'H:123:0:Weekday',538,,14497,8,,,1,80,,14498,8,,,1,39,,14502,8,,,1,570,,14503,8,,,1,226,,14510,8,,,1,170,,14504,8,,,1,30,,14505,8,,,1,71,,14506,8,,,1,32,,14500,8,,,1,70,,14501,8,,,1,30,,14499,8,,,1,71,,14494,8,,,1,31,,14496,8,,,1,70,,14495,8,,,1,30,,14508,8,,,1,70,,14509,8,,,1,30,,14507,8,,,1
20101,'H:173:5:Saturday',713,,14517,8,,,1,100,,14511,8,,,1,100,,14512,8,,,1,90,,14523,8,,,1,39,,14516,8,,,1,80,,14513,8,,,1,80,,14514,8,,,1,40,,14525,8,,,1,80,,14519,8,,,1,80,,14515,8,,,1,40,,14518,8,,,1,80,,14524,8,,,1,80,,14521,8,,,1,40,,14527,8,,,1,80,,14528,8,,,1,80,,14529,8,,,1,41,,14530,8,,,1,80,,14531,8,,,1,90,,14522,8,,,1,100,,14520,8,,,1,100,,14526,8,,,1
20101,'KP:323:0:Weekday',727,,14546,8,,,1,30,,14547,8,,,1,70,,14542,8,,,1,30,,14532,8,,,1,70,,14544,8,,,1,30,,14539,8,,,1,70,,14536,8,,,1,30,,14545,8,,,1,70,,14541,8,,,1,30,,14533,8,,,1,100,,14540,8,,,1,70,,14535,8,,,1,28,,14538,8,,,1,69,,14543,8,,,1,99,,14534,8,,,1,30,,14537,8,,,1
20201,'H:113:6:Sunday',623,,14645,8,,,1,120,,14626,8,,,1,100,,14627,8,,,1,100,,14629,8,,,1,80,,14630,8,,,1,80,,14628,8,,,1,40,,14632,8,,,1,80,,14631,8,,,1,80,,14633,8,,,1,40,,14634,8,,,1,80,,14635,8,,,1,80,,14637,8,,,1,40,,14636,8,,,1,80,,14638,8,,,1,80,,14640,8,,,1,40,,14641,8,,,1,80,,14642,8,,,1,80,,14643,8,,,1,40,,14644,8,,,1,100,,14639,8,,,1
20201,'H:123:0:Weekday',439,,14646,8,,,1,80,,14647,8,,,1,119,,14662,8,,,1,674,,14652,8,,,1,97,,14661,8,,,1,30,,14654,8,,,1,99,,14655,8,,,1,70,,14653,8,,,1,30,,14656,8,,,1,70,,14657,8,,,1,32,,14658,8,,,1,71,,14659,8,,,1,30,,14660,8,,,1,71,,14651,8,,,1,30,,14649,8,,,1,71,,14648,8,,,1,30,,14663,8,,,1,70,,14664,8,,,1,30,,14665,8,,,1,91,,14650,8,,,1
20201,'H:173:5:Saturday',553,,14687,8,,,1,70,,14680,8,,,1,120,,14671,8,,,1,100,,14673,8,,,1,100,,14679,8,,,1,80,,14668,8,,,1,79,,14667,8,,,1,40,,14676,8,,,1,80,,14677,8,,,1,80,,14669,8,,,1,40,,14666,8,,,1,80,,14670,8,,,1,80,,14672,8,,,1,40,,14674,8,,,1,80,,14675,8,,,1,80,,14682,8,,,1,40,,14683,8,,,1,80,,14684,8,,,1,81,,14685,8,,,1,40,,14686,8,,,1,100,,14678,8,,,1,100,,14681,8,,,1
20201,'KP:323:0:Weekday',558,,14699,8,,,1,154,,14700,8,,,1,30,,14697,8,,,1,70,,14702,8,,,1,30,,14690,8,,,1,70,,14693,8,,,1,30,,14695,8,,,1,70,,14698,8,,,1,30,,14701,8,,,1,70,,14696,8,,,1,30,,14688,8,,,1,70,,14691,8,,,1,30,,14694,8,,,1,99,,14692,8,,,1,167,,14689,8,,,1
