10900,'H:113:6:Sunday',755,,13231,2,,,1,100,,13235,2,,,1,100,,13226,2,,,1,100,,13227,2,,,1,100,,13238,2,,,1,100,,13229,2,,,1,100,,13234,2,,,1,100,,13228,2,,,1,100,,13230,2,,,1,100,,13237,2,,,1,100,,13233,2,,,1,100,,13236,2,,,1,100,,13232,2,,,1,100,,13239,2,,,1
10900,'H:123:0:Weekday',451,,13253,2,,,1,100,,13247,2,,,1,100,,13243,2,,,1,100,,13249,2,,,1,107,,13256,2,,,1,100,,13241,2,,,1,100,,13255,2,,,1,100,,13254,2,,,1,100,,13246,2,,,1,100,,13252,2,,,1,100,,13244,2,,,1,100,,13248,2,,,1,100,,13251,2,,,1,100,,13245,2,,,1,100,,13242,2,,,1,100,,13240,2,,,1,100,,13250,2,,,1
10900,'H:173:5:Saturday',655,,13261,2,,,1,100,,13264,2,,,1,100,,13260,2,,,1,100,,13257,2,,,1,100,,13269,2,,,1,100,,13262,2,,,1,100,,13267,2,,,1,100,,13258,2,,,1,100,,13259,2,,,1,100,,13271,2,,,1,100,,13263,2,,,1,100,,13268,2,,,1,100,,13265,2,,,1,100,,13266,2,,,1,100,,13270,2,,,1
28000,'H:113:6:Sunday',825,,15188,36,,,1,101,,15189,36,,,1,100,,15190,36,,,1,100,,15191,36,,,1,100,,15199,36,,,1,100,,15193,36,,,1,100,,15192,36,,,1,100,,15194,36,,,1,100,,15195,36,,,1,99,,15196,36,,,1,100,,15200,36,,,1,100,,15198,36,,,1,100,,15197,36,,,1
28000,'H:123:0:Weekday',524,,15201,36,,,1,180,,15213,13,,,1,33,,15202,36,,,1,99,,15204,36,,,1,71,,15217,13,,,1,29,,15205,36,,,1,100,,15218,36,,,1,101,,15203,36,,,1,200,,15206,36,,,1,178,,15216,13,,,1,23,,15207,36,,,1,76,,15215,13,,,1,100,,15214,13,,,1,28,,15209,36,,,1,94,,15210,36,,,1,93,,15211,36,,,1,100,,15208,36,,,1,99,,15212,36,,,1
28000,'H:173:5:Saturday',724,,15231,36,,,1,100,,15219,36,,,1,100,,15227,36,,,1,102,,15220,36,,,1,101,,15229,36,,,1,101,,15230,36,,,1,100,,15221,36,,,1,99,,15222,36,,,1,100,,15224,36,,,1,99,,15223,36,,,1,100,,15225,36,,,1,100,,15226,36,,,1,99,,15228,36,,,1,100,,15232,36,,,1
28000,'KP:323:0:Weekday',629,,15238,36,,,1,178,,15237,13,,,1,430,,15233,36,,,1,176,,15234,13,,,1,25,,15236,36,,,1,199,,15235,36,,,1
28001,'H:113:6:Sunday',743,,15240,13,,,1,100,,15239,13,,,1,101,,15241,13,,,1,100,,15250,13,,,1,100,,15242,13,,,1,100,,15243,13,,,1,100,,15244,13,,,1,100,,15245,13,,,1,100,,15246,13,,,1,100,,15251,13,,,1,100,,15248,13,,,1,100,,15247,13,,,1,100,,15249,13,,,1
28001,'H:123:0:Weekday',613,,15253,13,,,1,100,,15252,13,,,1,101,,15254,13,,,1,25,,15265,13,0,8 7,1,75,,15268,13,,,1,100,,15255,13,,,1,201,,15256,13,,,1,201,,15257,13,,,1,20,,15267,13,0,8 7,1,101,,15264,13,0,8 7,1,76,,15263,13,,,1,25,,15258,13,0,8 7,1,75,,15259,13,,,1,99,,15260,13,,,1,24,,15266,13,0,8 7,1,74,,15261,13,,,1,104,,15262,13,,,1
28001,'H:173:5:Saturday',743,,15277,13,,,1,100,,15269,13,,,1,100,,15280,13,,,1,102,,15275,13,,,1,100,,15278,13,,,1,100,,15276,13,,,1,100,,15274,13,,,1,100,,15271,13,,,1,100,,15273,13,,,1,100,,15270,13,,,1,100,,15272,13,,,1,99,,15279,13,,,1,100,,15281,13,,,1
28001,'KP:323:0:Weekday',738,,15286,13,0,8 7,1,377,,15282,13,,,1,201,,15285,13,,,1,195,,15283,13,,,1,227,,15284,13,0,8 7,1
90300,'H:123:0:Weekday',454,,16637,2,,,1
90300,'KP:323:0:Weekday',528,,16639,2,,,1,27,,16640,2,,,1,65,,16641,2,,,1,32,,16638,2,,,1,75,,16642,2,,,1,80,,16643,2,,,1
90301,'H:123:0:Weekday',1656,,16644,13,,,1
90301,'KP:323:0:Weekday',1600,,16645,13,,,1,32,,16647,13,,,1,94,,16651,13,,,1,27,,16646,13,,,1,69,,16652,13,,,1,29,,16650,13,,,1,73,,16648,13,,,1,34,,16649,13,,,1
