20101,'Sunday',744,,10273,20,,,1,100,,10259,20,,,1,101,,10261,20,,,1,90,,10262,20,,,1,81,,10264,20,,,1,40,,10265,20,,,1,80,,10263,20,,,1,80,,10260,20,,,1,40,,10267,20,,,1,80,,10268,20,,,1,80,,10269,20,,,1,40,,10270,20,,,1,80,,10266,20,,,1,80,,10274,20,,,1,40,,10275,20,,,1,80,,10276,20,,,1,80,,10277,20,,,1,40,,10278,20,,,1,89,,10271,20,,,1,99,,10272,20,,,1
20101,'Weekday',610,,10282,20,,,1,41,,10283,20,,,1,80,,10287,20,,,1,70,,10288,20,,,1,30,,10289,20,,,1,70,,10290,20,,,1,30,,10291,20,,,1,70,,10292,20,,,1,30,,10293,20,,,1,70,,10294,20,,,1,30,,10295,20,,,1,71,,10296,20,,,1,31,,10297,20,,,1,70,,10298,20,,,1,31,,10299,20,,,1,70,,10300,20,,,1,30,,10301,20,,,1,71,,10302,20,,,1,30,,10303,20,,,1,70,,10304,20,,,1,30,,10305,20,,,1,70,,10306,20,,,1,29,,10307,20,,,1,68,,10308,20,,,1,30,,10285,20,,,1,69,,10286,20,,,1,30,,10284,20,,,1,70,,10279,20,,,1,30,,10281,20,,,1,70,,10280,20,,,1,30,,10310,20,,,1,70,,10311,20,,,1,29,,10309,20,,,1
20101,'Saturday',746,,10318,20,,,1,100,,10312,20,,,1,100,,10313,20,,,1,91,,10324,20,,,1,80,,10317,20,,,1,40,,10314,20,,,1,81,,10315,20,,,1,81,,10326,20,,,1,40,,10320,20,,,1,80,,10316,20,,,1,79,,10319,20,,,1,40,,10325,20,,,1,80,,10322,20,,,1,80,,10328,20,,,1,40,,10329,20,,,1,78,,10330,20,,,1,80,,10331,20,,,1,40,,10332,20,,,1,90,,10323,20,,,1,100,,10321,20,,,1,100,,10327,20,,,1
20201,'Sunday',654,,10430,20,,,1,160,,10411,20,,,1,100,,10412,20,,,1,101,,10414,20,,,1,40,,10415,20,,,1,81,,10413,20,,,1,80,,10417,20,,,1,40,,10416,20,,,1,80,,10418,20,,,1,80,,10419,20,,,1,40,,10420,20,,,1,80,,10422,20,,,1,80,,10421,20,,,1,40,,10423,20,,,1,80,,10425,20,,,1,80,,10426,20,,,1,40,,10427,20,,,1,80,,10428,20,,,1,80,,10429,20,,,1,98,,10424,20,,,1
20201,'Weekday',509,,10431,20,,,1,40,,10432,20,,,1,81,,10436,20,,,1,81,,10458,20,,,1,35,,10459,20,,,1,70,,10460,20,,,1,30,,10461,20,,,1,70,,10462,20,,,1,30,,10438,20,,,1,70,,10439,20,,,1,30,,10440,20,,,1,70,,10442,20,,,1,31,,10457,20,,,1,71,,10443,20,,,1,30,,10444,20,,,1,70,,10441,20,,,1,31,,10445,20,,,1,70,,10446,20,,,1,31,,10456,20,,,1,70,,10448,20,,,1,30,,10449,20,,,1,70,,10450,20,,,1,30,,10447,20,,,1,70,,10451,20,,,1,28,,10452,20,,,1,69,,10453,20,,,1,30,,10454,20,,,1,69,,10455,20,,,1,30,,10437,20,,,1,70,,10434,20,,,1,30,,10433,20,,,1,70,,10463,20,,,1,30,,10464,20,,,1,70,,10465,20,,,1,90,,10435,20,,,1
20201,'Saturday',626,,10487,20,,,1,30,,10480,20,,,1,160,,10471,20,,,1,100,,10473,20,,,1,100,,10479,20,,,1,41,,10468,20,,,1,80,,10467,20,,,1,81,,10476,20,,,1,41,,10477,20,,,1,80,,10469,20,,,1,80,,10466,20,,,1,40,,10470,20,,,1,79,,10472,20,,,1,80,,10474,20,,,1,40,,10475,20,,,1,80,,10482,20,,,1,79,,10483,20,,,1,39,,10484,20,,,1,80,,10485,20,,,1,80,,10486,20,,,1,100,,10478,20,,,1,100,,10481,20,,,1
22200,'Sunday',726,,10689,2,,,1,90,,10688,2,,,1,90,,10680,2,,,1,50,,10675,2,,,1,90,,10678,2,,,1,90,,10684,2,,,1,90,,10676,2,,,1,90,,10681,2,,,1,90,,10683,2,,,1,50,,10677,2,,,1,90,,10679,2,,,1,90,,10685,2,,,1,90,,10686,2,,,1,90,,10682,2,,,1,90,,10687,2,,,1
22200,'Weekday',616,,10692,2,,,1,40,,10690,2,,,1,95,,10693,2,,,1,95,,10691,2,,,1,90,,10694,2,,,1,90,,10696,2,,,1,90,,10697,2,,,1,90,,10698,2,,,1,50,,10695,2,,,1,90,,10700,2,,,1,90,,10701,2,,,1,90,,10702,2,,,1,90,,10699,2,,,1,90,,10703,2,,,1,50,,10705,2,,,1,90,,10706,2,,,1,90,,10704,2,,,1
22200,'Saturday',546,,10721,2,,,1,90,,10707,2,,,1,90,,10708,2,,,1,90,,10718,2,,,1,90,,10722,2,,,1,50,,10723,2,,,1,90,,10714,2,,,1,90,,10709,2,,,1,90,,10710,2,,,1,90,,10717,2,,,1,90,,10716,2,,,1,50,,10719,2,,,1,90,,10713,2,,,1,90,,10715,2,,,1,90,,10720,2,,,1,90,,10711,2,,,1,90,,10712,2,,,1,45,,10724,2,,,1
22201,'Sunday',743,,10725,50,4,,1,90,,10726,50,4,,1,91,,10727,50,4,,1,91,,10728,50,4,,1,91,,10729,50,4,,1,50,,10730,50,4,,1,92,,10731,50,4,,1,92,,10734,50,4,,1,90,,10735,50,4,,1,90,,10732,50,4,,1,90,,10736,50,4,,1,90,,10737,50,4,,1,50,,10738,50,4,,1,89,,10733,50,4,,1,89,,10739,50,4,,1
22201,'Weekday',641,,10741,50,4,,1,88,,10742,50,4,,1,93,,10743,50,4,,1,90,,10744,50,4,,1,89,,10745,50,4,,1,50,,10746,50,4,,1,91,,10747,50,4,,1,92,,10748,50,4,,1,91,,10749,50,4,,1,91,,10750,50,4,,1,91,,10752,50,4,,1,93,,10753,50,4,,1,47,,10754,50,4,,1,90,,10751,50,4,,1,87,,10740,50,4,,1,88,,10755,50,4,,1,89,,10756,50,4,,1,48,,10757,50,4,,1,90,,10758,50,4,,1
22201,'Saturday',743,,10762,50,4,,1,91,,10763,50,4,,1,91,,10764,50,4,,1,90,,10765,50,4,,1,91,,10766,50,4,,1,51,,10767,50,4,,1,91,,10768,50,4,,1,91,,10769,50,4,,1,91,,10771,50,4,,1,90,,10772,50,4,,1,90,,10773,50,4,,1,90,,10770,50,4,,1,50,,10774,50,4,,1,90,,10775,50,4,,1,90,,10776,50,4,,1,88,,10759,50,4,,1,87,,10760,50,4,,1,50,,10761,50,4,,1
