11100,'Weekday',630,,5830,4,,1,70,,5831,4,,1
11101,'Weekday',1630,,5833,,,1,100,,5832,,,1
11200,'Sunday',720,,5834,4,,1,30,,5849,4,,1,70,,5835,4,,1,31,,5850,4,,1,70,,5836,4,,1,30,,5851,4,,1,70,,5837,4,,1,30,,5852,4,,1,71,,5840,4,,1,30,,5853,4,,1,70,,5841,4,,1,30,,5854,4,,1,70,,5843,4,,1,31,,5855,4,,1,70,,5839,4,,1,30,,5856,4,,1,70,,5838,4,,1,30,,5857,4,,1,70,,5844,4,,1,30,,5858,4,,1,70,,5842,4,,1,30,,5859,4,,1,70,,5845,4,,1,100,,5846,4,,1,98,,5847,4,,1,100,,5848,4,,1
11200,'Weekday',530,,5877,4,,1,70,,5878,4,,1,32,,5861,4,,1,71,,5890,4,,1,30,,5863,4,,1,20,,5887,4,,1,60,,5893,4,,1,20,,5862,4,,1,19,,5889,4,,1,60,,5894,4,,1,20,,5860,4,,1,70,,5886,4,,1,30,,5864,4,,1,70,,5879,4,,1,30,,5865,4,,1,71,,5881,4,,1,30,,5866,4,,1,70,,5883,4,,1,30,,5867,4,,1,71,,5882,4,,1,31,,5868,4,,1,20,,5885,4,,1,60,,5895,4,,1,20,,5869,4,,1,20,,5891,4,,1,60,,5896,4,,1,20,,5872,4,,1,20,,5888,4,,1,60,,5897,4,,1,20,,5873,4,,1,70,,5892,4,,1,30,,5870,4,,1,69,,5880,4,,1,29,,5871,4,,1,69,,5884,4,,1,30,,5874,4,,1,100,,5875,4,,1,99,,5876,4,,1
11200,'Saturday',721,,5901,4,,1,30,,5921,4,,1,70,,5903,4,,1,31,,5920,4,,1,70,,5900,4,,1,30,,5918,4,,1,70,,5898,4,,1,30,,5924,4,,1,70,,5902,4,,1,30,,5922,4,,1,70,,5904,4,,1,30,,5917,4,,1,71,,5905,4,,1,30,,5913,4,,1,71,,5907,4,,1,30,,5916,4,,1,70,,5909,4,,1,30,,5923,4,,1,70,,5906,4,,1,30,,5919,4,,1,70,,5910,4,,1,30,,5914,4,,1,70,,5908,4,,1,30,,5915,4,,1,69,,5911,4,,1,100,,5912,4,,1,99,,5899,4,,1
11201,'Sunday',655,,5926,,,1,70,,5940,,,1,29,,5927,,,1,70,,5941,,,1,30,,5928,,,1,70,,5942,,,1,30,,5925,,,1,69,,5943,,,1,30,,5929,,,1,70,,5944,,,1,30,,5930,,,1,70,,5946,,,1,30,,5931,,,1,70,,5947,,,1,30,,5932,,,1,70,,5948,,,1,30,,5934,,,1,70,,5945,,,1,30,,5936,,,1,70,,5949,,,1,30,,5937,,,1,70,,5950,,,1,30,,5933,,,1,100,,5938,,,1,101,,5935,,,1,100,,5939,,,1
11201,'Weekday',503,,5968,,,1,30,,5972,,,1,68,,5964,,,1,30,,5979,,,1,27,,5953,,,1,61,,5981,,,1,21,,5984,,,1,60,,5956,,,1,20,,5980,,,1,20,,5985,,,1,60,,5952,,,1,30,,5977,,,1,70,,5954,,,1,30,,5969,,,1,70,,5966,,,1,30,,5973,,,1,70,,5965,,,1,30,,5970,,,1,29,,5967,,,1,70,,5971,,,1,28,,5958,,,1,60,,5974,,,1,20,,5986,,,1,21,,5963,,,1,60,,5983,,,1,20,,5987,,,1,19,,5955,,,1,60,,5978,,,1,20,,5988,,,1,21,,5957,,,1,60,,5982,,,1,20,,5989,,,1,20,,5951,,,1,70,,5975,,,1,72,,5960,,,1,31,,5976,,,1,70,,5961,,,1,100,,5959,,,1,101,,5962,,,1
11201,'Saturday',655,,5991,,,1,70,,6007,,,1,29,,5990,,,1,70,,6011,,,1,30,,5994,,,1,70,,6010,,,1,29,,5992,,,1,70,,6012,,,1,30,,5993,,,1,69,,6006,,,1,30,,6000,,,1,70,,6015,,,1,30,,6001,,,1,70,,6013,,,1,30,,5998,,,1,70,,6014,,,1,30,,5995,,,1,70,,6009,,,1,30,,5996,,,1,70,,6016,,,1,30,,5997,,,1,70,,6008,,,1,30,,5999,,,1,70,,6005,,,1,30,,6002,,,1,101,,6003,,,1,101,,6004,,,1
11900,'Sunday',826,,6304,4,,1,102,,6295,4,,1,103,,6297,4,,1,100,,6299,4,,1,100,,6305,4,,1,100,,6300,4,,1,100,,6301,4,,1,100,,6298,4,,1,100,,6303,4,,1,100,,6296,4,,1,98,,6306,4,,1,98,,6302,4,,1,100,,6307,4,,1
11900,'Weekday',630,,6318,4,,1,72,,6324,4,,1,27,,6313,4,,1,76,,6325,4,,1,31,,6310,4,,1,71,,6326,4,,1,30,,6309,4,,1,68,,6330,4,,1,30,,6321,4,,1,70,,6331,4,,1,31,,6322,4,,1,71,,6332,4,,1,29,,6319,4,,1,70,,6333,4,,1,30,,6320,4,,1,71,,6334,4,,1,32,,6323,4,,1,71,,6335,4,,1,30,,6317,4,,1,69,,6329,4,,1,30,,6311,4,,1,71,,6327,4,,1,29,,6314,4,,1,69,,6328,4,,1,27,,6316,4,,1,99,,6315,4,,1,97,,6308,4,,1,99,,6312,4,,1,100,,6336,4,,1
11900,'Saturday',626,,6337,4,,1,100,,6338,4,,1,103,,6339,4,,1,102,,6340,4,,1,101,,6341,4,,1,100,,6342,4,,1,100,,6345,4,,1,102,,6343,4,,1,100,,6347,4,,1,99,,6344,4,,1,100,,6346,4,,1,99,,6349,4,,1,99,,6350,4,,1,99,,6348,4,,1,98,,6351,4,,1,100,,6352,4,,1
11901,'Sunday',805,,6354,,,1,100,,6353,,,1,100,,6355,,,1,100,,6356,,,1,100,,6357,,,1,100,,6358,,,1,100,,6359,,,1,100,,6360,,,1,100,,6361,,,1,100,,6362,,,1,100,,6363,,,1,100,,6364,,,1,100,,6365,,,1
11901,'Weekday',545,,6382,,,1,70,,6383,,,1,30,,6366,,,1,75,,6384,,,1,30,,6369,,,1,70,,6385,,,1,30,,6367,,,1,70,,6389,,,1,30,,6368,,,1,70,,6390,,,1,30,,6371,,,1,70,,6391,,,1,30,,6370,,,1,70,,6392,,,1,30,,6372,,,1,70,,6393,,,1,35,,6375,,,1,65,,6394,,,1,30,,6376,,,1,70,,6386,,,1,30,,6374,,,1,70,,6387,,,1,30,,6378,,,1,70,,6388,,,1,30,,6377,,,1,100,,6373,,,1,100,,6381,,,1,100,,6379,,,1,100,,6380,,,1
11901,'Saturday',605,,6398,,,1,100,,6399,,,1,100,,6395,,,1,100,,6397,,,1,100,,6400,,,1,100,,6402,,,1,100,,6396,,,1,100,,6405,,,1,100,,6401,,,1,100,,6406,,,1,100,,6403,,,1,100,,6409,,,1,100,,6410,,,1,100,,6404,,,1,100,,6407,,,1,100,,6408,,,1
90901,'Sunday',723,,9302,4,,1,80,,9303,4,,1,51,,9304,4,,1,85,,9305,4,,1,97,,9306,4,,1,91,,9307,4,,1,85,,9308,4,,1,46,,9309,4,,1,91,,9310,4,,1,85,,9311,4,,1,100,,9312,4,,1,79,,9313,4,,1,90,,9314,4,,1,39,,9315,4,,1,90,,9316,4,,1,84,,9317,4,,1,85,,9318,4,,1,43,,9319,4,,1,75,,9320,4,,1,89,,9321,4,,1,30,,9322,4,,1
90901,'Weekday',543,,9323,4,,1,87,,9324,4,,1,95,,9325,4,,1,82,,9326,4,,1,50,,9327,4,,1,85,,9328,4,,1,96,,9329,4,,1,91,,9330,4,,1,85,,9331,4,,1,45,,9332,4,,1,91,,9333,4,,1,86,,9334,4,,1,100,,9335,4,,1,80,,9336,4,,1,90,,9337,4,,1,40,,9338,4,,1,88,,9339,4,,1,84,,9340,4,,1,85,,9341,4,,1,44,,9342,4,,1,74,,9343,4,,1,118,,9344,4,,1,169,,9345,4,,1
90901,'Saturday',543,,9346,4,,1,85,,9347,4,,1,95,,9348,4,,1,81,,9349,4,,1,51,,9350,4,,1,86,,9351,4,,1,96,,9352,4,,1,91,,9353,4,,1,86,,9354,4,,1,86,,9355,4,,1,50,,9356,4,,1,85,,9357,4,,1,100,,9358,4,,1,79,,9359,4,,1,90,,9360,4,,1,40,,9361,4,,1,88,,9362,4,,1,85,,9363,4,,1,84,,9364,4,,1,45,,9365,4,,1,73,,9366,4,,1,90,,9367,4,,1,30,,9368,4,,1
