11101,'Weekday',1631,,9107,2,,,1,100,,9106,2,,,1
11201,'Sunday',656,,9200,2,,,1,70,,9214,2,,,1,29,,9201,2,,,1,70,,9215,2,,,1,30,,9202,2,,,1,70,,9216,2,,,1,30,,9199,2,,,1,69,,9217,2,,,1,30,,9203,2,,,1,70,,9218,2,,,1,30,,9204,2,,,1,70,,9220,2,,,1,30,,9205,2,,,1,70,,9221,2,,,1,30,,9206,2,,,1,70,,9222,2,,,1,30,,9208,2,,,1,70,,9219,2,,,1,30,,9210,2,,,1,70,,9223,2,,,1,30,,9211,2,,,1,70,,9224,2,,,1,30,,9207,2,,,1,100,,9212,2,,,1,101,,9209,2,,,1,100,,9213,2,,,1
11201,'Weekday',504,,9242,2,,,1,30,,9246,2,,,1,68,,9238,2,,,1,30,,9253,2,,,1,27,,9227,2,,,1,61,,9255,2,,,1,21,,9258,2,,,1,60,,9230,2,,,1,20,,9254,2,,,1,20,,9259,2,,,1,60,,9226,2,,,1,30,,9251,2,,,1,70,,9228,2,,,1,30,,9243,2,,,1,70,,9240,2,,,1,30,,9247,2,,,1,70,,9239,2,,,1,30,,9244,2,,,1,69,,9241,2,,,1,30,,9245,2,,,1,28,,9232,2,,,1,60,,9248,2,,,1,20,,9260,2,,,1,21,,9237,2,,,1,60,,9257,2,,,1,20,,9261,2,,,1,19,,9229,2,,,1,60,,9252,2,,,1,20,,9262,2,,,1,21,,9231,2,,,1,60,,9256,2,,,1,20,,9263,2,,,1,20,,9225,2,,,1,70,,9249,2,,,1,72,,9234,2,,,1,31,,9250,2,,,1,70,,9235,2,,,1,100,,9233,2,,,1,101,,9236,2,,,1
11201,'Saturday',656,,9265,2,,,1,70,,9281,2,,,1,29,,9264,2,,,1,70,,9285,2,,,1,30,,9268,2,,,1,70,,9284,2,,,1,29,,9266,2,,,1,70,,9286,2,,,1,30,,9267,2,,,1,69,,9280,2,,,1,30,,9274,2,,,1,70,,9289,2,,,1,30,,9275,2,,,1,70,,9287,2,,,1,30,,9272,2,,,1,70,,9288,2,,,1,30,,9269,2,,,1,70,,9283,2,,,1,30,,9270,2,,,1,70,,9290,2,,,1,30,,9271,2,,,1,70,,9282,2,,,1,30,,9273,2,,,1,70,,9279,2,,,1,30,,9276,2,,,1,101,,9277,2,,,1,101,,9278,2,,,1
11901,'Sunday',806,,9628,2,,,1,100,,9627,2,,,1,100,,9629,2,,,1,100,,9630,2,,,1,100,,9631,2,,,1,100,,9632,2,,,1,100,,9633,2,,,1,100,,9634,2,,,1,100,,9635,2,,,1,100,,9636,2,,,1,100,,9637,2,,,1,100,,9638,2,,,1,100,,9639,2,,,1
11901,'Weekday',546,,9656,2,,,1,70,,9657,2,,,1,30,,9640,2,,,1,75,,9658,2,,,1,30,,9643,2,,,1,70,,9659,2,,,1,30,,9641,2,,,1,70,,9663,2,,,1,30,,9642,2,,,1,70,,9664,2,,,1,30,,9645,2,,,1,70,,9665,2,,,1,30,,9644,2,,,1,70,,9666,2,,,1,30,,9646,2,,,1,70,,9667,2,,,1,35,,9649,2,,,1,65,,9668,2,,,1,30,,9650,2,,,1,70,,9660,2,,,1,30,,9648,2,,,1,70,,9661,2,,,1,30,,9652,2,,,1,70,,9662,2,,,1,30,,9651,2,,,1,100,,9647,2,,,1,100,,9655,2,,,1,100,,9653,2,,,1,100,,9654,2,,,1
11901,'Saturday',606,,9672,2,,,1,100,,9673,2,,,1,100,,9669,2,,,1,100,,9671,2,,,1,100,,9674,2,,,1,100,,9676,2,,,1,100,,9670,2,,,1,100,,9679,2,,,1,100,,9675,2,,,1,100,,9680,2,,,1,100,,9677,2,,,1,100,,9683,2,,,1,100,,9684,2,,,1,100,,9678,2,,,1,100,,9681,2,,,1,100,,9682,2,,,1
13001,'Sunday',708,,10001,36,,,1,100,,9987,36,,,1,99,,9988,36,,,1,100,,9989,36,,,1,99,,9990,36,,,1,105,,9991,36,,,1,99,,9992,36,,,1,100,,9993,36,,,1,100,,9994,36,,,1,100,,9995,36,,,1,101,,9996,36,,,1,100,,9998,36,,,1,96,,9997,36,,,1,95,,9999,36,,,1,100,,10000,36,,,1
13001,'Weekday',452,,10024,36,,,1,69,,10026,36,,,1,29,,10009,36,,,1,70,,10027,36,,,1,30,,10010,36,,,1,70,,10003,36,,,1,30,,10011,36,,,1,70,,10005,36,,,1,30,,10012,36,,,1,70,,10028,36,,,1,31,,10002,36,,,1,70,,10029,36,,,1,30,,10020,36,,,1,69,,10030,36,,,1,30,,10018,36,,,1,70,,10031,36,,,1,30,,10016,36,,,1,70,,10032,36,,,1,29,,10017,36,,,1,70,,10033,36,,,1,29,,10019,36,,,1,69,,10014,36,,,1,30,,10023,36,,,1,70,,10015,36,,,1,31,,10022,36,,,1,70,,10004,36,,,1,30,,10013,36,,,1,70,,10006,36,,,1,32,,10021,36,,,1,100,,10007,36,,,1,105,,10008,36,,,1,96,,10025,36,,,1
13001,'Saturday',608,,10050,36,,,1,100,,10034,36,,,1,100,,10035,36,,,1,98,,10036,36,,,1,100,,10037,36,,,1,99,,10038,36,,,1,105,,10039,36,,,1,100,,10040,36,,,1,100,,10041,36,,,1,101,,10042,36,,,1,100,,10043,36,,,1,100,,10044,36,,,1,100,,10045,36,,,1,95,,10046,36,,,1,95,,10047,36,,,1,100,,10048,36,,,1,101,,10049,36,,,1
