10101,'H:113:6:Sunday',650,,12722,1,,,1,100,,12723,1,,,1,100,,12725,1,,,1,100,,12727,1,,,1,100,,12724,1,,,1,100,,12728,1,,,1,100,,12726,1,,,1,70,,12737,1,,,1,30,,12729,1,,,1,70,,12738,1,,,1,30,,12731,1,,,1,70,,12739,1,,,1,30,,12732,1,,,1,70,,12740,1,,,1,30,,12733,1,,,1,70,,12741,1,,,1,30,,12734,1,,,1,100,,12735,1,,,1,100,,12736,1,,,1,100,,12730,1,,,1
10101,'H:123:0:Weekday',505,,12742,1,,,1,100,,12743,1,,,1,30,,12744,1,,,1,70,,12745,1,,,1,30,,12746,1,,,1,70,,12747,1,,,1,100,,12748,1,,,1,30,,12769,1,,,1,70,,12749,1,,,1,30,,12770,1,,,1,70,,12750,1,,,1,30,,12771,1,,,1,70,,12751,1,,,1,100,,12752,1,,,1,30,,12772,1,,,1,70,,12753,1,,,1,30,,12754,1,,,1,70,,12755,1,,,1,30,,12756,1,,,1,70,,12757,1,,,1,30,,12758,1,,,1,70,,12762,1,,,1,30,,12764,1,,,1,70,,12760,1,,,1,30,,12759,1,,,1,70,,12761,1,,,1,30,,12763,1,,,1,70,,12765,1,,,1,30,,12773,1,,,1,70,,12766,1,,,1,30,,12774,1,,,1,70,,12767,1,,,1,30,,12775,1,,,1,70,,12768,1,,,1
10101,'H:173:5:Saturday',650,,12778,1,,,1,100,,12787,1,,,1,100,,12779,1,,,1,100,,12780,1,,,1,100,,12781,1,,,1,70,,12792,1,,,1,30,,12789,1,,,1,70,,12793,1,,,1,30,,12783,1,,,1,70,,12794,1,,,1,30,,12784,1,,,1,70,,12795,1,,,1,30,,12790,1,,,1,70,,12796,1,,,1,30,,12782,1,,,1,70,,12797,1,,,1,30,,12791,1,,,1,70,,12798,1,,,1,30,,12776,1,,,1,100,,12785,1,,,1,100,,12788,1,,,1,100,,12786,1,,,1,100,,12777,1,,,1
10101,'KP:323:0:Weekday',535,,12799,1,,,1,300,,12801,1,,,1,400,,12800,1,,,1
11401,'H:113:6:Sunday',746,,13569,1,,,1,99,,13570,1,,,1,100,,13571,1,,,1,98,,13572,1,,,1,99,,13573,1,,,1,100,,13574,1,,,1,99,,13575,1,,,1,100,,13576,1,,,1,101,,13577,1,,,1,100,,13578,1,,,1,101,,13579,1,,,1,102,,13580,1,,,1,100,,13581,1,,,1,101,,13582,1,,,1
11401,'H:123:0:Weekday',452,,13610,1,,,1,70,,13611,1,,,1,28,,13601,1,,,1,69,,13602,1,,,1,28,,13585,1,,,1,97,,13586,1,,,1,71,,13587,1,,,1,30,,13588,1,,,1,71,,13604,1,,,1,30,,13589,1,,,1,70,,13607,1,,,1,30,,13612,1,,,1,70,,13608,1,,,1,29,,13591,1,,,1,69,,13609,1,,,1,30,,13592,1,,,1,70,,13606,1,,,1,30,,13590,1,,,1,68,,13605,1,,,1,100,,13593,1,,,1,30,,13594,1,,,1,71,,13596,1,,,1,30,,13595,1,,,1,70,,13597,1,,,1,31,,13598,1,,,1,72,,13603,1,,,1,30,,13584,1,,,1,102,,13600,1,,,1,102,,13583,1,,,1,101,,13599,1,,,1
11401,'H:173:5:Saturday',647,,13613,1,,,1,99,,13615,1,,,1,98,,13616,1,,,1,100,,13614,1,,,1,98,,13617,1,,,1,100,,13619,1,,,1,99,,13620,1,,,1,100,,13618,1,,,1,99,,13623,1,,,1,100,,13621,1,,,1,102,,13624,1,,,1,101,,13622,1,,,1,101,,13625,1,,,1,101,,13626,1,,,1,101,,13627,1,,,1,101,,13628,1,,,1
11401,'KP:323:0:Weekday',716,,13630,1,,,1,726,,13629,1,,,1
13000,'H:113:6:Sunday',706,,14138,29,,,1,101,,14140,29,,,1,101,,14139,29,,,1,100,,14141,29,,,1,101,,14144,29,,,1,100,,14142,29,,,1,101,,14143,29,,,1,100,,14146,29,,,1,99,,14145,29,,,1,100,,14147,29,,,1,100,,14148,29,,,1,100,,14149,29,,,1,99,,14150,29,,,1,99,,14151,29,,,1,100,,14152,29,,,1
13000,'H:123:0:Weekday',536,,14172,29,,,1,71,,14175,29,,,1,30,,14161,29,,,1,71,,14176,29,,,1,31,,14153,29,,,1,71,,14163,29,,,1,30,,14154,29,,,1,70,,14177,29,,,1,29,,14162,29,,,1,70,,14179,29,,,1,30,,14171,29,,,1,70,,14180,29,,,1,30,,14168,29,,,1,70,,14181,29,,,1,30,,14169,29,,,1,70,,14182,29,,,1,30,,14170,29,,,1,70,,14183,29,,,1,30,,14167,29,,,1,71,,14184,29,,,1,30,,14155,29,,,1,71,,14173,29,,,1,30,,14165,29,,,1,70,,14164,29,,,1,30,,14156,29,,,1,69,,14166,29,,,1,29,,14157,29,,,1,70,,14178,29,,,1,30,,14158,29,,,1,99,,14159,29,,,1,99,,14160,29,,,1,99,,14174,29,,,1
13000,'H:173:5:Saturday',606,,14200,29,,,1,101,,14185,29,,,1,100,,14186,29,,,1,100,,14187,29,,,1,101,,14188,29,,,1,100,,14189,29,,,1,102,,14190,29,,,1,101,,14191,29,,,1,100,,14192,29,,,1,99,,14193,29,,,1,100,,14194,29,,,1,100,,14195,29,,,1,100,,14196,29,,,1,99,,14197,29,,,1,99,,14198,29,,,1,100,,14199,29,,,1,100,,14201,29,,,1
13001,'H:113:6:Sunday',701,,14216,23,,,1,99,,14202,23,,,1,59,,14203,23,,,1,99,,14204,23,,,1,99,,14205,23,,,1,145,,14206,23,,,1,99,,14207,23,,,1,99,,14208,23,,,1,59,,14209,23,,,1,100,,14210,23,,,1,142,,14211,23,,,1,100,,14213,23,,,1,56,,14212,23,,,1,96,,14214,23,,,1,101,,14215,23,,,1
13001,'H:123:0:Weekday',445,,14239,23,,,1,68,,14241,23,,,1,29,,14224,23,,,1,69,,14242,23,,,1,29,,14225,23,,,1,69,,14218,23,,,1,30,,14226,23,,,1,70,,14220,23,,,1,31,,14227,23,,,1,70,,14243,23,,,1,31,,14217,23,,,1,70,,14244,23,,,1,29,,14235,23,,,1,69,,14245,23,,,1,30,,14233,23,,,1,70,,14246,23,,,1,30,,14231,23,,,1,70,,14247,23,,,1,29,,14232,23,,,1,70,,14248,23,,,1,29,,14234,23,,,1,69,,14229,23,,,1,30,,14238,23,,,1,70,,14230,23,,,1,31,,14237,23,,,1,70,,14219,23,,,1,30,,14228,23,,,1,70,,14221,23,,,1,32,,14236,23,,,1,102,,14222,23,,,1,106,,14223,23,,,1,96,,14240,23,,,1
13001,'H:173:5:Saturday',600,,14265,23,,,1,100,,14249,23,,,1,100,,14250,23,,,1,57,,14251,23,,,1,100,,14252,23,,,1,98,,14253,23,,,1,145,,14254,23,,,1,100,,14255,23,,,1,100,,14256,23,,,1,100,,14257,23,,,1,100,,14258,23,,,1,100,,14259,23,,,1,100,,14260,23,,,1,57,,14261,23,,,1,95,,14262,23,,,1,100,,14263,23,,,1,101,,14264,23,,,1
