10600,'Sunday',726,,8925,44,4,,1,101,,8912,44,4,,1,104,,8913,44,4,,1,103,,8914,44,4,,1,101,,8915,44,4,,1,100,,8916,44,4,,1,101,,8917,44,4,,1,101,,8918,44,4,,1,100,,8920,44,4,,1,98,,8919,44,4,,1,100,,8921,44,4,,1,100,,8922,44,4,,1,97,,8923,44,4,,1,98,,8924,44,4,,1,99,,8926,44,4,,1
10600,'Weekday',540,,8927,44,4,,1,105,,8928,44,4,,1,109,,8929,44,4,,1,103,,8930,44,4,,1,99,,8931,44,4,,1,98,,8932,44,4,,1,100,,8933,44,4,,1,98,,8934,44,4,,1,101,,8935,44,4,,1,106,,8936,44,4,,1,100,,8937,44,4,,1,143,,8938,44,4,,1,100,,8939,44,4,,1,52,,8940,44,4,,1,95,,8941,44,4,,1,98,,8942,44,4,,1,97,,8943,44,4,,1
10600,'Saturday',624,,8957,44,4,,1,101,,8958,44,4,,1,102,,8944,44,4,,1,103,,8945,44,4,,1,103,,8946,44,4,,1,103,,8947,44,4,,1,100,,8948,44,4,,1,101,,8949,44,4,,1,100,,8951,44,4,,1,100,,8952,44,4,,1,99,,8954,44,4,,1,100,,8950,44,4,,1,99,,8955,44,4,,1,99,,8956,44,4,,1,96,,8953,44,4,,1,98,,8959,44,4,,1,98,,8960,44,4,,1
10601,'Sunday',654,,8975,1,,,1,100,,8961,1,,,1,99,,8962,1,,,1,100,,8963,1,,,1,100,,8964,1,,,1,100,,8965,1,,,1,99,,8966,1,,,1,100,,8967,1,,,1,100,,8969,1,,,1,100,,8970,1,,,1,100,,8971,1,,,1,101,,8968,1,,,1,100,,8972,1,,,1,100,,8973,1,,,1,100,,8974,1,,,1
10601,'Weekday',510,,8976,1,,,1,100,,8977,1,,,1,100,,8978,1,,,1,100,,8979,1,,,1,100,,8980,1,,,1,100,,8981,1,,,1,100,,8983,1,,,1,100,,8984,1,,,1,100,,8985,1,,,1,100,,8982,1,,,1,100,,8987,1,,,1,100,,8988,1,,,1,100,,8989,1,,,1,100,,8986,1,,,1,100,,8990,1,,,1,100,,8991,1,,,1,100,,8992,1,,,1,100,,8993,1,,,1
10601,'Saturday',554,,9007,1,,,1,100,,9008,1,,,1,100,,8994,1,,,1,99,,8995,1,,,1,100,,8996,1,,,1,99,,8997,1,,,1,100,,8999,1,,,1,100,,9000,1,,,1,100,,9001,1,,,1,100,,8998,1,,,1,100,,9002,1,,,1,100,,9003,1,,,1,100,,9004,1,,,1,100,,9005,1,,,1,100,,9006,1,,,1,101,,9009,1,,,1,101,,9010,1,,,1
12000,'Sunday',724,,9687,1,,,1,100,,9688,1,,,1,99,,9689,1,,,1,99,,9686,1,,,1,100,,9690,1,,,1,98,,9691,1,,,1,100,,9692,1,,,1,100,,9693,1,,,1,100,,9694,1,,,1,100,,9695,1,,,1,100,,9696,1,,,1,100,,9697,1,,,1,102,,9685,1,,,1,101,,9698,1,,,1
12000,'Weekday',419,,9716,1,,,1,83,,9717,1,,,1,27,,9703,1,,,1,28,,9718,1,,,1,68,,9701,1,,,1,29,,9719,1,,,1,69,,9699,1,,,1,31,,9720,1,,,1,70,,9700,1,,,1,31,,9725,1,,,1,73,,9702,1,,,1,30,,9726,1,,,1,70,,9706,1,,,1,30,,9727,1,,,1,70,,9704,1,,,1,30,,9728,1,,,1,68,,9707,1,,,1,29,,9729,1,,,1,70,,9705,1,,,1,30,,9730,1,,,1,69,,9709,1,,,1,27,,9721,1,,,1,69,,9710,1,,,1,29,,9722,1,,,1,69,,9708,1,,,1,31,,9723,1,,,1,72,,9715,1,,,1,30,,9724,1,,,1,75,,9713,1,,,1,100,,9714,1,,,1,101,,9711,1,,,1,103,,9712,1,,,1
12000,'Saturday',526,,9736,1,,,1,99,,9735,1,,,1,98,,9739,1,,,1,99,,9738,1,,,1,99,,9741,1,,,1,99,,9740,1,,,1,99,,9737,1,,,1,99,,9743,1,,,1,100,,9744,1,,,1,100,,9742,1,,,1,100,,9746,1,,,1,101,,9745,1,,,1,101,,9734,1,,,1,100,,9732,1,,,1,102,,9731,1,,,1,101,,9733,1,,,1,101,,9747,1,,,1
12001,'Sunday',753,,9761,42,4,,1,101,,9751,42,4,,1,102,,9749,42,4,,1,101,,9752,42,4,,1,101,,9760,42,4,,1,100,,9750,42,4,,1,101,,9755,42,4,,1,100,,9753,42,4,,1,100,,9756,42,4,,1,99,,9754,42,4,,1,100,,9758,42,4,,1,100,,9759,42,4,,1,98,,9757,42,4,,1,99,,9748,42,4,,1
12001,'Weekday',559,,9779,42,4,,1,70,,9780,42,4,,1,73,,9763,42,4,,1,34,,9781,42,4,,1,77,,9778,42,4,,1,29,,9782,42,4,,1,66,,9776,42,4,,1,28,,9783,42,4,,1,69,,9777,42,4,,1,29,,9787,42,4,,1,70,,9765,42,4,,1,30,,9788,42,4,,1,71,,9766,42,4,,1,30,,9789,42,4,,1,70,,9767,42,4,,1,31,,9790,42,4,,1,70,,9768,42,4,,1,30,,9791,42,4,,1,74,,9769,42,4,,1,32,,9792,42,4,,1,71,,9770,42,4,,1,31,,9784,42,4,,1,70,,9762,42,4,,1,30,,9785,42,4,,1,71,,9764,42,4,,1,26,,9786,42,4,,1,66,,9771,42,4,,1,97,,9775,42,4,,1,97,,9774,42,4,,1,99,,9772,42,4,,1,58,,9773,42,4,,1
12001,'Saturday',653,,9794,42,4,,1,100,,9793,42,4,,1,103,,9795,42,4,,1,102,,9798,42,4,,1,101,,9806,42,4,,1,141,,9802,42,4,,1,100,,9804,42,4,,1,100,,9807,42,4,,1,100,,9805,42,4,,1,101,,9797,42,4,,1,100,,9803,42,4,,1,100,,9799,42,4,,1,58,,9801,42,4,,1,99,,9796,42,4,,1,98,,9808,42,4,,1,100,,9800,42,4,,1
12100,'Sunday',726,,9809,32,4,,1,103,,9810,32,4,,1,103,,9811,32,4,,1,100,,9812,32,4,,1,101,,9813,32,4,,1,101,,9814,32,4,,1,101,,9815,32,4,,1,100,,9816,32,4,,1,99,,9817,32,4,,1,99,,9818,32,4,,1,100,,9819,32,4,,1,100,,9820,32,4,,1,99,,9821,32,4,,1,99,,9822,32,4,,1
12100,'Weekday',557,,9842,32,4,,1,67,,9840,32,4,,1,26,,9847,32,4,,1,69,,9841,32,4,,1,30,,9846,32,4,,1,68,,9838,32,4,,1,26,,9843,32,4,,1,69,,9848,32,4,,1,20,,9850,32,4,,1,70,,9844,32,4,,1,53,,9845,32,4,,1,90,,9839,32,4,,1,90,,9830,32,4,,1,91,,9837,32,4,,1,90,,9828,32,4,,1,97,,9835,32,4,,1,32,,9834,32,4,,1,70,,9836,32,4,,1,35,,9831,32,4,,1,72,,9833,32,4,,1,35,,9832,32,4,,1,73,,9829,32,4,,1,25,,9823,32,4,,1,69,,9849,32,4,,1,32,,9827,32,4,,1,95,,9826,32,4,,1,100,,9824,32,4,,1,99,,9825,32,4,,1
12100,'Saturday',626,,9851,32,4,,1,101,,9852,32,4,,1,102,,9853,32,4,,1,102,,9854,32,4,,1,101,,9855,32,4,,1,101,,9856,32,4,,1,100,,9857,32,4,,1,100,,9858,32,4,,1,101,,9859,32,4,,1,101,,9860,32,4,,1,100,,9861,32,4,,1,100,,9862,32,4,,1,98,,9863,32,4,,1,99,,9864,32,4,,1,98,,9865,32,4,,1
12101,'Sunday',700,,9866,1,,,1,100,,9867,1,,,1,100,,9868,1,,,1,100,,9869,1,,,1,100,,9870,1,,,1,100,,9871,1,,,1,100,,9872,1,,,1,100,,9873,1,,,1,100,,9874,1,,,1,100,,9875,1,,,1,100,,9876,1,,,1,100,,9877,1,,,1,100,,9878,1,,,1,100,,9879,1,,,1
12101,'Weekday',500,,9897,1,,,1,30,,9880,1,,,1,25,,9895,1,,,1,65,,9900,1,,,1,25,,9904,1,,,1,65,,9902,1,,,1,25,,9905,1,,,1,65,,9894,1,,,1,30,,9888,1,,,1,95,,9896,1,,,1,95,,9898,1,,,1,90,,9899,1,,,1,90,,9889,1,,,1,50,,9890,1,,,1,90,,9901,1,,,1,95,,9883,1,,,1,70,,9892,1,,,1,30,,9903,1,,,1,70,,9886,1,,,1,35,,9884,1,,,1,70,,9891,1,,,1,30,,9881,1,,,1,75,,9882,1,,,1,30,,9893,1,,,1,70,,9907,1,,,1,95,,9885,1,,,1,100,,9887,1,,,1,100,,9906,1,,,1
12101,'Saturday',600,,9908,1,,,1,100,,9909,1,,,1,100,,9910,1,,,1,100,,9911,1,,,1,100,,9912,1,,,1,100,,9913,1,,,1,100,,9914,1,,,1,100,,9915,1,,,1,100,,9916,1,,,1,100,,9917,1,,,1,100,,9918,1,,,1,100,,9919,1,,,1,100,,9920,1,,,1,100,,9921,1,,,1,100,,9922,1,,,1
