11201,'Sunday',722,,9200,36,,,1,30,,9214,36,,,1,70,,9201,36,,,1,30,,9215,36,,,1,71,,9202,36,,,1,30,,9216,36,,,1,71,,9199,36,,,1,30,,9217,36,,,1,70,,9203,36,,,1,30,,9218,36,,,1,70,,9204,36,,,1,30,,9220,36,,,1,71,,9205,36,,,1,30,,9221,36,,,1,70,,9206,36,,,1,30,,9222,36,,,1,70,,9208,36,,,1,30,,9219,36,,,1,70,,9210,36,,,1,30,,9223,36,,,1,70,,9211,36,,,1,29,,9224,36,,,1,70,,9207,36,,,1,100,,9212,36,,,1,100,,9209,36,,,1,99,,9213,36,,,1
11201,'Weekday',531,,9242,36,,,1,70,,9246,36,,,1,31,,9238,36,,,1,70,,9253,36,,,1,30,,9227,36,,,1,20,,9255,36,,,1,60,,9258,36,,,1,21,,9230,36,,,1,21,,9254,36,,,1,60,,9259,36,,,1,20,,9226,36,,,1,70,,9251,36,,,1,30,,9228,36,,,1,70,,9243,36,,,1,30,,9240,36,,,1,70,,9247,36,,,1,30,,9239,36,,,1,71,,9244,36,,,1,30,,9241,36,,,1,71,,9245,36,,,1,30,,9232,36,,,1,21,,9248,36,,,1,60,,9260,36,,,1,20,,9237,36,,,1,21,,9257,36,,,1,60,,9261,36,,,1,20,,9229,36,,,1,21,,9252,36,,,1,60,,9262,36,,,1,20,,9231,36,,,1,19,,9256,36,,,1,60,,9263,36,,,1,19,,9225,36,,,1,69,,9249,36,,,1,29,,9234,36,,,1,69,,9250,36,,,1,30,,9235,36,,,1,99,,9233,36,,,1,100,,9236,36,,,1
11201,'Saturday',723,,9265,36,,,1,30,,9281,36,,,1,70,,9264,36,,,1,30,,9285,36,,,1,71,,9268,36,,,1,30,,9284,36,,,1,70,,9266,36,,,1,30,,9286,36,,,1,72,,9267,36,,,1,30,,9280,36,,,1,70,,9274,36,,,1,30,,9289,36,,,1,70,,9275,36,,,1,30,,9287,36,,,1,70,,9272,36,,,1,30,,9288,36,,,1,70,,9269,36,,,1,30,,9283,36,,,1,70,,9270,36,,,1,30,,9290,36,,,1,70,,9271,36,,,1,30,,9282,36,,,1,70,,9273,36,,,1,29,,9279,36,,,1,69,,9276,36,,,1,100,,9277,36,,,1,100,,9278,36,,,1
12101,'Sunday',730,,9866,33,,,1,101,,9867,33,,,1,102,,9868,33,,,1,100,,9869,33,,,1,102,,9870,33,,,1,101,,9871,33,,,1,100,,9872,33,,,1,100,,9873,33,,,1,100,,9874,33,,,1,99,,9875,33,,,1,99,,9876,33,,,1,99,,9877,33,,,1,100,,9878,33,,,1,99,,9879,33,,,1
12101,'Weekday',528,,9897,33,,,1,30,,9880,33,,,1,68,,9895,33,,,1,25,,9900,33,,,1,67,,9904,33,,,1,26,,9902,33,,,1,67,,9905,33,,,1,25,,9894,33,,,1,69,,9888,33,,,1,96,,9896,33,,,1,55,,9898,33,,,1,90,,9899,33,,,1,90,,9889,33,,,1,90,,9890,33,,,1,91,,9901,33,,,1,97,,9883,33,,,1,34,,9892,33,,,1,72,,9903,33,,,1,32,,9886,33,,,1,74,,9884,33,,,1,30,,9891,33,,,1,67,,9881,33,,,1,31,,9882,33,,,1,68,,9893,33,,,1,29,,9907,33,,,1,92,,9885,33,,,1,99,,9887,33,,,1,99,,9906,33,,,1
12101,'Saturday',628,,9908,33,,,1,100,,9909,33,,,1,104,,9910,33,,,1,101,,9911,33,,,1,102,,9912,33,,,1,100,,9913,33,,,1,102,,9914,33,,,1,100,,9915,33,,,1,100,,9916,33,,,1,100,,9917,33,,,1,100,,9918,33,,,1,100,,9919,33,,,1,98,,9920,33,,,1,99,,9921,33,,,1,98,,9922,33,,,1
16600,'Sunday',652,,10051,27,,,1,97,,10052,27,,,1,99,,10053,27,,,1,98,,10054,27,,,1,98,,10055,27,,,1,98,,10056,27,,,1,99,,10057,27,,,1,99,,10058,27,,,1,100,,10059,27,,,1,101,,10060,27,,,1,101,,10061,27,,,1,102,,10062,27,,,1,101,,10063,27,,,1,101,,10064,27,,,1,101,,10065,27,,,1,101,,10066,27,,,1
16600,'Weekday',459,,10100,27,,,1,70,,10083,27,,,1,26,,10097,27,,,1,70,,10082,27,,,1,29,,10098,27,,,1,69,,10077,27,,,1,30,,10089,27,,,1,70,,10076,27,,,1,30,,10088,27,,,1,69,,10075,27,,,1,30,,10094,27,,,1,70,,10074,27,,,1,30,,10087,27,,,1,70,,10072,27,,,1,29,,10084,27,,,1,68,,10073,27,,,1,30,,10090,27,,,1,70,,10071,27,,,1,30,,10093,27,,,1,69,,10070,27,,,1,30,,10091,27,,,1,69,,10069,27,,,1,30,,10086,27,,,1,69,,10080,27,,,1,29,,10085,27,,,1,70,,10067,27,,,1,32,,10092,27,,,1,72,,10068,27,,,1,30,,10096,27,,,1,73,,10079,27,,,1,31,,10078,27,,,1,100,,10081,27,,,1,102,,10095,27,,,1,103,,10099,27,,,1
16600,'Saturday',552,,10101,27,,,1,99,,10102,27,,,1,97,,10104,27,,,1,99,,10105,27,,,1,96,,10106,27,,,1,100,,10103,27,,,1,98,,10107,27,,,1,98,,10109,27,,,1,99,,10110,27,,,1,99,,10114,27,,,1,101,,10112,27,,,1,101,,10115,27,,,1,102,,10113,27,,,1,101,,10111,27,,,1,104,,10116,27,,,1,101,,10108,27,,,1,101,,10117,27,,,1
16601,'Sunday',722,,10118,34,,,1,101,,10119,34,,,1,101,,10120,34,,,1,102,,10121,34,,,1,101,,10122,34,,,1,101,,10123,34,,,1,100,,10124,34,,,1,100,,10125,34,,,1,100,,10126,34,,,1,100,,10127,34,,,1,100,,10129,34,,,1,99,,10131,34,,,1,100,,10128,34,,,1,99,,10132,34,,,1,99,,10130,34,,,1
16601,'Weekday',530,,10152,34,,,1,71,,10149,34,,,1,31,,10153,34,,,1,70,,10147,34,,,1,31,,10154,34,,,1,70,,10144,34,,,1,31,,10155,34,,,1,70,,10143,34,,,1,30,,10156,34,,,1,70,,10141,34,,,1,30,,10157,34,,,1,71,,10140,34,,,1,30,,10158,34,,,1,70,,10142,34,,,1,30,,10159,34,,,1,71,,10137,34,,,1,30,,10160,34,,,1,70,,10145,34,,,1,30,,10161,34,,,1,71,,10139,34,,,1,30,,10162,34,,,1,71,,10136,34,,,1,31,,10163,34,,,1,70,,10148,34,,,1,32,,10164,34,,,1,67,,10138,34,,,1,29,,10165,34,,,1,69,,10134,34,,,1,29,,10151,34,,,1,70,,10135,34,,,1,30,,10133,34,,,1,99,,10146,34,,,1,98,,10150,34,,,1,99,,10166,34,,,1
16601,'Saturday',622,,10169,34,,,1,101,,10167,34,,,1,102,,10168,34,,,1,101,,10171,34,,,1,101,,10174,34,,,1,101,,10170,34,,,1,101,,10175,34,,,1,100,,10173,34,,,1,101,,10172,34,,,1,101,,10177,34,,,1,100,,10178,34,,,1,99,,10179,34,,,1,99,,10176,34,,,1,99,,10180,34,,,1,99,,10181,34,,,1,99,,10182,34,,,1,98,,10183,34,,,1
