10600,'H:113:6:Sunday',711,,13140,34,,,1,101,,13127,34,,,1,102,,13128,34,,,1,101,,13129,34,,,1,101,,13130,34,,,1,100,,13131,34,,,1,101,,13132,34,,,1,101,,13133,34,,,1,100,,13135,34,,,1,98,,13134,34,,,1,100,,13136,34,,,1,100,,13137,34,,,1,99,,13138,34,,,1,99,,13139,34,,,1,99,,13141,34,,,1
10600,'H:123:0:Weekday',525,,13142,34,,,1,103,,13143,34,,,1,102,,13144,34,,,1,103,,13145,34,,,1,100,,13146,34,,,1,99,,13147,34,,,1,100,,13148,34,,,1,100,,13149,34,,,1,101,,13150,34,,,1,102,,13151,34,,,1,100,,13152,34,,,1,102,,13153,34,,,1,100,,13154,34,,,1,96,,13155,34,,,1,97,,13156,34,,,1,98,,13157,34,,,1,99,,13158,34,,,1
10600,'H:173:5:Saturday',610,,13172,34,,,1,100,,13173,34,,,1,102,,13159,34,,,1,101,,13160,34,,,1,103,,13161,34,,,1,101,,13162,34,,,1,100,,13163,34,,,1,101,,13164,34,,,1,100,,13166,34,,,1,100,,13167,34,,,1,99,,13169,34,,,1,100,,13165,34,,,1,100,,13170,34,,,1,99,,13171,34,,,1,98,,13168,34,,,1,98,,13174,34,,,1,100,,13175,34,,,1
10601,'H:113:6:Sunday',705,,13190,11,,,1,100,,13176,11,,,1,100,,13177,11,,,1,100,,13178,11,,,1,100,,13179,11,,,1,100,,13180,11,,,1,100,,13181,11,,,1,100,,13182,11,,,1,100,,13184,11,,,1,100,,13185,11,,,1,100,,13186,11,,,1,100,,13183,11,,,1,100,,13187,11,,,1,100,,13188,11,,,1,100,,13189,11,,,1
10601,'H:123:0:Weekday',520,,13191,11,,,1,103,,13192,11,,,1,100,,13193,11,,,1,101,,13194,11,,,1,100,,13195,11,,,1,99,,13196,11,,,1,100,,13198,11,,,1,100,,13199,11,,,1,101,,13200,11,,,1,100,,13197,11,,,1,101,,13202,11,,,1,200,,13203,11,,,1,100,,13201,11,,,1,99,,13204,11,,,1,99,,13205,11,,,1,99,,13206,11,,,1,99,,13207,11,,,1
10601,'H:173:5:Saturday',605,,13222,11,,,1,100,,13221,11,,,1,100,,13208,11,,,1,100,,13209,11,,,1,100,,13210,11,,,1,100,,13211,11,,,1,100,,13213,11,,,1,100,,13214,11,,,1,100,,13215,11,,,1,100,,13212,11,,,1,100,,13216,11,,,1,100,,13217,11,,,1,100,,13218,11,,,1,100,,13219,11,,,1,100,,13220,11,,,1,100,,13223,11,,,1,100,,13224,11,,,1
10601,'KP:323:0:Weekday',1625,,13225,11,,,1
12000,'H:113:6:Sunday',735,,13902,11,,,1,100,,13903,11,,,1,100,,13904,11,,,1,99,,13901,11,,,1,100,,13905,11,,,1,98,,13906,11,,,1,100,,13907,11,,,1,100,,13908,11,,,1,100,,13909,11,,,1,100,,13910,11,,,1,100,,13911,11,,,1,100,,13912,11,,,1,102,,13900,11,,,1,100,,13913,11,,,1
12000,'H:123:0:Weekday',429,,13931,11,,,1,84,,13932,11,,,1,28,,13918,11,,,1,68,,13933,11,,,1,28,,13916,11,,,1,70,,13934,11,,,1,29,,13914,11,,,1,71,,13935,11,,,1,30,,13915,11,,,1,70,,13940,11,,,1,33,,13917,11,,,1,70,,13941,11,,,1,30,,13921,11,,,1,70,,13942,11,,,1,30,,13919,11,,,1,70,,13943,11,,,1,29,,13922,11,,,1,69,,13944,11,,,1,30,,13920,11,,,1,70,,13945,11,,,1,29,,13924,11,,,1,67,,13936,11,,,1,29,,13925,11,,,1,70,,13937,11,,,1,29,,13923,11,,,1,71,,13938,11,,,1,32,,13930,11,,,1,70,,13939,11,,,1,34,,13928,11,,,1,99,,13929,11,,,1,101,,13926,11,,,1,102,,13927,11,,,1
12000,'H:173:5:Saturday',536,,13951,11,,,1,100,,13950,11,,,1,98,,13954,11,,,1,99,,13953,11,,,1,100,,13956,11,,,1,100,,13955,11,,,1,99,,13952,11,,,1,99,,13958,11,,,1,100,,13959,11,,,1,100,,13957,11,,,1,100,,13961,11,,,1,101,,13960,11,,,1,101,,13949,11,,,1,100,,13947,11,,,1,101,,13946,11,,,1,101,,13948,11,,,1,101,,13962,11,,,1
12001,'H:113:6:Sunday',739,,13976,31,,,1,100,,13966,31,,,1,100,,13964,31,,,1,101,,13967,31,,,1,101,,13975,31,,,1,100,,13965,31,,,1,100,,13970,31,,,1,100,,13968,31,,,1,100,,13971,31,,,1,100,,13969,31,,,1,100,,13973,31,,,1,100,,13974,31,,,1,99,,13972,31,,,1,99,,13963,31,,,1
12001,'H:123:0:Weekday',544,,13994,31,,,1,70,,13995,31,,,1,31,,13978,31,,,1,71,,13996,31,,,1,33,,13993,31,,,1,71,,13997,31,,,1,29,,13991,31,,,1,69,,13998,31,,,1,29,,13992,31,,,1,69,,14002,31,,,1,29,,13980,31,,,1,70,,14003,31,,,1,31,,13981,31,,,1,70,,14004,31,,,1,30,,13982,31,,,1,71,,14005,31,,,1,30,,13983,31,,,1,70,,14006,31,,,1,31,,13984,31,,,1,70,,14007,31,,,1,31,,13985,31,,,1,71,,13999,31,,,1,30,,13977,31,,,1,70,,14000,31,,,1,31,,13979,31,,,1,68,,14001,31,,,1,28,,13986,31,,,1,100,,13990,31,,,1,97,,13989,31,,,1,100,,13987,31,,,1,98,,13988,31,,,1
12001,'H:173:5:Saturday',639,,14008,31,,,1,100,,14009,31,,,1,101,,14010,31,,,1,101,,14013,31,,,1,100,,14021,31,,,1,100,,14017,31,,,1,100,,14019,31,,,1,100,,14022,31,,,1,100,,14020,31,,,1,101,,14012,31,,,1,100,,14018,31,,,1,100,,14014,31,,,1,100,,14016,31,,,1,99,,14011,31,,,1,99,,14023,31,,,1,100,,14015,31,,,1
