11100,'H:123:0:Weekday',629,,13319,20,,,1,30,,13320,20,,,1
11200,'H:113:6:Sunday',720,,13323,38,,,1,30,,13338,38,,,1,70,,13324,38,,,1,30,,13339,38,,,1,70,,13325,38,,,1,30,,13340,38,,,1,70,,13326,38,,,1,30,,13341,38,,,1,71,,13329,38,,,1,30,,13342,38,,,1,70,,13330,38,,,1,30,,13343,38,,,1,70,,13332,38,,,1,31,,13344,38,,,1,70,,13328,38,,,1,30,,13345,38,,,1,70,,13327,38,,,1,30,,13346,38,,,1,70,,13333,38,,,1,30,,13347,38,,,1,70,,13331,38,,,1,30,,13348,38,,,1,70,,13334,38,,,1,100,,13335,38,,,1,98,,13336,38,,,1,100,,13337,38,,,1
11200,'H:123:0:Weekday',529,,13366,38,,,1,30,,13367,38,,,1,72,,13350,38,,,1,101,,13352,38,,,1,20,,13376,38,,,1,60,,13381,38,,,1,20,,13351,38,,,1,19,,13378,38,,,1,60,,13382,38,,,1,20,,13349,38,,,1,70,,13375,38,,,1,30,,13353,38,,,1,70,,13368,38,,,1,30,,13354,38,,,1,71,,13370,38,,,1,30,,13355,38,,,1,70,,13372,38,,,1,30,,13356,38,,,1,71,,13371,38,,,1,31,,13357,38,,,1,20,,13374,38,,,1,60,,13383,38,,,1,20,,13358,38,,,1,20,,13379,38,,,1,60,,13384,38,,,1,20,,13361,38,,,1,20,,13377,38,,,1,60,,13385,38,,,1,20,,13362,38,,,1,70,,13380,38,,,1,30,,13359,38,,,1,69,,13369,38,,,1,29,,13360,38,,,1,69,,13373,38,,,1,30,,13363,38,,,1,100,,13364,38,,,1,99,,13365,38,,,1
11200,'H:173:5:Saturday',720,,13389,38,,,1,30,,13409,38,,,1,70,,13391,38,,,1,31,,13408,38,,,1,70,,13388,38,,,1,30,,13406,38,,,1,70,,13386,38,,,1,30,,13412,38,,,1,70,,13390,38,,,1,30,,13410,38,,,1,70,,13392,38,,,1,30,,13405,38,,,1,71,,13393,38,,,1,30,,13401,38,,,1,71,,13395,38,,,1,30,,13404,38,,,1,70,,13397,38,,,1,30,,13411,38,,,1,70,,13394,38,,,1,30,,13407,38,,,1,70,,13398,38,,,1,30,,13402,38,,,1,70,,13396,38,,,1,30,,13403,38,,,1,69,,13399,38,,,1,100,,13400,38,,,1,99,,13387,38,,,1
11200,'KP:323:0:Weekday',702,,13413,38,,,1
11900,'H:113:6:Sunday',826,,13793,47,,,1,102,,13784,47,,,1,102,,13786,47,,,1,100,,13788,47,,,1,100,,13794,47,,,1,100,,13789,47,,,1,100,,13790,47,,,1,100,,13787,47,,,1,100,,13792,47,,,1,100,,13785,47,,,1,98,,13795,47,,,1,99,,13791,47,,,1,100,,13796,47,,,1
11900,'H:123:0:Weekday',629,,13807,47,,,1,72,,13813,47,,,1,27,,13802,47,,,1,76,,13814,47,,,1,31,,13799,47,,,1,71,,13815,47,,,1,30,,13798,47,,,1,68,,13819,47,,,1,30,,13810,47,,,1,70,,13820,47,,,1,31,,13811,47,,,1,71,,13821,47,,,1,29,,13808,47,,,1,70,,13822,47,,,1,30,,13809,47,,,1,71,,13823,47,,,1,32,,13812,47,,,1,71,,13824,47,,,1,30,,13806,47,,,1,69,,13818,47,,,1,30,,13800,47,,,1,71,,13816,47,,,1,29,,13803,47,,,1,69,,13817,47,,,1,27,,13805,47,,,1,99,,13804,47,,,1,97,,13797,47,,,1,99,,13801,47,,,1,100,,13825,47,,,1
11900,'H:173:5:Saturday',626,,13826,47,,,1,100,,13827,47,,,1,102,,13828,47,,,1,102,,13829,47,,,1,101,,13830,47,,,1,100,,13831,47,,,1,100,,13834,47,,,1,102,,13832,47,,,1,100,,13836,47,,,1,99,,13833,47,,,1,100,,13835,47,,,1,99,,13838,47,,,1,99,,13839,47,,,1,99,,13837,47,,,1,98,,13840,47,,,1,100,,13841,47,,,1
13000,'H:113:6:Sunday',658,,14138,15,,,1,100,,14140,15,,,1,101,,14139,15,,,1,100,,14141,15,,,1,100,,14144,15,,,1,100,,14142,15,,,1,141,,14143,15,,,1,100,,14146,15,,,1,59,,14145,15,,,1,100,,14147,15,,,1,100,,14148,15,,,1,100,,14149,15,,,1,99,,14150,15,,,1,100,,14151,15,,,1,100,,14152,15,,,1
13000,'H:123:0:Weekday',528,,14172,15,,,1,30,,14175,15,,,1,70,,14161,15,,,1,30,,14176,15,,,1,71,,14153,15,,,1,30,,14163,15,,,1,70,,14154,15,,,1,30,,14177,15,,,1,70,,14162,15,,,1,30,,14179,15,,,1,70,,14171,15,,,1,30,,14180,15,,,1,70,,14168,15,,,1,30,,14181,15,,,1,70,,14169,15,,,1,30,,14182,15,,,1,70,,14170,15,,,1,30,,14183,15,,,1,70,,14167,15,,,1,71,,14184,15,,,1,30,,14155,15,,,1,70,,14173,15,,,1,30,,14165,15,,,1,70,,14164,15,,,1,30,,14156,15,,,1,70,,14166,15,,,1,29,,14157,15,,,1,30,,14178,15,,,1,70,,14158,15,,,1,99,,14159,15,,,1,100,,14160,15,,,1,100,,14174,15,,,1
13000,'H:173:5:Saturday',558,,14200,15,,,1,100,,14185,15,,,1,100,,14186,15,,,1,100,,14187,15,,,1,101,,14188,15,,,1,100,,14189,15,,,1,141,,14190,15,,,1,100,,14191,15,,,1,100,,14192,15,,,1,100,,14193,15,,,1,100,,14194,15,,,1,100,,14195,15,,,1,100,,14196,15,,,1,59,,14197,15,,,1,100,,14198,15,,,1,100,,14199,15,,,1,100,,14201,15,,,1
