10600,'H:113:6:Sunday',710,,13140,33,,,1,101,,13127,33,,,1,102,,13128,33,,,1,100,,13129,33,,,1,101,,13130,33,,,1,100,,13131,33,,,1,101,,13132,33,,,1,101,,13133,33,,,1,100,,13135,33,,,1,98,,13134,33,,,1,100,,13136,33,,,1,100,,13137,33,,,1,99,,13138,33,,,1,99,,13139,33,,,1,100,,13141,33,,,1
10600,'H:123:0:Weekday',524,,13142,33,,,1,103,,13143,33,,,1,101,,13144,33,,,1,103,,13145,33,,,1,100,,13146,33,,,1,99,,13147,33,,,1,100,,13148,33,,,1,100,,13149,33,,,1,101,,13150,33,,,1,102,,13151,33,,,1,100,,13152,33,,,1,102,,13153,33,,,1,100,,13154,33,,,1,96,,13155,33,,,1,97,,13156,33,,,1,99,,13157,33,,,1,99,,13158,33,,,1
10600,'H:173:5:Saturday',609,,13172,33,,,1,100,,13173,33,,,1,102,,13159,33,,,1,101,,13160,33,,,1,102,,13161,33,,,1,101,,13162,33,,,1,100,,13163,33,,,1,101,,13164,33,,,1,100,,13166,33,,,1,100,,13167,33,,,1,99,,13169,33,,,1,100,,13165,33,,,1,100,,13170,33,,,1,99,,13171,33,,,1,99,,13168,33,,,1,98,,13174,33,,,1,100,,13175,33,,,1
12001,'H:113:6:Sunday',738,,13976,30,,,1,100,,13966,30,,,1,100,,13964,30,,,1,100,,13967,30,,,1,101,,13975,30,,,1,100,,13965,30,,,1,100,,13970,30,,,1,100,,13968,30,,,1,100,,13971,30,,,1,100,,13969,30,,,1,100,,13973,30,,,1,100,,13974,30,,,1,99,,13972,30,,,1,100,,13963,30,,,1
12001,'H:123:0:Weekday',542,,13994,30,,,1,70,,13995,30,,,1,31,,13978,30,,,1,71,,13996,30,,,1,33,,13993,30,,,1,71,,13997,30,,,1,29,,13991,30,,,1,69,,13998,30,,,1,29,,13992,30,,,1,69,,14002,30,,,1,29,,13980,30,,,1,70,,14003,30,,,1,31,,13981,30,,,1,70,,14004,30,,,1,30,,13982,30,,,1,71,,14005,30,,,1,30,,13983,30,,,1,70,,14006,30,,,1,31,,13984,30,,,1,70,,14007,30,,,1,31,,13985,30,,,1,71,,13999,30,,,1,30,,13977,30,,,1,70,,14000,30,,,1,31,,13979,30,,,1,68,,14001,30,,,1,28,,13986,30,,,1,100,,13990,30,,,1,98,,13989,30,,,1,100,,13987,30,,,1,98,,13988,30,,,1
12001,'H:173:5:Saturday',638,,14008,30,,,1,100,,14009,30,,,1,100,,14010,30,,,1,101,,14013,30,,,1,100,,14021,30,,,1,100,,14017,30,,,1,100,,14019,30,,,1,100,,14022,30,,,1,100,,14020,30,,,1,101,,14012,30,,,1,100,,14018,30,,,1,100,,14014,30,,,1,100,,14016,30,,,1,99,,14011,30,,,1,100,,14023,30,,,1,100,,14015,30,,,1
12100,'H:113:6:Sunday',709,,14024,15,,,1,101,,14025,15,,,1,102,,14026,15,,,1,100,,14027,15,,,1,101,,14028,15,,,1,101,,14029,15,,,1,100,,14030,15,,,1,100,,14031,15,,,1,100,,14032,15,,,1,100,,14033,15,,,1,100,,14034,15,,,1,100,,14035,15,,,1,99,,14036,15,,,1,99,,14037,15,,,1
12100,'H:123:0:Weekday',539,,14056,15,,,1,66,,14054,15,,,1,25,,14061,15,,,1,27,,14055,15,,,1,66,,14060,15,,,1,25,,14052,15,,,1,66,,14057,15,,,1,30,,14062,15,,,1,65,,14064,15,,,1,30,,14058,15,,,1,94,,14059,15,,,1,90,,14053,15,,,1,90,,14045,15,,,1,90,,14051,15,,,1,50,,14043,15,,,1,96,,14049,15,,,1,101,,14050,15,,,1,73,,14046,15,,,1,32,,14048,15,,,1,77,,14047,15,,,1,73,,14044,15,,,1,25,,14038,15,,,1,29,,14063,15,,,1,75,,14042,15,,,1,97,,14041,15,,,1,100,,14039,15,,,1,99,,14040,15,,,1
12100,'H:173:5:Saturday',609,,14066,15,,,1,100,,14067,15,,,1,102,,14068,15,,,1,101,,14065,15,,,1,101,,14069,15,,,1,101,,14070,15,,,1,100,,14071,15,,,1,100,,14072,15,,,1,100,,14073,15,,,1,100,,14074,15,,,1,100,,14075,15,,,1,100,,14076,15,,,1,100,,14077,15,,,1,99,,14078,15,,,1,99,,14079,15,,,1
12100,'KP:323:0:Weekday',1520,,14080,15,,,1
12101,'H:113:6:Sunday',712,,14081,16,,,1,100,,14082,16,,,1,101,,14083,16,,,1,100,,14084,16,,,1,100,,14085,16,,,1,100,,14086,16,,,1,100,,14087,16,,,1,100,,14089,16,,,1,100,,14090,16,,,1,100,,14091,16,,,1,100,,14088,16,,,1,99,,14092,16,,,1,100,,14093,16,,,1,99,,14094,16,,,1
12101,'H:123:0:Weekday',511,,14112,16,,,1,30,,14095,16,,,1,65,,14110,16,,,1,25,,14115,16,,,1,26,,14119,16,,,1,66,,14117,16,,,1,26,,14120,16,,,1,65,,14109,16,,,1,29,,14103,16,,,1,95,,14111,16,,,1,95,,14113,16,,,1,90,,14114,16,,,1,90,,14104,16,,,1,90,,14105,16,,,1,50,,14116,16,,,1,95,,14098,16,,,1,71,,14107,16,,,1,31,,14118,16,,,1,70,,14101,16,,,1,34,,14099,16,,,1,70,,14106,16,,,1,30,,14096,16,,,1,74,,14097,16,,,1,30,,14108,16,,,1,70,,14122,16,,,1,94,,14100,16,,,1,100,,14102,16,,,1,100,,14121,16,,,1
12101,'H:173:5:Saturday',611,,14123,16,,,1,100,,14124,16,,,1,102,,14125,16,,,1,100,,14126,16,,,1,100,,14127,16,,,1,100,,14128,16,,,1,100,,14129,16,,,1,100,,14130,16,,,1,100,,14131,16,,,1,100,,14132,16,,,1,100,,14133,16,,,1,100,,14134,16,,,1,100,,14135,16,,,1,100,,14136,16,,,1,99,,14137,16,,,1
