20900,'H:113:6:Sunday',752,,14711,2,,,1,100,,14705,2,,,1,100,,14703,2,,,1,100,,14715,2,,,1,101,,14707,2,,,1,100,,14713,2,,,1,100,,14704,2,,,1,100,,14706,2,,,1,100,,14714,2,,,1,100,,14709,2,,,1,100,,14710,2,,,1,100,,14708,2,,,1,100,,14712,2,,,1
20900,'H:123:0:Weekday',555,,14728,2,,,1,101,,14729,2,,,1,100,,14731,2,,,1,100,,14730,2,,,1,100,,14727,2,,,1,100,,14723,2,,,1,100,,14721,2,,,1,97,,14725,2,,,1,100,,14719,2,,,1,100,,14724,2,,,1,100,,14726,2,,,1,100,,14718,2,,,1,100,,14720,2,,,1,100,,14722,2,,,1,100,,14716,2,,,1,100,,14717,2,,,1,99,,14732,2,,,1
20900,'H:173:5:Saturday',652,,14742,2,,,1,100,,14735,2,,,1,100,,14733,2,,,1,101,,14745,2,,,1,100,,14738,2,,,1,100,,14744,2,,,1,100,,14736,2,,,1,100,,14734,2,,,1,100,,14747,2,,,1,100,,14739,2,,,1,100,,14743,2,,,1,100,,14737,2,,,1,100,,14740,2,,,1,100,,14746,2,,,1,100,,14741,2,,,1
24000,'H:113:6:Sunday',651,,15009,2,,,1,100,,15003,2,,,1,100,,15002,2,,,1,100,,14997,2,,,1,100,,15005,2,,,1,100,,14998,2,,,1,100,,15008,2,,,1,100,,15001,2,,,1,100,,15006,2,,,1,100,,14999,2,,,1,100,,15007,2,,,1,100,,15000,2,,,1,100,,15004,2,,,1,100,,14996,2,,,1
24000,'H:123:0:Weekday',551,,15024,2,,,1,100,,15010,2,,,1,100,,15011,2,,,1,100,,15013,2,,,1,105,,15012,2,,,1,100,,15014,2,,,1,100,,15015,2,,,1,100,,15017,2,,,1,97,,15018,2,,,1,103,,15016,2,,,1,100,,15020,2,,,1,100,,15019,2,,,1,100,,15021,2,,,1,95,,15022,2,,,1,100,,15023,2,,,1,100,,15025,2,,,1
24000,'H:173:5:Saturday',651,,15038,2,,,1,100,,15026,2,,,1,100,,15033,2,,,1,100,,15028,2,,,1,100,,15034,2,,,1,100,,15027,2,,,1,100,,15035,2,,,1,100,,15029,2,,,1,100,,15036,2,,,1,100,,15030,2,,,1,100,,15037,2,,,1,100,,15032,2,,,1,100,,15031,2,,,1,100,,15039,2,,,1,100,,15040,2,,,1
90500,'H:123:0:Weekday',443,,16680,9,,,1,172,,16688,9,,,1,130,,16681,9,,,1,100,,16684,9,,,1,100,,16676,9,,,1,100,,16674,9,,,1,100,,16675,9,,,1,300,,16678,9,,,1,100,,16679,9,,,1,100,,16686,9,,,1,100,,16677,9,,,1,100,,16685,9,,,1,100,,16687,9,,,1,100,,16683,9,,,1,100,,16682,9,,,1
90500,'KP:323:0:Weekday',545,,16691,9,,,1,100,,16689,9,,,1,70,,16690,9,,,1,530,,16692,9,,,1,100,,16693,9,,,1
90501,'H:123:0:Weekday',619,,16703,7,,,1,100,,16702,7,,,1,99,,16701,7,,,1,100,,16699,7,,,1,100,,16700,7,,,1,102,,16710,7,,,1,100,,16708,7,,,1,100,,16709,7,,,1,102,,16711,7,,,1,92,,16707,7,,,1,102,,16704,7,,,1,37,,16696,7,,,1,70,,16698,7,,,1,26,,16695,7,,,1,76,,16694,7,,,1,95,,16697,7,,,1,99,,16706,7,,,1,100,,16705,7,,,1
90700,'H:123:0:Weekday',409,,16712,7,,,1,36,,16713,7,,,1,73,,16714,7,,,1,32,,16715,7,,,1
