10900,'H:113:6:Sunday',807,,13231,14,,,1,100,,13235,14,,,1,100,,13226,14,,,1,100,,13227,14,,,1,100,,13238,14,,,1,101,,13229,14,,,1,100,,13234,14,,,1,100,,13228,14,,,1,99,,13230,14,,,1,100,,13237,14,,,1,100,,13233,14,,,1,100,,13236,14,,,1,100,,13232,14,,,1,100,,13239,14,,,1
10900,'H:123:0:Weekday',504,,13253,14,,,1,101,,13247,14,,,1,102,,13243,14,,,1,100,,13249,14,,,1,105,,13256,14,,,1,100,,13241,14,,,1,100,,13255,14,,,1,100,,13254,14,,,1,100,,13246,14,,,1,100,,13252,14,,,1,101,,13244,14,,,1,100,,13248,14,,,1,100,,13251,14,,,1,99,,13245,14,,,1,99,,13242,14,,,1,99,,13240,14,,,1,100,,13250,14,,,1
10900,'H:173:5:Saturday',707,,13261,14,,,1,100,,13264,14,,,1,101,,13260,14,,,1,101,,13257,14,,,1,100,,13269,14,,,1,101,,13262,14,,,1,100,,13267,14,,,1,100,,13258,14,,,1,99,,13259,14,,,1,100,,13271,14,,,1,99,,13263,14,,,1,100,,13268,14,,,1,100,,13265,14,,,1,99,,13266,14,,,1,100,,13270,14,,,1
27001,'H:123:0:Weekday',536,,15094,9,,,1,121,,15092,9,0,5,1,1002,,15093,9,0,5,1
27001,'KP:323:0:Weekday',557,,15095,9,0,5,1
27101,'H:113:6:Sunday',717,,15156,9,,,1,110,,15146,9,,,1,100,,15143,9,,,1,100,,15144,9,,,1,100,,15145,9,,,1,100,,15147,9,,,1,100,,15154,9,,,1,100,,15148,9,,,1,100,,15149,9,,,1,100,,15151,9,,,1,100,,15150,9,,,1,100,,15152,9,,,1,100,,15155,9,,,1,100,,15153,9,,,1
27101,'H:123:0:Weekday',627,,15157,9,,,1,400,,15158,9,,,1,100,,15169,9,,,1,101,,15159,9,,,1,100,,15161,9,,,1,100,,15160,9,,,1,100,,15162,9,,,1,100,,15167,9,,,1,100,,15163,9,,,1,100,,15164,9,,,1,100,,15165,9,,,1,99,,15168,9,,,1,100,,15166,9,,,1
27101,'H:173:5:Saturday',717,,15170,9,,,1,110,,15176,9,,,1,100,,15173,9,,,1,101,,15177,9,,,1,100,,15174,9,,,1,100,,15179,9,,,1,100,,15175,9,,,1,100,,15180,9,,,1,100,,15172,9,,,1,100,,15178,9,,,1,100,,15171,9,,,1,99,,15181,9,,,1,100,,15182,9,,,1,100,,15183,9,,,1,100,,15184,9,,,1
27101,'KP:323:0:Weekday',727,,15185,9,,,1,100,,15187,9,,,1,100,,15186,9,,,1
90800,'H:123:0:Weekday',431,,16720,3,,,1
90800,'KP:323:0:Weekday',501,,16722,3,,,1,55,,16721,3,,,1,75,,16724,3,,,1,110,,16723,3,,,1
