10900,'H:113:6:Sunday',756,,13231,3,,,1,100,,13235,3,,,1,100,,13226,3,,,1,100,,13227,3,,,1,100,,13238,3,,,1,100,,13229,3,,,1,100,,13234,3,,,1,100,,13228,3,,,1,100,,13230,3,,,1,100,,13237,3,,,1,100,,13233,3,,,1,100,,13236,3,,,1,100,,13232,3,,,1,100,,13239,3,,,1
10900,'H:123:0:Weekday',452,,13253,3,,,1,100,,13247,3,,,1,100,,13243,3,,,1,100,,13249,3,,,1,107,,13256,3,,,1,100,,13241,3,,,1,100,,13255,3,,,1,100,,13254,3,,,1,100,,13246,3,,,1,100,,13252,3,,,1,100,,13244,3,,,1,100,,13248,3,,,1,100,,13251,3,,,1,100,,13245,3,,,1,100,,13242,3,,,1,100,,13240,3,,,1,100,,13250,3,,,1
10900,'H:173:5:Saturday',656,,13261,3,,,1,100,,13264,3,,,1,100,,13260,3,,,1,100,,13257,3,,,1,100,,13269,3,,,1,100,,13262,3,,,1,100,,13267,3,,,1,100,,13258,3,,,1,100,,13259,3,,,1,100,,13271,3,,,1,100,,13263,3,,,1,100,,13268,3,,,1,100,,13265,3,,,1,100,,13266,3,,,1,100,,13270,3,,,1
28000,'H:113:6:Sunday',826,,15188,37,,,1,101,,15189,37,,,1,100,,15190,37,,,1,100,,15191,37,,,1,100,,15199,37,,,1,100,,15193,37,,,1,100,,15192,37,,,1,100,,15194,37,,,1,100,,15195,37,,,1,99,,15196,37,,,1,100,,15200,37,,,1,100,,15198,37,,,1,100,,15197,37,,,1
28000,'H:123:0:Weekday',525,,15201,37,,,1,180,,15213,14,,,1,33,,15202,37,,,1,99,,15204,37,,,1,71,,15217,14,,,1,29,,15205,37,,,1,100,,15218,37,,,1,101,,15203,37,,,1,200,,15206,37,,,1,178,,15216,14,,,1,23,,15207,37,,,1,76,,15215,14,,,1,100,,15214,14,,,1,28,,15209,37,,,1,94,,15210,37,,,1,93,,15211,37,,,1,100,,15208,37,,,1,99,,15212,37,,,1
28000,'H:173:5:Saturday',725,,15231,37,,,1,100,,15219,37,,,1,100,,15227,37,,,1,102,,15220,37,,,1,101,,15229,37,,,1,101,,15230,37,,,1,100,,15221,37,,,1,99,,15222,37,,,1,100,,15224,37,,,1,99,,15223,37,,,1,100,,15225,37,,,1,100,,15226,37,,,1,99,,15228,37,,,1,100,,15232,37,,,1
28000,'KP:323:0:Weekday',630,,15238,37,,,1,178,,15237,14,,,1,430,,15233,37,,,1,176,,15234,14,,,1,25,,15236,37,,,1,199,,15235,37,,,1
28001,'H:113:6:Sunday',744,,15240,14,,,1,100,,15239,14,,,1,101,,15241,14,,,1,100,,15250,14,,,1,100,,15242,14,,,1,100,,15243,14,,,1,100,,15244,14,,,1,100,,15245,14,,,1,100,,15246,14,,,1,100,,15251,14,,,1,100,,15248,14,,,1,100,,15247,14,,,1,100,,15249,14,,,1
28001,'H:123:0:Weekday',614,,15253,14,,,1,100,,15252,14,,,1,101,,15254,14,,,1,25,,15265,14,0,8 7,1,75,,15268,14,,,1,100,,15255,14,,,1,201,,15256,14,,,1,201,,15257,14,,,1,20,,15267,14,0,8 7,1,101,,15264,14,0,8 7,1,76,,15263,14,,,1,25,,15258,14,0,8 7,1,75,,15259,14,,,1,99,,15260,14,,,1,24,,15266,14,0,8 7,1,74,,15261,14,,,1,104,,15262,14,,,1
28001,'H:173:5:Saturday',744,,15277,14,,,1,100,,15269,14,,,1,100,,15280,14,,,1,102,,15275,14,,,1,100,,15278,14,,,1,100,,15276,14,,,1,100,,15274,14,,,1,100,,15271,14,,,1,100,,15273,14,,,1,100,,15270,14,,,1,100,,15272,14,,,1,99,,15279,14,,,1,100,,15281,14,,,1
28001,'KP:323:0:Weekday',739,,15286,14,0,8 7,1,377,,15282,14,,,1,201,,15285,14,,,1,195,,15283,14,,,1,227,,15284,14,0,8 7,1
90300,'H:123:0:Weekday',455,,16637,3,,,1
90300,'KP:323:0:Weekday',529,,16639,3,,,1,27,,16640,3,,,1,65,,16641,3,,,1,32,,16638,3,,,1,74,,16642,3,,,1,80,,16643,3,,,1
90301,'H:123:0:Weekday',1657,,16644,14,,,1
90301,'KP:323:0:Weekday',1601,,16645,14,,,1,32,,16647,14,,,1,94,,16651,14,,,1,27,,16646,14,,,1,69,,16652,14,,,1,29,,16650,14,,,1,73,,16648,14,,,1,34,,16649,14,,,1
