20101,'Sunday',808,,10273,39,4,,1,100,,10259,39,4,,1,101,,10261,39,4,,1,50,,10262,39,4,,1,82,,10264,39,4,,1,80,,10265,39,4,,1,81,,10263,39,4,,1,40,,10260,39,4,,1,80,,10267,39,4,,1,80,,10268,39,4,,1,40,,10269,39,4,,1,81,,10270,39,4,,1,80,,10266,39,4,,1,40,,10274,39,4,,1,80,,10275,39,4,,1,79,,10276,39,4,,1,39,,10277,39,4,,1,79,,10278,39,4,,1,87,,10271,39,4,,1,99,,10272,39,4,,1
20101,'Weekday',633,,10282,39,4,,1,82,,10283,39,4,,1,40,,10287,39,4,,1,69,,10288,39,4,,1,30,,10289,39,4,,1,70,,10290,39,4,,1,30,,10291,39,4,,1,72,,10292,39,4,,1,31,,10293,39,4,,1,72,,10294,39,4,,1,30,,10295,39,4,,1,72,,10296,39,4,,1,71,,10297,39,4,,1,30,,10298,39,4,,1,71,,10299,39,4,,1,30,,10300,39,4,,1,70,,10301,39,4,,1,31,,10302,39,4,,1,70,,10303,39,4,,1,30,,10304,39,4,,1,70,,10305,39,4,,1,29,,10306,39,4,,1,68,,10307,39,4,,1,26,,10308,39,4,,1,30,,10285,39,4,,1,68,,10286,39,4,,1,30,,10284,39,4,,1,69,,10279,39,4,,1,30,,10281,39,4,,1,68,,10280,39,4,,1,30,,10310,39,4,,1,68,,10311,39,4,,1,29,,10309,39,4,,1
20101,'Saturday',805,,10318,39,4,,1,103,,10312,39,4,,1,101,,10313,39,4,,1,93,,10324,39,4,,1,41,,10317,39,4,,1,80,,10314,39,4,,1,81,,10315,39,4,,1,41,,10326,39,4,,1,80,,10320,39,4,,1,80,,10316,39,4,,1,39,,10319,39,4,,1,80,,10325,39,4,,1,80,,10322,39,4,,1,40,,10328,39,4,,1,80,,10329,39,4,,1,77,,10330,39,4,,1,40,,10331,39,4,,1,77,,10332,39,4,,1,90,,10323,39,4,,1,99,,10321,39,4,,1,97,,10327,39,4,,1
20201,'Sunday',719,,10430,47,4,,1,120,,10411,47,4,,1,100,,10412,47,4,,1,102,,10414,47,4,,1,80,,10415,47,4,,1,81,,10413,47,4,,1,40,,10417,47,4,,1,80,,10416,47,4,,1,80,,10418,47,4,,1,40,,10419,47,4,,1,80,,10420,47,4,,1,80,,10422,47,4,,1,40,,10421,47,4,,1,80,,10423,47,4,,1,80,,10425,47,4,,1,40,,10426,47,4,,1,79,,10427,47,4,,1,80,,10428,47,4,,1,40,,10429,47,4,,1,98,,10424,47,4,,1
20201,'Weekday',532,,10431,47,4,,1,82,,10432,47,4,,1,41,,10436,47,4,,1,81,,10458,47,4,,1,76,,10459,47,4,,1,30,,10460,47,4,,1,72,,10461,47,4,,1,30,,10462,47,4,,1,70,,10438,47,4,,1,31,,10439,47,4,,1,70,,10440,47,4,,1,31,,10442,47,4,,1,71,,10457,47,4,,1,31,,10443,47,4,,1,70,,10444,47,4,,1,30,,10441,47,4,,1,72,,10445,47,4,,1,30,,10446,47,4,,1,72,,10456,47,4,,1,31,,10448,47,4,,1,70,,10449,47,4,,1,31,,10450,47,4,,1,70,,10447,47,4,,1,29,,10451,47,4,,1,66,,10452,47,4,,1,27,,10453,47,4,,1,67,,10454,47,4,,1,29,,10455,47,4,,1,70,,10437,47,4,,1,29,,10434,47,4,,1,69,,10433,47,4,,1,29,,10463,47,4,,1,70,,10464,47,4,,1,30,,10465,47,4,,1,90,,10435,47,4,,1
20201,'Saturday',650,,10487,47,4,,1,70,,10480,47,4,,1,120,,10471,47,4,,1,101,,10473,47,4,,1,101,,10479,47,4,,1,82,,10468,47,4,,1,80,,10467,47,4,,1,41,,10476,47,4,,1,81,,10477,47,4,,1,80,,10469,47,4,,1,40,,10466,47,4,,1,80,,10470,47,4,,1,79,,10472,47,4,,1,40,,10474,47,4,,1,80,,10475,47,4,,1,80,,10482,47,4,,1,39,,10483,47,4,,1,77,,10484,47,4,,1,80,,10485,47,4,,1,40,,10486,47,4,,1,99,,10478,47,4,,1,100,,10481,47,4,,1
20901,'Sunday',828,,10534,32,4,,1,102,,10533,32,4,,1,101,,10545,32,4,,1,100,,10537,32,4,,1,101,,10542,32,4,,1,100,,10535,32,4,,1,101,,10536,32,4,,1,100,,10543,32,4,,1,99,,10538,32,4,,1,100,,10541,32,4,,1,99,,10539,32,4,,1,100,,10540,32,4,,1,100,,10544,32,4,,1
20901,'Weekday',539,,10559,32,4,,1,104,,10546,32,4,,1,101,,10549,32,4,,1,102,,10547,32,4,,1,101,,10551,32,4,,1,99,,10548,32,4,,1,102,,10550,32,4,,1,93,,10552,32,4,,1,100,,10553,32,4,,1,100,,10554,32,4,,1,102,,10555,32,4,,1,100,,10562,32,4,,1,100,,10561,32,4,,1,99,,10560,32,4,,1,99,,10556,32,4,,1,102,,10557,32,4,,1,97,,10558,32,4,,1,99,,10563,32,4,,1
20901,'Saturday',730,,10566,32,4,,1,101,,10564,32,4,,1,102,,10577,32,4,,1,101,,10571,32,4,,1,102,,10575,32,4,,1,101,,10567,32,4,,1,101,,10565,32,4,,1,99,,10578,32,4,,1,100,,10570,32,4,,1,98,,10573,32,4,,1,100,,10569,32,4,,1,99,,10568,32,4,,1,98,,10576,32,4,,1,99,,10572,32,4,,1,99,,10574,32,4,,1
22000,'Sunday',733,,10579,26,4,,1,101,,10580,26,4,,1,101,,10581,26,4,,1,100,,10582,26,4,,1,101,,10583,26,4,,1,101,,10586,26,4,,1,100,,10587,26,4,,1,100,,10584,26,4,,1,100,,10585,26,4,,1,100,,10588,26,4,,1,99,,10589,26,4,,1,100,,10590,26,4,,1,99,,10591,26,4,,1,100,,10592,26,4,,1
22000,'Weekday',532,,10609,26,4,,1,102,,10593,26,4,,1,100,,10595,26,4,,1,107,,10596,26,4,,1,100,,10594,26,4,,1,103,,10597,26,4,,1,102,,10601,26,4,,1,101,,10599,26,4,,1,100,,10600,26,4,,1,104,,10603,26,4,,1,101,,10604,26,4,,1,100,,10605,26,4,,1,95,,10602,26,4,,1,99,,10598,26,4,,1,92,,10607,26,4,,1,99,,10606,26,4,,1,100,,10608,26,4,,1,100,,10610,26,4,,1
22000,'Saturday',632,,10611,26,4,,1,100,,10612,26,4,,1,103,,10614,26,4,,1,101,,10613,26,4,,1,101,,10616,26,4,,1,102,,10618,26,4,,1,100,,10615,26,4,,1,100,,10620,26,4,,1,99,,10621,26,4,,1,100,,10623,26,4,,1,100,,10619,26,4,,1,100,,10622,26,4,,1,99,,10617,26,4,,1,97,,10624,26,4,,1,99,,10625,26,4,,1,100,,10626,26,4,,1
23000,'Weekday',749,,10777,58,4,,1,1273,,10778,58,4,,1
24001,'Sunday',735,,10839,43,4,,1,100,,10832,43,4,,1,100,,10826,43,4,,1,95,,10833,43,4,,1,105,,10827,43,4,,1,100,,10834,43,4,,1,100,,10828,43,4,,1,100,,10835,43,4,,1,95,,10829,43,4,,1,100,,10836,43,4,,1,100,,10830,43,4,,1,105,,10837,43,4,,1,100,,10831,43,4,,1,100,,10838,43,4,,1
24001,'Weekday',638,,10854,43,4,,1,100,,10840,43,4,,1,100,,10843,43,4,,1,100,,10841,43,4,,1,105,,10842,43,4,,1,100,,10846,43,4,,1,100,,10845,43,4,,1,100,,10847,43,4,,1,100,,10848,43,4,,1,102,,10844,43,4,,1,98,,10849,43,4,,1,100,,10853,43,4,,1,100,,10850,43,4,,1,100,,10851,43,4,,1,100,,10852,43,4,,1,100,,10855,43,4,,1,100,,10856,43,4,,1
24001,'Saturday',735,,10862,43,4,,1,100,,10865,43,4,,1,95,,10859,43,4,,1,100,,10864,43,4,,1,100,,10858,43,4,,1,105,,10866,43,4,,1,100,,10860,43,4,,1,100,,10868,43,4,,1,95,,10861,43,4,,1,100,,10867,43,4,,1,100,,10869,43,4,,1,105,,10863,43,4,,1,100,,10857,43,4,,1,100,,10870,43,4,,1,100,,10871,43,4,,1
