10300,'H:113:6:Sunday',703,,12987,55,,,1,99,,12988,55,,,1,100,,12989,55,,,1,100,,12990,55,,,1,100,,12991,55,,,1,100,,12992,55,,,1,100,,12993,55,,,1,100,,12995,55,,,1,100,,12996,55,,,1,100,,12997,55,,,1,100,,12994,55,,,1,100,,12998,55,,,1,100,,13000,55,,,1,100,,13001,55,,,1,100,,13002,55,,,1,100,,12999,55,,,1,101,,13003,55,,,1
10300,'H:123:0:Weekday',507,,13012,55,,,1,30,,13013,55,,,1,70,,13014,55,,,1,30,,13033,55,,,1,70,,13015,55,,,1,30,,13034,55,,,1,69,,13016,55,,,1,30,,13035,55,,,1,70,,13017,55,,,1,30,,13018,55,,,1,70,,13019,55,,,1,30,,13020,55,,,1,70,,13022,55,,,1,30,,13023,55,,,1,70,,13024,55,,,1,30,,13021,55,,,1,70,,13025,55,,,1,30,,13026,55,,,1,70,,13027,55,,,1,30,,13028,55,,,1,70,,13029,55,,,1,30,,13038,55,,,1,70,,13030,55,,,1,30,,13031,55,,,1,70,,13032,55,,,1,30,,13009,55,,,1,70,,13008,55,,,1,30,,13010,55,,,1,70,,13011,55,,,1,30,,13036,55,,,1,71,,13004,55,,,1,30,,13037,55,,,1,70,,13006,55,,,1,100,,13007,55,,,1,100,,13005,55,,,1
10300,'H:173:5:Saturday',702,,13039,55,,,1,100,,13040,55,,,1,100,,13041,55,,,1,100,,13042,55,,,1,100,,13043,55,,,1,100,,13044,55,,,1,100,,13045,55,,,1,100,,13046,55,,,1,100,,13047,55,,,1,100,,13048,55,,,1,100,,13049,55,,,1,100,,13050,55,,,1,100,,13051,55,,,1,100,,13052,55,,,1,100,,13053,55,,,1,100,,13054,55,,,1,100,,13055,55,,,1,100,,13056,55,,,1
11200,'H:113:6:Sunday',704,,13323,20,,,1,30,,13338,20,,,1,70,,13324,20,,,1,30,,13339,20,,,1,70,,13325,20,,,1,30,,13340,20,,,1,70,,13326,20,,,1,30,,13341,20,,,1,70,,13329,20,,,1,30,,13342,20,,,1,70,,13330,20,,,1,30,,13343,20,,,1,70,,13332,20,,,1,30,,13344,20,,,1,70,,13328,20,,,1,30,,13345,20,,,1,70,,13327,20,,,1,30,,13346,20,,,1,70,,13333,20,,,1,30,,13347,20,,,1,70,,13331,20,,,1,30,,13348,20,,,1,70,,13334,20,,,1,100,,13335,20,,,1,100,,13336,20,,,1,100,,13337,20,,,1
11200,'H:123:0:Weekday',512,,13366,20,,,1,30,,13367,20,,,1,70,,13350,20,,,1,100,,13352,20,,,1,20,,13376,20,,,1,20,,13381,20,,,1,60,,13351,20,,,1,20,,13378,20,,,1,20,,13382,20,,,1,60,,13349,20,,,1,30,,13375,20,,,1,70,,13353,20,,,1,30,,13368,20,,,1,70,,13354,20,,,1,30,,13370,20,,,1,70,,13355,20,,,1,30,,13372,20,,,1,70,,13356,20,,,1,30,,13371,20,,,1,70,,13357,20,,,1,20,,13374,20,,,1,20,,13383,20,,,1,60,,13358,20,,,1,20,,13379,20,,,1,20,,13384,20,,,1,60,,13361,20,,,1,20,,13377,20,,,1,20,,13385,20,,,1,60,,13362,20,,,1,30,,13380,20,,,1,70,,13359,20,,,1,30,,13369,20,,,1,70,,13360,20,,,1,30,,13373,20,,,1,70,,13363,20,,,1,100,,13364,20,,,1,100,,13365,20,,,1
11200,'H:173:5:Saturday',704,,13389,20,,,1,30,,13409,20,,,1,70,,13391,20,,,1,30,,13408,20,,,1,70,,13388,20,,,1,30,,13406,20,,,1,70,,13386,20,,,1,30,,13412,20,,,1,70,,13390,20,,,1,30,,13410,20,,,1,70,,13392,20,,,1,30,,13405,20,,,1,70,,13393,20,,,1,30,,13401,20,,,1,70,,13395,20,,,1,30,,13404,20,,,1,70,,13397,20,,,1,30,,13411,20,,,1,70,,13394,20,,,1,30,,13407,20,,,1,70,,13398,20,,,1,30,,13402,20,,,1,70,,13396,20,,,1,30,,13403,20,,,1,70,,13399,20,,,1,100,,13400,20,,,1,100,,13387,20,,,1
11200,'KP:323:0:Weekday',642,,13413,20,,,1
16601,'H:113:6:Sunday',704,,14333,23,,,1,100,,14334,23,,,1,100,,14335,23,,,1,100,,14336,23,,,1,100,,14337,23,,,1,100,,14338,23,,,1,100,,14339,23,,,1,100,,14340,23,,,1,100,,14341,23,,,1,100,,14342,23,,,1,100,,14344,23,,,1,100,,14346,23,,,1,100,,14343,23,,,1,100,,14347,23,,,1,100,,14345,23,,,1
16601,'H:123:0:Weekday',512,,14360,23,,,1,30,,14369,23,,,1,70,,14361,23,,,1,30,,14356,23,,,1,100,,14354,23,,,1,70,,14370,23,,,1,29,,14353,23,,,1,100,,14352,23,,,1,70,,14362,23,,,1,200,,14363,23,,,1,100,,14364,23,,,1,100,,14365,23,,,1,30,,14351,23,,,1,170,,14366,23,,,1,30,,14357,23,,,1,100,,14350,23,,,1,70,,14367,23,,,1,100,,14359,23,,,1,31,,14349,23,,,1,70,,14348,23,,,1,100,,14355,23,,,1,100,,14358,23,,,1,100,,14368,23,,,1
16601,'H:173:5:Saturday',604,,14373,23,,,1,100,,14371,23,,,1,100,,14372,23,,,1,100,,14375,23,,,1,100,,14378,23,,,1,100,,14374,23,,,1,100,,14379,23,,,1,100,,14377,23,,,1,100,,14376,23,,,1,100,,14381,23,,,1,100,,14382,23,,,1,100,,14383,23,,,1,100,,14380,23,,,1,100,,14384,23,,,1,100,,14385,23,,,1,100,,14386,23,,,1,100,,14387,23,,,1
16601,'KP:323:0:Weekday',712,,14396,23,,,1,199,,14388,23,,,1,130,,14398,23,,,1,70,,14391,23,,,1,30,,14397,23,,,1,100,,14393,23,,,1,100,,14389,23,,,1,170,,14395,23,,,1,30,,14390,23,,,1,170,,14392,23,,,1,130,,14394,23,,,1
