10901,'H:113:6:Sunday',818,,13272,23,,,1,101,,13284,23,,,1,101,,13276,23,,,1,101,,13281,23,,,1,101,,13273,23,,,1,100,,13274,23,,,1,100,,13282,23,,,1,101,,13277,23,,,1,100,,13280,23,,,1,100,,13275,23,,,1,98,,13278,23,,,1,100,,13283,23,,,1,100,,13279,23,,,1,99,,13285,23,,,1
10901,'H:123:0:Weekday',517,,13287,23,,,1,102,,13297,23,,,1,105,,13298,23,,,1,99,,13301,23,,,1,99,,13303,23,,,1,99,,13293,23,,,1,101,,13296,23,,,1,91,,13292,23,,,1,103,,13291,23,,,1,96,,13302,23,,,1,100,,13295,23,,,1,103,,13290,23,,,1,102,,13300,23,,,1,100,,13294,23,,,1,97,,13299,23,,,1,107,,13288,23,,,1,109,,13289,23,,,1,99,,13286,23,,,1
10901,'H:173:5:Saturday',718,,13304,23,,,1,102,,13317,23,,,1,101,,13310,23,,,1,101,,13315,23,,,1,100,,13306,23,,,1,101,,13305,23,,,1,101,,13318,23,,,1,100,,13309,23,,,1,100,,13313,23,,,1,100,,13307,23,,,1,100,,13308,23,,,1,99,,13316,23,,,1,99,,13311,23,,,1,100,,13314,23,,,1,99,,13312,23,,,1
27000,'H:123:0:Weekday',517,,15088,27,,,1,108,,15089,27,,,1,101,,15090,27,,,1,897,,15087,12,,,1,595,,15091,27,,,1
27100,'H:113:6:Sunday',746,,15096,41,,,1,100,,15097,41,,,1,102,,15107,41,,,1,101,,15098,41,,,1,100,,15099,41,,,1,102,,15100,41,,,1,101,,15101,41,,,1,101,,15102,41,,,1,100,,15109,41,,,1,100,,15103,41,,,1,98,,15104,41,,,1,100,,15105,41,,,1,98,,15106,41,,,1,98,,15108,41,,,1
27100,'H:123:0:Weekday',558,,15111,27,,,1,245,,15112,27,,,1,32,,15113,41,,,1,66,,15110,27,,,1,350,,15114,41,,,1,101,,15123,41,,,1,103,,15116,41,,,1,103,,15117,41,,,1,147,,15115,41,,,1,98,,15118,41,,,1,55,,15120,41,,,1,88,,15121,41,,,1,100,,15122,41,,,1,100,,15119,41,,,1
27100,'H:173:5:Saturday',747,,15133,41,,,1,100,,15125,41,,,1,104,,15134,41,,,1,101,,15126,41,,,1,101,,15132,41,,,1,100,,15124,41,,,1,100,,15131,41,,,1,100,,15127,41,,,1,100,,15135,41,,,1,99,,15128,41,,,1,99,,15130,41,,,1,98,,15129,41,,,1,99,,15136,41,,,1,100,,15137,41,,,1,100,,15138,41,,,1
27100,'KP:323:0:Weekday',701,,15141,27,,,1,250,,15139,41,,,1,101,,15142,41,,,1,99,,15140,41,,,1
90801,'H:123:0:Weekday',1634,,16725,23,,,1,95,,16727,23,,,1,197,,16726,23,,,1
90801,'KP:323:0:Weekday',1811,,16728,23,,,1,40,,16729,23,,,1
