10900,'H:113:6:Sunday',808,,13231,16,,,1,101,,13235,16,,,1,100,,13226,16,,,1,100,,13227,16,,,1,100,,13238,16,,,1,101,,13229,16,,,1,100,,13234,16,,,1,100,,13228,16,,,1,99,,13230,16,,,1,100,,13237,16,,,1,100,,13233,16,,,1,100,,13236,16,,,1,100,,13232,16,,,1,99,,13239,16,,,1
10900,'H:123:0:Weekday',505,,13253,16,,,1,102,,13247,16,,,1,102,,13243,16,,,1,100,,13249,16,,,1,105,,13256,16,,,1,100,,13241,16,,,1,100,,13255,16,,,1,100,,13254,16,,,1,100,,13246,16,,,1,100,,13252,16,,,1,101,,13244,16,,,1,100,,13248,16,,,1,100,,13251,16,,,1,99,,13245,16,,,1,99,,13242,16,,,1,99,,13240,16,,,1,100,,13250,16,,,1
10900,'H:173:5:Saturday',709,,13261,16,,,1,100,,13264,16,,,1,101,,13260,16,,,1,101,,13257,16,,,1,100,,13269,16,,,1,101,,13262,16,,,1,100,,13267,16,,,1,100,,13258,16,,,1,99,,13259,16,,,1,100,,13271,16,,,1,99,,13263,16,,,1,100,,13268,16,,,1,100,,13265,16,,,1,99,,13266,16,,,1,100,,13270,16,,,1
27001,'H:123:0:Weekday',538,,15094,11,,,1,121,,15092,11,0,5,1,1042,,15093,11,0,5,1
27001,'KP:323:0:Weekday',559,,15095,11,0,5,1
27101,'H:113:6:Sunday',719,,15156,11,,,1,110,,15146,11,,,1,100,,15143,11,,,1,100,,15144,11,,,1,100,,15145,11,,,1,100,,15147,11,,,1,100,,15154,11,,,1,100,,15148,11,,,1,100,,15149,11,,,1,100,,15151,11,,,1,100,,15150,11,,,1,100,,15152,11,,,1,100,,15155,11,,,1,100,,15153,11,,,1
27101,'H:123:0:Weekday',629,,15157,11,,,1,400,,15158,11,,,1,100,,15169,11,,,1,101,,15159,11,,,1,100,,15161,11,,,1,100,,15160,11,,,1,100,,15162,11,,,1,100,,15167,11,,,1,100,,15163,11,,,1,100,,15164,11,,,1,100,,15165,11,,,1,99,,15168,11,,,1,100,,15166,11,,,1
27101,'H:173:5:Saturday',719,,15170,11,,,1,110,,15176,11,,,1,100,,15173,11,,,1,101,,15177,11,,,1,100,,15174,11,,,1,100,,15179,11,,,1,100,,15175,11,,,1,100,,15180,11,,,1,100,,15172,11,,,1,100,,15178,11,,,1,100,,15171,11,,,1,99,,15181,11,,,1,100,,15182,11,,,1,100,,15183,11,,,1,100,,15184,11,,,1
27101,'KP:323:0:Weekday',729,,15185,11,,,1,100,,15187,11,,,1,100,,15186,11,,,1
90800,'H:123:0:Weekday',433,,16720,5,,,1
90800,'KP:323:0:Weekday',503,,16722,5,,,1,55,,16721,5,,,1,75,,16724,5,,,1,110,,16723,5,,,1
