'MCOB-DO:121:0:Weekday:2:25SEP:12345',27000,53700,4,'',1,11300,4,'',1,10500,4,'',1,89400,4,'',1,60100,4,'',1
'MCOB-DO:111:6:Sunday:1:25SEP:1234567',27100,80600,4,'',1,10000,4,'',1,10200,4,'',1,10100,4,'',1,10300,4,'',1,10200,4,'',1,10100,4,'',1,10100,4,'',1,10000,4,'',1,10000,4,'',1,9700,4,'',1,9500,4,'',1,9800,4,'',1,10000,4,'',1
'MCOB-DO:111:6:Sunday:2:25SEP:1234567',27100,80600,4,'',1,10000,4,'',1,10200,4,'',1,10100,4,'',1,10300,4,'',1,10200,4,'',1,10100,4,'',1,10100,4,'',1,10000,4,'',1,10000,4,'',1,9700,4,'',1,9500,4,'',1,9800,4,'',1,10000,4,'',1
'MCOB-DO:121:0:Weekday:2:25SEP:12345',27100,61800,4,'',1,11000,4,'',1,9800,4,'',1,3300,4,'',1,6600,4,'',1,9000,4,'',1,10100,4,'',1,10200,4,'',1,10000,4,'',1,10200,4,'',1,10500,4,'',1,10100,4,'',1,11000,4,'',1,9100,4,'',1,9600,4,'',1,8700,4,'',1,10000,4,'',1,10000,4,'',1
'MCOB-DO:171:5:Saturday:2:25SEP:6',27100,80900,4,'',1,10000,4,'',1,10500,4,'',1,10200,4,'',1,10300,4,'',1,10000,4,'',1,10000,4,'',1,10100,4,'',1,10000,4,'',1,9900,4,'',1,9900,4,'',1,9500,4,'',1,9700,4,'',1,10000,4,'',1,10000,4,'',1
'MCOB-DO:171:5:Saturday:3:25SEP:6',27100,80900,4,'',1,10000,4,'',1,10500,4,'',1,10200,4,'',1,10300,4,'',1,10000,4,'',1,10000,4,'',1,10100,4,'',1,10000,4,'',1,9900,4,'',1,9900,4,'',1,9500,4,'',1,9700,4,'',1,10000,4,'',1,10000,4,'',1
'MCOB-DO:111:6:Sunday:1:25SEP:1234567',28000,84400,4,'',1,10100,4,'',1,10100,4,'',1,10300,4,'',1,10000,4,'',1,10000,4,'',1,10000,4,'',1,10000,4,'',1,9900,4,'',1,9900,4,'',1,9800,4,'',1,10000,4,'',1,10000,4,'',1
'MCOB-DO:111:6:Sunday:2:25SEP:1234567',28000,84400,4,'',1,10100,4,'',1,10100,4,'',1,10300,4,'',1,10000,4,'',1,10000,4,'',1,10000,4,'',1,10000,4,'',1,9900,4,'',1,9900,4,'',1,9800,4,'',1,10000,4,'',1,10000,4,'',1
'MCOB-DO:121:0:Weekday:2:25SEP:12345',28000,54400,4,'',1,11000,4,'',1,7400,4,'',1,7900,4,'',1,2500,4,'',1,2700,4,'',1,7000,4,'',1,2900,4,'',1,10000,4,'',1,10100,4,'',1,14100,4,'',1,10100,4,'',1,3600,4,'',1,6600,4,'',1,3600,4,'',1,6400,4,'',1,3500,4,'',1,6400,4,'',1,3500,4,'',1,6900,4,'',1,5300,4,'',1,9000,4,'',1,10000,4,'',1,9900,4,'',1
'MCOB-DO:171:5:Saturday:2:25SEP:6',28000,74500,4,'',1,10100,4,'',1,10000,4,'',1,10300,4,'',1,10100,4,'',1,10100,4,'',1,10000,4,'',1,9900,4,'',1,10000,4,'',1,9900,4,'',1,10000,4,'',1,9900,4,'',1,9700,4,'',1,10000,4,'',1
'MCOB-DO:171:5:Saturday:3:25SEP:6',28000,74500,4,'',1,10100,4,'',1,10000,4,'',1,10300,4,'',1,10100,4,'',1,10100,4,'',1,10000,4,'',1,9900,4,'',1,10000,4,'',1,9900,4,'',1,10000,4,'',1,9900,4,'',1,9700,4,'',1,10000,4,'',1
'KPOB-CS:221:1:Mon-Wed:1:25SEP:123',51001,150400,4,'',1,2000,4,'',1,3300,4,'',1,6400,4,'',1,1700,4,'',1,2000,4,'',1,5600,4,'',1,1500,4,'',1,1500,4,'',1,1500,4,'',1,5000,4,'',1,1200,4,'',1,1200,4,'',1,1000,4,'',1,1600,4,'',1,6300,4,'',1
'KPOB-CS:251:2:Thu-Fri:1:25SEP:45',51001,150400,4,'',1,2000,4,'',1,3300,4,'',1,6400,4,'',1,1700,4,'',1,2000,4,'',1,5600,4,'',1,1500,4,'',1,1500,4,'',1,1500,4,'',1,5000,4,'',1,1200,4,'',1,1200,4,'',1,1000,4,'',1,1600,4,'',1,6300,4,'',1
'KPOB-CS:211:6:Sunday:1:25SEP:1234567',51201,63400,4,'',1,1500,4,'',1,5500,4,'',1,1500,4,'',1,1500,4,'',1,1500,4,'',1,5500,4,'',1,1500,4,'',1,1500,4,'',1,1500,4,'',1,5500,4,'',1,1500,4,'',1,1500,4,'',1,1500,4,'',1,5500,4,'',1,1500,4,'',1,1500,4,'',1,1600,4,'',1,5500,4,'',1,1500,4,'',1,1500,4,'',1,1500,4,'',1,5500,4,'',1,1500,4,'',1,1600,4,'',1,1500,4,'',1,5500,4,'',1,1500,4,'',1,1500,4,'',1,1500,4,'',1,5500,4,'',1,1500,4,'',1,1500,4,'',1,1500,4,'',1,5500,4,'',1,1500,4,'',1,1500,4,'',1,1500,4,'',1,5500,4,'',1,1500,4,'',1,1500,4,'',1,1400,4,'',1,5500,4,'',1,1500,4,'',1,1500,4,'',1,1500,4,'',1,5500,4,'',1,1500,4,'',1,1500,4,'',1,1500,4,'',1,5500,4,'',1,1500,4,'',1,1500,4,'',1,1400,4,'',1,5500,4,'',1,1500,4,'',1,1500,4,'',1,1500,4,'',1,5500,4,'',1,1500,4,'',1,1500,4,'',1,1500,4,'',1,5500,4,'',1,2600,4,'',1,7400,4,'',1,3500,4,'',1,7200,4,'',1,3200,4,'',1,7200,4,'',1,2900,4,'',1
'KPOB-CS:221:1:Mon-Wed:1:25SEP:123',51201,53500,4,'',1,2100,4,'',1,6500,4,'',1,2000,4,'',1,1800,4,'',1,4700,4,'',1,1600,4,'',1,1500,4,'',1,1500,4,'',1,5500,4,'',1,1500,4,'',1,1500,4,'',1,1500,4,'',1,5500,4,'',1,1400,4,'',1,1500,4,'',1,1500,4,'',1,5500,4,'',1,1500,4,'',1,1500,4,'',1,1500,4,'',1,5500,4,'',1,1600,4,'',1,1500,4,'',1,1500,4,'',1,5500,4,'',1,1600,4,'',1,1500,4,'',1,1500,4,'',1,5500,4,'',1,1600,4,'',1,1500,4,'',1,1600,4,'',1,5500,4,'',1,1500,4,'',1,2500,4,'',1,5600,4,'',1,1500,4,'',1,1300,4,'',1,1800,4,'',1,5300,4,'',1,1500,4,'',1,1600,4,'',1,1500,4,'',1,5600,4,'',1,1900,4,'',1,1500,4,'',1,1400,4,'',1,5500,4,'',1,1400,4,'',1,1500,4,'',1,1400,4,'',1,5300,4,'',1,1300,4,'',1,1400,4,'',1,1700,4,'',1,5300,4,'',1,1800,4,'',1,1500,4,'',1,1500,4,'',1,5500,4,'',1,1400,4,'',1,1500,4,'',1,1500,4,'',1,5500,4,'',1,1500,4,'',1,1400,4,'',1,6700,4,'',1
'KPOB-CS:251:2:Thu-Fri:1:25SEP:45',51201,53500,4,'',1,2100,4,'',1,6500,4,'',1,2000,4,'',1,1800,4,'',1,4700,4,'',1,1600,4,'',1,1500,4,'',1,1500,4,'',1,5500,4,'',1,1500,4,'',1,1500,4,'',1,1500,4,'',1,5500,4,'',1,1400,4,'',1,1500,4,'',1,1500,4,'',1,5500,4,'',1,1500,4,'',1,1500,4,'',1,1500,4,'',1,5500,4,'',1,1600,4,'',1,1500,4,'',1,1500,4,'',1,5500,4,'',1,1600,4,'',1,1500,4,'',1,1500,4,'',1,5500,4,'',1,1600,4,'',1,1500,4,'',1,1600,4,'',1,5500,4,'',1,1500,4,'',1,2500,4,'',1,5600,4,'',1,1500,4,'',1,1300,4,'',1,1800,4,'',1,5300,4,'',1,1500,4,'',1,1600,4,'',1,1500,4,'',1,5600,4,'',1,1900,4,'',1,1500,4,'',1,1400,4,'',1,5500,4,'',1,1400,4,'',1,1500,4,'',1,1400,4,'',1,5300,4,'',1,1300,4,'',1,1400,4,'',1,1700,4,'',1,5300,4,'',1,1800,4,'',1,1500,4,'',1,1500,4,'',1,5500,4,'',1,1400,4,'',1,1500,4,'',1,1500,4,'',1,5500,4,'',1,1500,4,'',1,1400,4,'',1,6700,4,'',1
'KPOB-CS:271:5:Saturday:1:25SEP:6',51201,52900,4,'',1,3000,4,'',1,6000,4,'',1,1500,4,'',1,1500,4,'',1,5500,4,'',1,1500,4,'',1,1500,4,'',1,1600,4,'',1,5500,4,'',1,1600,4,'',1,1500,4,'',1,1500,4,'',1,5500,4,'',1,1500,4,'',1,1500,4,'',1,1500,4,'',1,5500,4,'',1,1500,4,'',1,1600,4,'',1,1500,4,'',1,5500,4,'',1,1500,4,'',1,1600,4,'',1,1500,4,'',1,5600,4,'',1,1500,4,'',1,1500,4,'',1,1600,4,'',1,5500,4,'',1,1600,4,'',1,1500,4,'',1,1500,4,'',1,5500,4,'',1,1500,4,'',1,1500,4,'',1,1500,4,'',1,5400,4,'',1,1500,4,'',1,1500,4,'',1,1500,4,'',1,5500,4,'',1,1500,4,'',1,1500,4,'',1,1500,4,'',1,5400,4,'',1,1500,4,'',1,1500,4,'',1,1500,4,'',1,5500,4,'',1,1400,4,'',1,1500,4,'',1,1500,4,'',1,5500,4,'',1,1400,4,'',1,1400,4,'',1,1400,4,'',1,5500,4,'',1,1500,4,'',1,1500,4,'',1,1500,4,'',1,5500,4,'',1,1500,4,'',1,1500,4,'',1,1400,4,'',1,6200,4,'',1,2500,4,'',1,6500,4,'',1,2500,4,'',1,3000,4,'',1,6900,4,'',1,3200,4,'',1,7200,4,'',1,2800,4,'',1
'KPOB-CS:221:1:Mon-Wed:1:25SEP:123',53201,151500,4,'',1,3200,4,'',1,7600,4,'',1,2900,4,'',1,5700,4,'',1,1600,4,'',1,2500,4,'',1,5500,4,'',1,1800,4,'',1,2700,4,'',1,8700,4,'',1
'KPOB-CS:251:2:Thu-Fri:1:25SEP:45',53201,151500,4,'',1,3200,4,'',1,7600,4,'',1,2900,4,'',1,5700,4,'',1,1600,4,'',1,2500,4,'',1,5500,4,'',1,1800,4,'',1,2700,4,'',1,8700,4,'',1
