10901,'H:113:6:Sunday',819,,13272,25,,,1,102,,13284,25,,,1,101,,13276,25,,,1,101,,13281,25,,,1,101,,13273,25,,,1,100,,13274,25,,,1,100,,13282,25,,,1,100,,13277,25,,,1,100,,13280,25,,,1,100,,13275,25,,,1,98,,13278,25,,,1,100,,13283,25,,,1,100,,13279,25,,,1,99,,13285,25,,,1
10901,'H:123:0:Weekday',518,,13287,25,,,1,103,,13297,25,,,1,105,,13298,25,,,1,99,,13301,25,,,1,99,,13303,25,,,1,99,,13293,25,,,1,101,,13296,25,,,1,91,,13292,25,,,1,103,,13291,25,,,1,96,,13302,25,,,1,100,,13295,25,,,1,103,,13290,25,,,1,102,,13300,25,,,1,100,,13294,25,,,1,97,,13299,25,,,1,107,,13288,25,,,1,109,,13289,25,,,1,98,,13286,25,,,1
10901,'H:173:5:Saturday',720,,13304,25,,,1,102,,13317,25,,,1,101,,13310,25,,,1,101,,13315,25,,,1,100,,13306,25,,,1,101,,13305,25,,,1,101,,13318,25,,,1,100,,13309,25,,,1,100,,13313,25,,,1,100,,13307,25,,,1,100,,13308,25,,,1,99,,13316,25,,,1,99,,13311,25,,,1,99,,13314,25,,,1,99,,13312,25,,,1
27000,'H:123:0:Weekday',518,,15088,29,,,1,108,,15089,29,,,1,101,,15090,29,,,1,898,,15087,14,,,1,594,,15091,29,,,1
27100,'H:113:6:Sunday',747,,15096,43,,,1,100,,15097,43,,,1,102,,15107,43,,,1,101,,15098,43,,,1,100,,15099,43,,,1,103,,15100,43,,,1,101,,15101,43,,,1,101,,15102,43,,,1,100,,15109,43,,,1,100,,15103,43,,,1,97,,15104,43,,,1,100,,15105,43,,,1,98,,15106,43,,,1,98,,15108,43,,,1
27100,'H:123:0:Weekday',559,,15111,29,,,1,245,,15112,29,,,1,33,,15113,43,,,1,65,,15110,29,,,1,351,,15114,43,,,1,101,,15123,43,,,1,103,,15116,43,,,1,143,,15117,43,,,1,107,,15115,43,,,1,98,,15118,43,,,1,95,,15120,43,,,1,47,,15121,43,,,1,100,,15122,43,,,1,100,,15119,43,,,1
27100,'H:173:5:Saturday',749,,15133,43,,,1,100,,15125,43,,,1,104,,15134,43,,,1,101,,15126,43,,,1,101,,15132,43,,,1,100,,15124,43,,,1,100,,15131,43,,,1,100,,15127,43,,,1,100,,15135,43,,,1,99,,15128,43,,,1,99,,15130,43,,,1,98,,15129,43,,,1,99,,15136,43,,,1,100,,15137,43,,,1,100,,15138,43,,,1
27100,'KP:323:0:Weekday',702,,15141,29,,,1,251,,15139,43,,,1,101,,15142,43,,,1,99,,15140,43,,,1
90801,'H:123:0:Weekday',1640,,16725,25,,,1,96,,16727,25,,,1,195,,16726,25,,,1
90801,'KP:323:0:Weekday',1818,,16728,25,,,1,38,,16729,25,,,1
