10201,'H:113:6:Sunday',706,,12895,26,,,1,30,,12910,26,,,1,70,,12894,26,,,1,30,,12909,26,,,1,70,,12897,26,,,1,30,,12911,26,,,1,70,,12898,26,,,1,30,,12913,26,,,1,70,,12896,26,,,1,29,,12914,26,,,1,70,,12899,26,,,1,30,,12915,26,,,1,70,,12900,26,,,1,30,,12912,26,,,1,70,,12901,26,,,1,30,,12916,26,,,1,70,,12902,26,,,1,30,,12917,26,,,1,70,,12903,26,,,1,30,,12918,26,,,1,70,,12904,26,,,1,30,,12919,26,,,1,71,,12905,26,,,1,30,,12920,26,,,1,70,,12906,26,,,1,100,,12907,26,,,1,100,,12908,26,,,1,100,,12921,26,,,1
10201,'H:123:0:Weekday',506,,12939,26,,,1,30,,12923,26,,,1,69,,12924,26,,,1,30,,12940,26,,,1,70,,12926,26,,,1,30,,12941,26,,,1,70,,12925,26,,,1,30,,12942,26,,,1,70,,12927,26,,,1,200,,12928,26,,,1,100,,12929,26,,,1,100,,12931,26,,,1,30,,12930,26,,,1,170,,12938,26,,,1,30,,12943,26,,,1,108,,12944,26,,,1,94,,12945,26,,,1,76,,12936,26,,,1,29,,12935,26,,,1,63,,12922,26,,,1,100,,12933,26,,,1,100,,12932,26,,,1,100,,12937,26,,,1,100,,12934,26,,,1
10201,'H:173:5:Saturday',606,,12946,26,,,1,30,,12947,26,,,1,70,,12948,26,,,1,30,,12949,26,,,1,70,,12951,26,,,1,29,,12952,26,,,1,70,,12953,26,,,1,30,,12950,26,,,1,70,,12956,26,,,1,30,,12957,26,,,1,70,,12958,26,,,1,30,,12954,26,,,1,70,,12955,26,,,1,30,,12959,26,,,1,70,,12960,26,,,1,30,,12961,26,,,1,70,,12962,26,,,1,30,,12963,26,,,1,70,,12964,26,,,1,30,,12965,26,,,1,70,,12966,26,,,1,30,,12967,26,,,1,70,,12968,26,,,1,30,,12969,26,,,1,70,,12970,26,,,1,30,,12971,26,,,1,70,,12972,26,,,1,100,,12973,26,,,1,100,,12974,26,,,1,100,,12975,26,,,1,100,,12976,26,,,1,100,,12977,26,,,1
10201,'KP:323:0:Weekday',935,,12985,26,,,1,70,,12981,26,,,1,30,,12986,26,,,1,100,,12983,26,,,1,100,,12978,26,,,1,170,,12984,26,,,1,30,,12980,26,,,1,170,,12982,26,,,1,102,,12979,26,,,1
11401,'H:113:6:Sunday',805,,13569,28,,,1,100,,13570,28,,,1,100,,13571,28,,,1,100,,13572,28,,,1,100,,13573,28,,,1,100,,13574,28,,,1,100,,13575,28,,,1,100,,13576,28,,,1,100,,13577,28,,,1,100,,13578,28,,,1,100,,13579,28,,,1,100,,13580,28,,,1,100,,13581,28,,,1,100,,13582,28,,,1
11401,'H:123:0:Weekday',510,,13610,28,,,1,30,,13611,28,,,1,70,,13601,28,,,1,30,,13602,28,,,1,69,,13585,28,,,1,100,,13586,28,,,1,30,,13587,28,,,1,70,,13588,28,,,1,30,,13604,28,,,1,70,,13589,28,,,1,30,,13607,28,,,1,70,,13612,28,,,1,30,,13608,28,,,1,70,,13591,28,,,1,30,,13609,28,,,1,70,,13592,28,,,1,30,,13606,28,,,1,70,,13590,28,,,1,30,,13605,28,,,1,100,,13593,28,,,1,70,,13594,28,,,1,30,,13596,28,,,1,70,,13595,28,,,1,30,,13597,28,,,1,70,,13598,28,,,1,31,,13603,28,,,1,70,,13584,28,,,1,100,,13600,28,,,1,100,,13583,28,,,1,100,,13599,28,,,1
11401,'H:173:5:Saturday',705,,13613,28,,,1,100,,13615,28,,,1,100,,13616,28,,,1,100,,13614,28,,,1,100,,13617,28,,,1,100,,13619,28,,,1,100,,13620,28,,,1,100,,13618,28,,,1,99,,13623,28,,,1,100,,13621,28,,,1,101,,13624,28,,,1,100,,13622,28,,,1,100,,13625,28,,,1,100,,13626,28,,,1,100,,13627,28,,,1,100,,13628,28,,,1
11401,'KP:323:0:Weekday',739,,13630,28,,,1,770,,13629,28,,,1
13001,'H:113:6:Sunday',718,,14216,49,,,1,100,,14202,49,,,1,100,,14203,49,,,1,100,,14204,49,,,1,100,,14205,49,,,1,105,,14206,49,,,1,99,,14207,49,,,1,100,,14208,49,,,1,100,,14209,49,,,1,100,,14210,49,,,1,101,,14211,49,,,1,100,,14213,49,,,1,95,,14212,49,,,1,95,,14214,49,,,1,100,,14215,49,,,1
13001,'H:123:0:Weekday',503,,14239,49,,,1,30,,14241,49,,,1,69,,14224,49,,,1,30,,14242,49,,,1,70,,14225,49,,,1,30,,14218,49,,,1,70,,14226,49,,,1,30,,14220,49,,,1,70,,14227,49,,,1,30,,14243,49,,,1,71,,14217,49,,,1,30,,14244,49,,,1,70,,14235,49,,,1,29,,14245,49,,,1,70,,14233,49,,,1,30,,14246,49,,,1,70,,14231,49,,,1,30,,14247,49,,,1,70,,14232,49,,,1,30,,14248,49,,,1,70,,14234,49,,,1,30,,14229,49,,,1,70,,14238,49,,,1,30,,14230,49,,,1,70,,14237,49,,,1,30,,14219,49,,,1,70,,14228,49,,,1,30,,14221,49,,,1,70,,14236,49,,,1,100,,14222,49,,,1,105,,14223,49,,,1,96,,14240,49,,,1
13001,'H:173:5:Saturday',618,,14265,49,,,1,100,,14249,49,,,1,100,,14250,49,,,1,100,,14251,49,,,1,100,,14252,49,,,1,99,,14253,49,,,1,105,,14254,49,,,1,100,,14255,49,,,1,100,,14256,49,,,1,101,,14257,49,,,1,100,,14258,49,,,1,100,,14259,49,,,1,100,,14260,49,,,1,95,,14261,49,,,1,95,,14262,49,,,1,100,,14263,49,,,1,100,,14264,49,,,1
