10901,'H:113:6:Sunday',752,,13272,5,,,1,100,,13284,5,,,1,100,,13276,5,,,1,100,,13281,5,,,1,100,,13273,5,,,1,100,,13274,5,,,1,100,,13282,5,,,1,100,,13277,5,,,1,100,,13280,5,,,1,100,,13275,5,,,1,100,,13278,5,,,1,100,,13283,5,,,1,100,,13279,5,,,1,100,,13285,5,,,1
10901,'H:123:0:Weekday',452,,13287,5,,,1,100,,13297,5,,,1,100,,13298,5,,,1,100,,13301,5,,,1,100,,13303,5,,,1,100,,13293,5,,,1,100,,13296,5,,,1,90,,13292,5,,,1,100,,13291,5,,,1,95,,13302,5,,,1,100,,13295,5,,,1,100,,13290,5,,,1,100,,13300,5,,,1,105,,13294,5,,,1,100,,13299,5,,,1,110,,13288,5,,,1,150,,13289,5,,,1,100,,13286,5,,,1
10901,'H:173:5:Saturday',652,,13304,5,,,1,100,,13317,5,,,1,100,,13310,5,,,1,100,,13315,5,,,1,100,,13306,5,,,1,100,,13305,5,,,1,100,,13318,5,,,1,100,,13309,5,,,1,100,,13313,5,,,1,100,,13307,5,,,1,100,,13308,5,,,1,100,,13316,5,,,1,100,,13311,5,,,1,100,,13314,5,,,1,100,,13312,5,,,1
20101,'H:113:6:Sunday',712,,14488,6,,,1,100,,14474,6,,,1,100,,14476,6,,,1,90,,14477,6,,,1,40,,14479,6,,,1,80,,14480,6,,,1,80,,14478,6,,,1,39,,14475,6,,,1,80,,14482,6,,,1,80,,14483,6,,,1,40,,14484,6,,,1,80,,14485,6,,,1,80,,14481,6,,,1,40,,14489,6,,,1,80,,14490,6,,,1,80,,14491,6,,,1,40,,14492,6,,,1,80,,14493,6,,,1,91,,14486,6,,,1,100,,14487,6,,,1
20101,'H:123:0:Weekday',536,,14497,6,,,1,80,,14498,6,,,1,39,,14502,6,,,1,570,,14503,6,,,1,226,,14510,6,,,1,170,,14504,6,,,1,30,,14505,6,,,1,71,,14506,6,,,1,32,,14500,6,,,1,70,,14501,6,,,1,30,,14499,6,,,1,71,,14494,6,,,1,31,,14496,6,,,1,70,,14495,6,,,1,30,,14508,6,,,1,70,,14509,6,,,1,30,,14507,6,,,1
20101,'H:173:5:Saturday',712,,14517,6,,,1,100,,14511,6,,,1,100,,14512,6,,,1,89,,14523,6,,,1,39,,14516,6,,,1,80,,14513,6,,,1,80,,14514,6,,,1,40,,14525,6,,,1,80,,14519,6,,,1,80,,14515,6,,,1,40,,14518,6,,,1,80,,14524,6,,,1,80,,14521,6,,,1,40,,14527,6,,,1,80,,14528,6,,,1,80,,14529,6,,,1,41,,14530,6,,,1,80,,14531,6,,,1,90,,14522,6,,,1,101,,14520,6,,,1,100,,14526,6,,,1
20101,'KP:323:0:Weekday',725,,14546,6,,,1,30,,14547,6,,,1,70,,14542,6,,,1,30,,14532,6,,,1,70,,14544,6,,,1,30,,14539,6,,,1,70,,14536,6,,,1,30,,14545,6,,,1,70,,14541,6,,,1,30,,14533,6,,,1,100,,14540,6,,,1,70,,14535,6,,,1,28,,14538,6,,,1,69,,14543,6,,,1,99,,14534,6,,,1,30,,14537,6,,,1
20201,'H:113:6:Sunday',622,,14645,6,,,1,120,,14626,6,,,1,100,,14627,6,,,1,100,,14629,6,,,1,80,,14630,6,,,1,80,,14628,6,,,1,40,,14632,6,,,1,79,,14631,6,,,1,80,,14633,6,,,1,40,,14634,6,,,1,80,,14635,6,,,1,80,,14637,6,,,1,40,,14636,6,,,1,80,,14638,6,,,1,80,,14640,6,,,1,40,,14641,6,,,1,80,,14642,6,,,1,80,,14643,6,,,1,40,,14644,6,,,1,101,,14639,6,,,1
20201,'H:123:0:Weekday',438,,14646,6,,,1,79,,14647,6,,,1,119,,14662,6,,,1,674,,14652,6,,,1,97,,14661,6,,,1,30,,14654,6,,,1,99,,14655,6,,,1,70,,14653,6,,,1,30,,14656,6,,,1,70,,14657,6,,,1,32,,14658,6,,,1,71,,14659,6,,,1,30,,14660,6,,,1,71,,14651,6,,,1,30,,14649,6,,,1,71,,14648,6,,,1,30,,14663,6,,,1,70,,14664,6,,,1,30,,14665,6,,,1,91,,14650,6,,,1
20201,'H:173:5:Saturday',552,,14687,6,,,1,70,,14680,6,,,1,120,,14671,6,,,1,100,,14673,6,,,1,100,,14679,6,,,1,79,,14668,6,,,1,79,,14667,6,,,1,40,,14676,6,,,1,80,,14677,6,,,1,80,,14669,6,,,1,40,,14666,6,,,1,80,,14670,6,,,1,80,,14672,6,,,1,40,,14674,6,,,1,80,,14675,6,,,1,80,,14682,6,,,1,40,,14683,6,,,1,80,,14684,6,,,1,81,,14685,6,,,1,40,,14686,6,,,1,100,,14678,6,,,1,101,,14681,6,,,1
20201,'KP:323:0:Weekday',556,,14699,6,,,1,154,,14700,6,,,1,30,,14697,6,,,1,70,,14702,6,,,1,30,,14690,6,,,1,70,,14693,6,,,1,30,,14695,6,,,1,70,,14698,6,,,1,30,,14701,6,,,1,70,,14696,6,,,1,30,,14688,6,,,1,70,,14691,6,,,1,30,,14694,6,,,1,99,,14692,6,,,1,167,,14689,6,,,1
