10200,'H:113:6:Sunday',803,,12817,26,4,,1,31,,12803,26,4,,1,70,,12818,26,4,,1,101,,12819,26,4,,1,30,,12805,26,4,,1,70,,12820,26,4,,1,31,,12806,26,4,,1,70,,12821,26,4,,1,201,,12823,26,4,,1,30,,12809,26,4,,1,70,,12824,26,4,,1,30,,12810,26,4,,1,70,,12825,26,4,,1,99,,12826,26,4,,1,100,,12827,26,4,,1,29,,12814,26,4,,1,70,,12828,26,4,,1,229,,12816,26,4,,1,100,,12829,26,4,,1
10200,'H:123:0:Weekday',539,,12846,26,4,,1,70,,12841,26,4,,1,27,,12831,26,4,,1,70,,12847,26,4,,1,30,,12830,26,4,,1,70,,12848,26,4,,1,107,,12849,26,4,,1,30,,12832,26,4,,1,200,,12833,26,4,,1,101,,12834,26,4,,1,100,,12836,26,4,,1,76,,12835,26,4,,1,125,,12837,26,4,,1,71,,12850,26,4,,1,100,,12851,26,4,,1,29,,12845,26,4,,1,99,,12844,26,4,,1,69,,12838,26,4,,1,28,,12842,26,4,,1,99,,12843,26,4,,1,99,,12839,26,4,,1,100,,12840,26,4,,1
10200,'H:173:5:Saturday',634,,12857,26,4,,1,70,,12858,26,4,,1,30,,12859,26,4,,1,70,,12860,26,4,,1,31,,12861,26,4,,1,70,,12862,26,4,,1,31,,12863,26,4,,1,71,,12864,26,4,,1,30,,12865,26,4,,1,72,,12866,26,4,,1,30,,12867,26,4,,1,70,,12868,26,4,,1,30,,12869,26,4,,1,70,,12870,26,4,,1,29,,12872,26,4,,1,70,,12873,26,4,,1,30,,12875,26,4,,1,70,,12871,26,4,,1,30,,12876,26,4,,1,70,,12877,26,4,,1,30,,12874,26,4,,1,69,,12878,26,4,,1,30,,12879,26,4,,1,70,,12880,26,4,,1,29,,12881,26,4,,1,70,,12882,26,4,,1,30,,12854,26,4,,1,99,,12856,26,4,,1,99,,12855,26,4,,1,100,,12853,26,4,,1,100,,12883,26,4,,1,100,,12884,26,4,,1
10200,'KP:323:0:Weekday',843,,12885,26,4,,1,170,,12891,26,4,,1,30,,12888,26,4,,1,70,,12893,26,4,,1,101,,12890,26,4,,1,100,,12886,26,4,,1,131,,12892,26,4,,1,70,,12887,26,4,,1,131,,12889,26,4,,1
13000,'H:113:6:Sunday',723,,14138,50,4,,1,204,,14139,50,4,,1,303,,14142,50,4,,1,102,,14143,50,4,,1,199,,14145,50,4,,1,100,,14147,50,4,,1,100,,14148,50,4,,1,98,,14149,50,4,,1,98,,14150,50,4,,1,98,,14151,50,4,,1
13000,'H:123:0:Weekday',627,,14175,50,4,,1,206,,14163,50,4,,1,974,,14156,50,4,,1
16600,'H:113:6:Sunday',725,,14266,58,4,,1,102,,14267,58,4,,1,102,,14268,58,4,,1,101,,14269,58,4,,1,100,,14270,58,4,,1,101,,14271,58,4,,1,201,,14273,58,4,,1,200,,14275,58,4,,1,99,,14276,58,4,,1,198,,14278,58,4,,1,99,,14279,58,4,,1,99,,14280,58,4,,1,99,,14281,58,4,,1
16600,'H:123:0:Weekday',534,,14304,58,4,,1,71,,14293,58,4,,1,103,,14292,58,4,,1,32,,14305,58,4,,1,100,,14297,58,4,,1,171,,14285,58,4,,1,100,,14284,58,4,,1,101,,14283,58,4,,1,30,,14294,58,4,,1,201,,14299,58,4,,1,101,,14298,58,4,,1,100,,14296,58,4,,1,70,,14290,58,4,,1,30,,14295,58,4,,1,168,,14282,58,4,,1,28,,14301,58,4,,1,70,,14289,58,4,,1,29,,14288,58,4,,1,99,,14291,58,4,,1,98,,14300,58,4,,1,98,,14303,58,4,,1
16600,'H:173:5:Saturday',627,,14306,58,4,,1,101,,14307,58,4,,1,101,,14309,58,4,,1,102,,14310,58,4,,1,103,,14311,58,4,,1,100,,14308,58,4,,1,100,,14312,58,4,,1,100,,14314,58,4,,1,100,,14315,58,4,,1,100,,14319,58,4,,1,100,,14317,58,4,,1,100,,14320,58,4,,1,99,,14318,58,4,,1,98,,14316,58,4,,1,99,,14321,58,4,,1,99,,14313,58,4,,1,98,,14322,58,4,,1
16600,'KP:323:0:Weekday',941,,14331,58,4,,1,100,,14327,58,4,,1,101,,14323,58,4,,1,170,,14329,58,4,,1,30,,14326,58,4,,1,71,,14330,58,4,,1,101,,14328,58,4,,1,100,,14324,58,4,,1,200,,14332,58,4,,1,28,,14325,58,4,,1
90900,'H:113:6:Sunday',1325,,16738,22,4,,1,90,,16739,22,4,,1
90900,'H:123:0:Weekday',1415,,16762,22,4,,1
