20101,'Sunday',807,,6058,38,,,1,100,,6044,38,,,1,101,,6046,38,,,1,50,,6047,38,,,1,82,,6049,38,,,1,80,,6050,38,,,1,81,,6048,38,,,1,40,,6045,38,,,1,80,,6052,38,,,1,80,,6053,38,,,1,40,,6054,38,,,1,81,,6055,38,,,1,80,,6051,38,,,1,40,,6059,38,,,1,80,,6060,38,,,1,79,,6061,38,,,1,39,,6062,38,,,1,79,,6063,38,,,1,87,,6056,38,,,1,99,,6057,38,,,1
20101,'Weekday',632,,6067,38,,,1,82,,6068,38,,,1,40,,6072,38,,,1,69,,6073,38,,,1,30,,6074,38,,,1,70,,6075,38,,,1,30,,6076,38,,,1,72,,6077,38,,,1,31,,6078,38,,,1,72,,6079,38,,,1,30,,6080,38,,,1,72,,6081,38,,,1,71,,6082,38,,,1,30,,6083,38,,,1,71,,6084,38,,,1,30,,6085,38,,,1,70,,6086,38,,,1,31,,6087,38,,,1,70,,6088,38,,,1,30,,6089,38,,,1,70,,6090,38,,,1,29,,6091,38,,,1,68,,6092,38,,,1,26,,6093,38,,,1,30,,6070,38,,,1,68,,6071,38,,,1,30,,6069,38,,,1,69,,6064,38,,,1,30,,6066,38,,,1,68,,6065,38,,,1,30,,6095,38,,,1,68,,6096,38,,,1,29,,6094,38,,,1
20101,'Saturday',805,,6103,38,,,1,102,,6097,38,,,1,101,,6098,38,,,1,93,,6109,38,,,1,41,,6102,38,,,1,80,,6099,38,,,1,81,,6100,38,,,1,41,,6111,38,,,1,80,,6105,38,,,1,80,,6101,38,,,1,39,,6104,38,,,1,80,,6110,38,,,1,80,,6107,38,,,1,40,,6113,38,,,1,80,,6114,38,,,1,77,,6115,38,,,1,40,,6116,38,,,1,77,,6117,38,,,1,90,,6108,38,,,1,99,,6106,38,,,1,98,,6112,38,,,1
20201,'Sunday',718,,6215,46,,,1,120,,6196,46,,,1,100,,6197,46,,,1,102,,6199,46,,,1,80,,6200,46,,,1,81,,6198,46,,,1,40,,6202,46,,,1,80,,6201,46,,,1,80,,6203,46,,,1,40,,6204,46,,,1,80,,6205,46,,,1,80,,6207,46,,,1,40,,6206,46,,,1,80,,6208,46,,,1,80,,6210,46,,,1,40,,6211,46,,,1,79,,6212,46,,,1,80,,6213,46,,,1,40,,6214,46,,,1,98,,6209,46,,,1
20201,'Weekday',531,,6216,46,,,1,82,,6217,46,,,1,41,,6221,46,,,1,81,,6243,46,,,1,76,,6244,46,,,1,30,,6245,46,,,1,72,,6246,46,,,1,30,,6247,46,,,1,70,,6223,46,,,1,31,,6224,46,,,1,70,,6225,46,,,1,31,,6227,46,,,1,71,,6242,46,,,1,31,,6228,46,,,1,70,,6229,46,,,1,30,,6226,46,,,1,72,,6230,46,,,1,30,,6231,46,,,1,72,,6241,46,,,1,31,,6233,46,,,1,70,,6234,46,,,1,31,,6235,46,,,1,70,,6232,46,,,1,29,,6236,46,,,1,66,,6237,46,,,1,27,,6238,46,,,1,67,,6239,46,,,1,29,,6240,46,,,1,70,,6222,46,,,1,29,,6219,46,,,1,69,,6218,46,,,1,29,,6248,46,,,1,70,,6249,46,,,1,30,,6250,46,,,1,90,,6220,46,,,1
20201,'Saturday',649,,6272,46,,,1,70,,6265,46,,,1,120,,6256,46,,,1,101,,6258,46,,,1,101,,6264,46,,,1,82,,6253,46,,,1,80,,6252,46,,,1,41,,6261,46,,,1,81,,6262,46,,,1,80,,6254,46,,,1,40,,6251,46,,,1,80,,6255,46,,,1,79,,6257,46,,,1,40,,6259,46,,,1,80,,6260,46,,,1,80,,6267,46,,,1,39,,6268,46,,,1,77,,6269,46,,,1,80,,6270,46,,,1,40,,6271,46,,,1,99,,6263,46,,,1,100,,6266,46,,,1
20901,'Sunday',828,,6319,31,,,1,101,,6318,31,,,1,101,,6330,31,,,1,100,,6322,31,,,1,101,,6327,31,,,1,100,,6320,31,,,1,101,,6321,31,,,1,100,,6328,31,,,1,99,,6323,31,,,1,100,,6326,31,,,1,99,,6324,31,,,1,100,,6325,31,,,1,100,,6329,31,,,1
20901,'Weekday',538,,6344,31,,,1,104,,6331,31,,,1,101,,6334,31,,,1,102,,6332,31,,,1,101,,6336,31,,,1,99,,6333,31,,,1,102,,6335,31,,,1,93,,6337,31,,,1,100,,6338,31,,,1,100,,6339,31,,,1,102,,6340,31,,,1,100,,6347,31,,,1,100,,6346,31,,,1,99,,6345,31,,,1,99,,6341,31,,,1,102,,6342,31,,,1,97,,6343,31,,,1,100,,6348,31,,,1
20901,'Saturday',729,,6351,31,,,1,101,,6349,31,,,1,102,,6362,31,,,1,101,,6356,31,,,1,102,,6360,31,,,1,101,,6352,31,,,1,101,,6350,31,,,1,99,,6363,31,,,1,100,,6355,31,,,1,98,,6358,31,,,1,100,,6354,31,,,1,99,,6353,31,,,1,98,,6361,31,,,1,99,,6357,31,,,1,99,,6359,31,,,1
24001,'Sunday',734,,6624,42,,,1,100,,6617,42,,,1,100,,6611,42,,,1,95,,6618,42,,,1,105,,6612,42,,,1,100,,6619,42,,,1,100,,6613,42,,,1,100,,6620,42,,,1,95,,6614,42,,,1,100,,6621,42,,,1,100,,6615,42,,,1,105,,6622,42,,,1,100,,6616,42,,,1,100,,6623,42,,,1
24001,'Weekday',637,,6639,42,,,1,100,,6625,42,,,1,100,,6628,42,,,1,100,,6626,42,,,1,105,,6627,42,,,1,99,,6631,42,,,1,100,,6630,42,,,1,100,,6632,42,,,1,100,,6633,42,,,1,102,,6629,42,,,1,98,,6634,42,,,1,100,,6638,42,,,1,100,,6635,42,,,1,101,,6636,42,,,1,100,,6637,42,,,1,100,,6640,42,,,1,100,,6641,42,,,1
24001,'Saturday',734,,6647,42,,,1,100,,6650,42,,,1,95,,6644,42,,,1,100,,6649,42,,,1,99,,6643,42,,,1,105,,6651,42,,,1,100,,6645,42,,,1,101,,6653,42,,,1,95,,6646,42,,,1,100,,6652,42,,,1,100,,6654,42,,,1,105,,6648,42,,,1,100,,6642,42,,,1,100,,6655,42,,,1,100,,6656,42,,,1
90500,'Weekday',442,,8255,7,,,1,102,,8254,7,,,1,70,,8259,7,,,1,30,,8258,7,,,1,70,,8257,7,,,1,30,,8256,7,,,1,100,,8263,7,,,1,100,,8250,7,,,1,100,,8248,7,,,1,100,,8249,7,,,1,100,,8261,7,,,1,100,,8264,7,,,1,100,,8252,7,,,1,100,,8253,7,,,1,100,,8266,7,,,1,100,,8251,7,,,1,100,,8265,7,,,1,100,,8267,7,,,1,100,,8262,7,,,1,100,,8260,7,,,1
90501,'Weekday',618,,8277,5,,,1,100,,8276,5,,,1,99,,8275,5,,,1,100,,8273,5,,,1,100,,8274,5,,,1,102,,8284,5,,,1,100,,8282,5,,,1,100,,8283,5,,,1,102,,8285,5,,,1,92,,8281,5,,,1,102,,8278,5,,,1,36,,8270,5,,,1,70,,8272,5,,,1,26,,8269,5,,,1,77,,8268,5,,,1,95,,8271,5,,,1,99,,8280,5,,,1,100,,8279,5,,,1
90701,'Weekday',1509,,8291,11,,,1,26,,8292,11,,,1,77,,8293,11,,,1,90,,8290,11,,,1
