10900,'H:113:6:Sunday',844,,13231,36,4,,1,103,,13235,36,4,,1,102,,13226,36,4,,1,101,,13227,36,4,,1,103,,13238,36,4,,1,101,,13229,36,4,,1,99,,13234,36,4,,1,99,,13228,36,4,,1,99,,13230,36,4,,1,98,,13237,36,4,,1,99,,13233,36,4,,1,97,,13236,36,4,,1,100,,13232,36,4,,1,98,,13239,36,4,,1
10900,'H:123:0:Weekday',540,,13253,36,4,,1,109,,13247,36,4,,1,151,,13243,36,4,,1,55,,13249,36,4,,1,103,,13256,36,4,,1,99,,13241,36,4,,1,100,,13255,36,4,,1,102,,13254,36,4,,1,100,,13246,36,4,,1,143,,13252,36,4,,1,101,,13244,36,4,,1,101,,13248,36,4,,1,99,,13251,36,4,,1,97,,13245,36,4,,1,54,,13242,36,4,,1,98,,13240,36,4,,1,100,,13250,36,4,,1
10900,'H:173:5:Saturday',747,,13261,36,4,,1,102,,13264,36,4,,1,101,,13260,36,4,,1,104,,13257,36,4,,1,101,,13269,36,4,,1,101,,13262,36,4,,1,101,,13267,36,4,,1,100,,13258,36,4,,1,97,,13259,36,4,,1,100,,13271,36,4,,1,100,,13263,36,4,,1,96,,13268,36,4,,1,99,,13265,36,4,,1,99,,13266,36,4,,1,99,,13270,36,4,,1
11201,'H:113:6:Sunday',724,,13415,37,4,,1,30,,13429,37,4,,1,70,,13416,37,4,,1,30,,13430,37,4,,1,71,,13417,37,4,,1,30,,13431,37,4,,1,71,,13414,37,4,,1,31,,13432,37,4,,1,70,,13418,37,4,,1,30,,13433,37,4,,1,70,,13419,37,4,,1,30,,13435,37,4,,1,71,,13420,37,4,,1,30,,13436,37,4,,1,70,,13421,37,4,,1,30,,13437,37,4,,1,70,,13423,37,4,,1,30,,13434,37,4,,1,70,,13425,37,4,,1,30,,13438,37,4,,1,70,,13426,37,4,,1,29,,13439,37,4,,1,70,,13422,37,4,,1,100,,13427,37,4,,1,99,,13424,37,4,,1,99,,13428,37,4,,1
11201,'H:123:0:Weekday',533,,13457,37,4,,1,70,,13461,37,4,,1,31,,13453,37,4,,1,71,,13468,37,4,,1,30,,13442,37,4,,1,20,,13470,37,4,,1,60,,13473,37,4,,1,21,,13445,37,4,,1,21,,13469,37,4,,1,60,,13474,37,4,,1,20,,13441,37,4,,1,70,,13466,37,4,,1,30,,13443,37,4,,1,70,,13458,37,4,,1,30,,13455,37,4,,1,70,,13462,37,4,,1,30,,13454,37,4,,1,71,,13459,37,4,,1,30,,13456,37,4,,1,71,,13460,37,4,,1,30,,13447,37,4,,1,61,,13463,37,4,,1,20,,13475,37,4,,1,20,,13452,37,4,,1,62,,13472,37,4,,1,20,,13476,37,4,,1,20,,13444,37,4,,1,61,,13467,37,4,,1,20,,13477,37,4,,1,20,,13446,37,4,,1,59,,13471,37,4,,1,20,,13478,37,4,,1,19,,13440,37,4,,1,68,,13464,37,4,,1,29,,13449,37,4,,1,69,,13465,37,4,,1,30,,13450,37,4,,1,99,,13448,37,4,,1,100,,13451,37,4,,1
11201,'H:173:5:Saturday',725,,13481,37,4,,1,30,,13496,37,4,,1,70,,13480,37,4,,1,30,,13500,37,4,,1,71,,13483,37,4,,1,30,,13499,37,4,,1,71,,13479,37,4,,1,30,,13501,37,4,,1,72,,13482,37,4,,1,30,,13495,37,4,,1,70,,13489,37,4,,1,30,,13504,37,4,,1,70,,13490,37,4,,1,30,,13502,37,4,,1,70,,13487,37,4,,1,30,,13503,37,4,,1,70,,13484,37,4,,1,30,,13498,37,4,,1,70,,13485,37,4,,1,30,,13505,37,4,,1,70,,13486,37,4,,1,30,,13497,37,4,,1,70,,13488,37,4,,1,29,,13494,37,4,,1,69,,13491,37,4,,1,100,,13492,37,4,,1,100,,13493,37,4,,1
11901,'H:113:6:Sunday',838,,13845,47,4,,1,102,,13842,47,4,,1,101,,13843,47,4,,1,101,,13846,47,4,,1,102,,13844,47,4,,1,100,,13847,47,4,,1,100,,13848,47,4,,1,100,,13849,47,4,,1,100,,13850,47,4,,1,99,,13851,47,4,,1,98,,13852,47,4,,1,99,,13853,47,4,,1,99,,13854,47,4,,1
11901,'H:123:0:Weekday',651,,13871,47,4,,1,75,,13855,47,4,,1,75,,13872,47,4,,1,30,,13858,47,4,,1,70,,13873,47,4,,1,29,,13856,47,4,,1,70,,13877,47,4,,1,30,,13857,47,4,,1,29,,13878,47,4,,1,70,,13860,47,4,,1,71,,13879,47,4,,1,31,,13859,47,4,,1,71,,13880,47,4,,1,31,,13861,47,4,,1,72,,13881,47,4,,1,38,,13864,47,4,,1,64,,13882,47,4,,1,30,,13865,47,4,,1,70,,13874,47,4,,1,30,,13863,47,4,,1,70,,13875,47,4,,1,30,,13867,47,4,,1,68,,13876,47,4,,1,30,,13866,47,4,,1,96,,13862,47,4,,1,98,,13870,47,4,,1,97,,13868,47,4,,1,99,,13869,47,4,,1
11901,'H:173:5:Saturday',637,,13886,47,4,,1,100,,13887,47,4,,1,101,,13883,47,4,,1,103,,13885,47,4,,1,104,,13888,47,4,,1,101,,13890,47,4,,1,100,,13884,47,4,,1,100,,13893,47,4,,1,100,,13889,47,4,,1,100,,13894,47,4,,1,100,,13891,47,4,,1,99,,13897,47,4,,1,100,,13898,47,4,,1,97,,13892,47,4,,1,100,,13895,47,4,,1,98,,13896,47,4,,1
11901,'KP:323:0:Weekday',620,,13899,47,4,,1
12101,'H:113:6:Sunday',732,,14081,34,4,,1,101,,14082,34,4,,1,102,,14083,34,4,,1,100,,14084,34,4,,1,102,,14085,34,4,,1,101,,14086,34,4,,1,100,,14087,34,4,,1,100,,14089,34,4,,1,100,,14090,34,4,,1,99,,14091,34,4,,1,99,,14088,34,4,,1,99,,14092,34,4,,1,100,,14093,34,4,,1,99,,14094,34,4,,1
12101,'H:123:0:Weekday',530,,14112,34,4,,1,70,,14095,34,4,,1,28,,14110,34,4,,1,25,,14115,34,4,,1,68,,14119,34,4,,1,26,,14117,34,4,,1,67,,14120,34,4,,1,25,,14109,34,4,,1,69,,14103,34,4,,1,95,,14111,34,4,,1,55,,14113,34,4,,1,90,,14114,34,4,,1,90,,14104,34,4,,1,90,,14105,34,4,,1,92,,14116,34,4,,1,97,,14098,34,4,,1,34,,14107,34,4,,1,72,,14118,34,4,,1,33,,14101,34,4,,1,74,,14099,34,4,,1,29,,14106,34,4,,1,67,,14096,34,4,,1,31,,14097,34,4,,1,67,,14108,34,4,,1,29,,14122,34,4,,1,92,,14100,34,4,,1,99,,14102,34,4,,1,99,,14121,34,4,,1
12101,'H:173:5:Saturday',630,,14123,34,4,,1,100,,14124,34,4,,1,104,,14125,34,4,,1,101,,14126,34,4,,1,102,,14127,34,4,,1,101,,14128,34,4,,1,102,,14129,34,4,,1,100,,14130,34,4,,1,100,,14131,34,4,,1,100,,14132,34,4,,1,100,,14133,34,4,,1,100,,14134,34,4,,1,97,,14135,34,4,,1,99,,14136,34,4,,1,98,,14137,34,4,,1
