10201,'Sunday',649,,5406,,,1,70,,5421,,,1,30,,5405,,,1,70,,5420,,,1,30,,5408,,,1,69,,5422,,,1,30,,5409,,,1,69,,5423,,,1,30,,5407,,,1,69,,5424,,,1,30,,5410,,,1,70,,5425,,,1,30,,5411,,,1,70,,5426,,,1,30,,5412,,,1,70,,5427,,,1,30,,5413,,,1,68,,5428,,,1,30,,5414,,,1,70,,5429,,,1,30,,5415,,,1,71,,5430,,,1,31,,5416,,,1,71,,5431,,,1,30,,5417,,,1,101,,5418,,,1,100,,5419,,,1,100,,5432,,,1
10201,'Weekday',449,,5459,,,1,70,,5434,,,1,28,,5435,,,1,69,,5460,,,1,29,,5437,,,1,70,,5461,,,1,30,,5436,,,1,69,,5462,,,1,30,,5438,,,1,70,,5441,,,1,30,,5440,,,1,70,,5439,,,1,30,,5443,,,1,69,,5444,,,1,30,,5445,,,1,69,,5442,,,1,30,,5447,,,1,70,,5446,,,1,30,,5449,,,1,69,,5448,,,1,29,,5458,,,1,70,,5463,,,1,30,,5453,,,1,78,,5464,,,1,23,,5456,,,1,70,,5465,,,1,38,,5455,,,1,69,,5454,,,1,26,,5433,,,1,100,,5451,,,1,102,,5450,,,1,101,,5457,,,1,100,,5452,,,1
10201,'Saturday',549,,5466,,,1,70,,5467,,,1,29,,5468,,,1,70,,5469,,,1,30,,5471,,,1,69,,5472,,,1,29,,5473,,,1,70,,5470,,,1,29,,5475,,,1,69,,5476,,,1,30,,5477,,,1,70,,5474,,,1,30,,5478,,,1,70,,5479,,,1,30,,5480,,,1,69,,5481,,,1,30,,5482,,,1,70,,5483,,,1,30,,5484,,,1,70,,5485,,,1,30,,5486,,,1,70,,5487,,,1,30,,5488,,,1,71,,5489,,,1,30,,5490,,,1,71,,5491,,,1,30,,5492,,,1,100,,5493,,,1,101,,5494,,,1,100,,5495,,,1,101,,5496,,,1,100,,5497,,,1
13001,'Sunday',649,,6727,,,1,99,,6713,,,1,98,,6714,,,1,98,,6715,,,1,99,,6716,,,1,104,,6717,,,1,99,,6718,,,1,98,,6719,,,1,99,,6720,,,1,100,,6721,,,1,102,,6722,,,1,100,,6724,,,1,98,,6723,,,1,97,,6725,,,1,101,,6726,,,1
13001,'Weekday',434,,6750,,,1,68,,6752,,,1,29,,6735,,,1,27,,6753,,,1,69,,6736,,,1,28,,6729,,,1,70,,6737,,,1,29,,6731,,,1,71,,6738,,,1,30,,6754,,,1,71,,6728,,,1,30,,6755,,,1,69,,6746,,,1,29,,6756,,,1,70,,6744,,,1,30,,6757,,,1,69,,6742,,,1,30,,6758,,,1,69,,6743,,,1,30,,6759,,,1,68,,6745,,,1,29,,6740,,,1,68,,6749,,,1,31,,6741,,,1,71,,6748,,,1,30,,6730,,,1,71,,6739,,,1,30,,6732,,,1,73,,6747,,,1,103,,6733,,,1,107,,6734,,,1,97,,6751,,,1
13001,'Saturday',549,,6776,,,1,100,,6760,,,1,99,,6761,,,1,95,,6762,,,1,99,,6763,,,1,98,,6764,,,1,103,,6765,,,1,100,,6766,,,1,100,,6767,,,1,100,,6768,,,1,100,,6769,,,1,100,,6770,,,1,101,,6771,,,1,98,,6772,,,1,96,,6773,,,1,101,,6774,,,1,101,,6775,,,1
16601,'Sunday',654,,6844,,,1,99,,6845,,,1,99,,6846,,,1,98,,6847,,,1,100,,6848,,,1,100,,6849,,,1,100,,6850,,,1,100,,6851,,,1,100,,6852,,,1,100,,6853,,,1,100,,6855,,,1,100,,6857,,,1,100,,6854,,,1,102,,6858,,,1,100,,6856,,,1
16601,'Weekday',501,,6878,,,1,29,,6875,,,1,70,,6879,,,1,30,,6873,,,1,29,,6880,,,1,69,,6870,,,1,29,,6881,,,1,69,,6869,,,1,30,,6882,,,1,70,,6867,,,1,30,,6883,,,1,70,,6866,,,1,30,,6884,,,1,70,,6868,,,1,30,,6885,,,1,70,,6863,,,1,30,,6886,,,1,69,,6871,,,1,30,,6887,,,1,69,,6865,,,1,30,,6888,,,1,70,,6862,,,1,30,,6889,,,1,70,,6874,,,1,30,,6890,,,1,70,,6864,,,1,32,,6891,,,1,70,,6860,,,1,30,,6877,,,1,71,,6861,,,1,30,,6859,,,1,102,,6872,,,1,141,,6876,,,1,101,,6892,,,1
16601,'Saturday',553,,6895,,,1,100,,6893,,,1,99,,6894,,,1,98,,6897,,,1,100,,6900,,,1,99,,6896,,,1,98,,6901,,,1,100,,6899,,,1,100,,6898,,,1,100,,6903,,,1,100,,6904,,,1,101,,6905,,,1,101,,6902,,,1,100,,6906,,,1,101,,6907,,,1,101,,6908,,,1,101,,6909,,,1
90901,'Sunday',706,,9302,,,1,40,,9303,,,1,90,,9304,,,1,85,,9305,,,1,95,,9306,,,1,90,,9307,,,1,45,,9308,,,1,85,,9309,,,1,90,,9310,,,1,85,,9311,,,1,100,,9312,,,1,40,,9313,,,1,90,,9314,,,1,80,,9315,,,1,90,,9316,,,1,45,,9317,,,1,85,,9318,,,1,85,,9319,,,1,75,,9320,,,1,50,,9321,,,1,70,,9322,,,1
90901,'Weekday',526,,9323,,,1,85,,9324,,,1,95,,9325,,,1,40,,9326,,,1,90,,9327,,,1,85,,9328,,,1,95,,9329,,,1,90,,9330,,,1,45,,9331,,,1,85,,9332,,,1,90,,9333,,,1,85,,9334,,,1,100,,9335,,,1,40,,9336,,,1,90,,9337,,,1,80,,9338,,,1,90,,9339,,,1,45,,9340,,,1,85,,9341,,,1,85,,9342,,,1,75,,9343,,,1,120,,9344,,,1,130,,9345,,,1
90901,'Saturday',526,,9346,,,1,85,,9347,,,1,95,,9348,,,1,40,,9349,,,1,90,,9350,,,1,85,,9351,,,1,95,,9352,,,1,90,,9353,,,1,46,,9354,,,1,85,,9355,,,1,90,,9356,,,1,85,,9357,,,1,100,,9358,,,1,39,,9359,,,1,90,,9360,,,1,80,,9361,,,1,90,,9362,,,1,45,,9363,,,1,85,,9364,,,1,85,,9365,,,1,75,,9366,,,1,50,,9367,,,1,70,,9368,,,1
