'KPOB-CS:223:1:Mon-Wed:1:24SEP:123',53200,44800,4,'',1,10400,4,'',1,6300,4,'',1,2200,4,'',1,6300,4,'',1,1900,4,'',1,1900,4,'',1,1800,4,'',1,5700,4,'',1,3100,4,'',1,7000,4,'',1
'KPOB-CS:223:1:Mon-Wed:1:24SEP:123',53201,140500,,'',1,3000,,'',1,7000,,'',1,3000,,'',1,7000,,'',1,2000,,'',1,2000,,'',1,6000,,'',1,3000,,'',1,10000,,'',1
'KPOB-CS:253:2:Thu-Fri:1:24SEP:45',53200,44800,4,'',1,10400,4,'',1,6300,4,'',1,2200,4,'',1,6300,4,'',1,1900,4,'',1,1900,4,'',1,1800,4,'',1,5700,4,'',1,3100,4,'',1,7000,4,'',1
'KPOB-CS:253:2:Thu-Fri:1:24SEP:45',53201,140500,,'',1,3000,,'',1,7000,,'',1,3000,,'',1,7000,,'',1,2000,,'',1,2000,,'',1,6000,,'',1,3000,,'',1,10000,,'',1
'KPOB-CS:223:1:Mon-Wed:1:24SEP:123',53500,52500,4,'',1,8400,4,'',1,3100,4,'',1,7500,4,'',1,3400,4,'',1,7800,4,'',1,3000,4,'',1,6900,4,'',1,2800,4,'',1,6500,4,'',1,2800,4,'',1,7000,4,'',1,2900,4,'',1,7000,4,'',1,3100,4,'',1,7100,4,'',1,3100,4,'',1,7000,4,'',1,3100,4,'',1,7000,4,'',1,3200,4,'',1,7100,4,'',1,3000,4,'',1,7000,4,'',1,3000,4,'',1,6800,4,'',1,2700,4,'',1,6800,4,'',1,9900,4,'',1,9500,4,'',1,9900,4,'',1
'KPOB-CS:223:1:Mon-Wed:1:24SEP:123',53501,55000,,'',1,7000,,'',1,3000,,'',1,7000,,'',1,3000,,'',1,7000,,'',1,3000,,'',1,7000,,'',1,3000,,'',1,7000,,'',1,3000,,'',1,7000,,'',1,3000,,'',1,7000,,'',1,3000,,'',1,7000,,'',1,3000,,'',1,7000,,'',1,3000,,'',1,7000,,'',1,3000,,'',1,7000,,'',1,3000,,'',1,7000,,'',1,3000,,'',1,7000,,'',1,3000,,'',1,7000,,'',1,10000,,'',1,10000,,'',1,10000,,'',1
'KPOB-CS:253:2:Thu-Fri:1:24SEP:45',53500,52500,4,'',1,8400,4,'',1,3100,4,'',1,7500,4,'',1,3400,4,'',1,7800,4,'',1,3000,4,'',1,6900,4,'',1,2800,4,'',1,6500,4,'',1,2800,4,'',1,7000,4,'',1,2900,4,'',1,7000,4,'',1,3100,4,'',1,7100,4,'',1,3100,4,'',1,7000,4,'',1,3100,4,'',1,7000,4,'',1,3200,4,'',1,7100,4,'',1,3000,4,'',1,7000,4,'',1,3000,4,'',1,6800,4,'',1,2700,4,'',1,6800,4,'',1,9900,4,'',1,9500,4,'',1,9900,4,'',1
'KPOB-CS:253:2:Thu-Fri:1:24SEP:45',53501,55000,,'',1,7000,,'',1,3000,,'',1,7000,,'',1,3000,,'',1,7000,,'',1,3000,,'',1,7000,,'',1,3000,,'',1,7000,,'',1,3000,,'',1,7000,,'',1,3000,,'',1,7000,,'',1,3000,,'',1,7000,,'',1,3000,,'',1,7000,,'',1,3000,,'',1,7000,,'',1,3000,,'',1,7000,,'',1,3000,,'',1,7000,,'',1,3000,,'',1,7000,,'',1,3000,,'',1,7000,,'',1,10000,,'',1,10000,,'',1,10000,,'',1
'KPOB-CS:273:5:Saturday:1:24SEP:6',53500,75800,4,'',1,14400,4,'',1,10100,4,'',1,10100,4,'',1,10100,4,'',1,10300,4,'',1,10200,4,'',1,10100,4,'',1,9900,4,'',1,9900,4,'',1,9900,4,'',1,9900,4,'',1,9600,4,'',1,9800,4,'',1,5800,4,'',1
'KPOB-CS:273:5:Saturday:1:24SEP:6',53501,80500,,'',1,10000,,'',1,10000,,'',1,10000,,'',1,10000,,'',1,10000,,'',1,10000,,'',1,10000,,'',1,10000,,'',1,10000,,'',1,10000,,'',1,10500,,'',1,10000,,'',1,10000,,'',1,10000,,'',1
