10900,'H:113:6:Sunday',842,,13231,35,,,1,103,,13235,35,,,1,101,,13226,35,,,1,101,,13227,35,,,1,103,,13238,35,,,1,101,,13229,35,,,1,99,,13234,35,,,1,99,,13228,35,,,1,99,,13230,35,,,1,98,,13237,35,,,1,99,,13233,35,,,1,98,,13236,35,,,1,100,,13232,35,,,1,98,,13239,35,,,1
10900,'H:123:0:Weekday',538,,13253,35,,,1,108,,13247,35,,,1,111,,13243,35,,,1,95,,13249,35,,,1,103,,13256,35,,,1,99,,13241,35,,,1,100,,13255,35,,,1,102,,13254,35,,,1,100,,13246,35,,,1,103,,13252,35,,,1,141,,13244,35,,,1,101,,13248,35,,,1,99,,13251,35,,,1,57,,13245,35,,,1,94,,13242,35,,,1,98,,13240,35,,,1,100,,13250,35,,,1
10900,'H:173:5:Saturday',744,,13261,35,,,1,102,,13264,35,,,1,101,,13260,35,,,1,104,,13257,35,,,1,101,,13269,35,,,1,101,,13262,35,,,1,101,,13267,35,,,1,100,,13258,35,,,1,97,,13259,35,,,1,100,,13271,35,,,1,100,,13263,35,,,1,96,,13268,35,,,1,99,,13265,35,,,1,99,,13266,35,,,1,99,,13270,35,,,1
20100,'H:113:6:Sunday',816,,14400,35,,,1,101,,14402,35,,,1,101,,14403,35,,,1,40,,14401,35,,,1,80,,14404,35,,,1,80,,14399,35,,,1,40,,14405,35,,,1,80,,14406,35,,,1,80,,14407,35,,,1,40,,14408,35,,,1,80,,14410,35,,,1,80,,14411,35,,,1,40,,14412,35,,,1,80,,14414,35,,,1,79,,14415,35,,,1,40,,14416,35,,,1,80,,14417,35,,,1,80,,14418,35,,,1,100,,14409,35,,,1,100,,14413,35,,,1
20100,'H:123:0:Weekday',551,,14423,35,,,1,188,,14424,35,,,1,100,,14425,35,,,1,70,,14426,35,,,1,631,,14427,35,,,1,200,,14434,35,,,1,69,,14428,35,,,1,29,,14429,35,,,1,70,,14430,35,,,1,30,,14419,35,,,1,70,,14421,35,,,1,30,,14420,35,,,1,70,,14422,35,,,1,30,,14431,35,,,1,69,,14432,35,,,1,50,,14433,35,,,1
20100,'H:173:5:Saturday',716,,14447,35,,,1,100,,14437,35,,,1,101,,14446,35,,,1,101,,14438,35,,,1,40,,14439,35,,,1,80,,14444,35,,,1,80,,14445,35,,,1,40,,14436,35,,,1,80,,14448,35,,,1,80,,14440,35,,,1,40,,14435,35,,,1,80,,14449,35,,,1,80,,14441,35,,,1,40,,14443,35,,,1,80,,14452,35,,,1,80,,14453,35,,,1,40,,14454,35,,,1,80,,14451,35,,,1,79,,14455,35,,,1,99,,14442,35,,,1,100,,14450,35,,,1
20100,'KP:323:0:Weekday',633,,14473,35,,,1,76,,14470,35,,,1,100,,14469,35,,,1,130,,14472,35,,,1,70,,14471,35,,,1,30,,14463,35,,,1,70,,14457,35,,,1,30,,14464,35,,,1,70,,14462,35,,,1,30,,14467,35,,,1,70,,14468,35,,,1,30,,14465,35,,,1,70,,14456,35,,,1,30,,14458,35,,,1,70,,14460,35,,,1,101,,14459,35,,,1,30,,14461,35,,,1,70,,14466,35,,,1
20200,'H:113:6:Sunday',747,,14562,45,,,1,100,,14549,45,,,1,101,,14548,45,,,1,90,,14550,45,,,1,80,,14551,45,,,1,40,,14552,45,,,1,80,,14555,45,,,1,81,,14553,45,,,1,40,,14556,45,,,1,80,,14554,45,,,1,79,,14558,45,,,1,40,,14557,45,,,1,80,,14559,45,,,1,80,,14563,45,,,1,40,,14564,45,,,1,80,,14565,45,,,1,80,,14566,45,,,1,40,,14567,45,,,1,90,,14560,45,,,1,100,,14561,45,,,1
20200,'H:123:0:Weekday',457,,14583,6,,,1,75,,14568,45,,,1,81,,14571,45,,,1,40,,14575,45,,,1,71,,14576,45,,,1,130,,14577,45,,,1,70,,14578,45,,,1,530,,14579,45,,,1,171,,14580,45,,,1,31,,14581,45,,,1,70,,14582,45,,,1,127,,14574,45,,,1,70,,14572,45,,,1,30,,14569,45,,,1,70,,14570,45,,,1,30,,14573,45,,,1,70,,14584,45,,,1,30,,14585,45,,,1,74,,14586,45,,,1
20200,'H:173:5:Saturday',616,,14604,45,,,1,30,,14588,45,,,1,100,,14589,45,,,1,101,,14600,45,,,1,100,,14594,45,,,1,91,,14587,45,,,1,80,,14590,45,,,1,40,,14598,45,,,1,80,,14592,45,,,1,80,,14591,45,,,1,40,,14593,45,,,1,80,,14601,45,,,1,80,,14595,45,,,1,40,,14596,45,,,1,80,,14597,45,,,1,80,,14605,45,,,1,40,,14606,45,,,1,80,,14607,45,,,1,80,,14608,45,,,1,40,,14609,45,,,1,89,,14602,45,,,1,100,,14599,45,,,1,99,,14603,45,,,1
20200,'KP:323:0:Weekday',754,,14623,45,,,1,70,,14624,45,,,1,130,,14625,45,,,1,70,,14621,45,,,1,30,,14610,45,,,1,70,,14612,45,,,1,30,,14616,45,,,1,70,,14620,45,,,1,30,,14615,45,,,1,70,,14622,45,,,1,30,,14619,45,,,1,70,,14611,45,,,1,101,,14618,45,,,1,30,,14614,45,,,1,200,,14613,45,,,1,69,,14617,45,,,1
