27000,'Weekday',507,,10873,20,,,1,107,,10874,20,,,1,101,,10875,20,,,1,894,,10872,5,,,1,598,,10876,20,,,1
27001,'Weekday',549,,10880,19,,,1,60,,10877,19,0,5,1,101,,10878,19,0,5,1,1003,,10879,19,0,5,1
27100,'Sunday',735,,10881,34,,,1,100,,10882,34,,,1,101,,10892,34,,,1,101,,10883,34,,,1,100,,10884,34,,,1,102,,10885,34,,,1,100,,10886,34,,,1,101,,10887,34,,,1,100,,10894,34,,,1,100,,10888,34,,,1,98,,10889,34,,,1,100,,10890,34,,,1,100,,10891,34,,,1,98,,10893,34,,,1
27100,'Weekday',547,,10896,20,,,1,102,,10897,20,,,1,102,,10898,20,,,1,72,,10899,34,,,1,27,,10895,20,,,1,89,,10900,34,,,1,100,,10901,34,,,1,99,,10902,34,,,1,100,,10903,34,,,1,101,,10905,34,,,1,103,,10906,34,,,1,101,,10907,34,,,1,107,,10904,34,,,1,98,,10908,34,,,1,98,,10910,34,,,1,88,,10911,34,,,1,100,,10912,34,,,1,100,,10909,34,,,1
27100,'Saturday',736,,10922,34,,,1,100,,10914,34,,,1,102,,10923,34,,,1,101,,10915,34,,,1,101,,10921,34,,,1,100,,10913,34,,,1,100,,10920,34,,,1,100,,10916,34,,,1,100,,10924,34,,,1,99,,10917,34,,,1,100,,10919,34,,,1,98,,10918,34,,,1,99,,10925,34,,,1,100,,10926,34,,,1,100,,10927,34,,,1
27101,'Sunday',730,,10941,19,,,1,110,,10931,19,,,1,100,,10928,19,,,1,101,,10929,19,,,1,100,,10930,19,,,1,100,,10932,19,,,1,100,,10939,19,,,1,100,,10933,19,,,1,100,,10934,19,,,1,100,,10936,19,,,1,100,,10935,19,,,1,99,,10937,19,,,1,100,,10940,19,,,1,100,,10938,19,,,1
27101,'Weekday',641,,10942,19,,,1,101,,10943,19,,,1,100,,10944,19,,,1,99,,10945,19,,,1,100,,10946,19,,,1,100,,10947,19,,,1,102,,10948,19,,,1,100,,10950,19,,,1,101,,10949,19,,,1,102,,10951,19,,,1,99,,10956,19,,,1,98,,10952,19,,,1,99,,10953,19,,,1,99,,10954,19,,,1,98,,10957,19,,,1,100,,10955,19,,,1
27101,'Saturday',729,,10958,19,,,1,111,,10964,19,,,1,101,,10961,19,,,1,101,,10965,19,,,1,101,,10962,19,,,1,100,,10967,19,,,1,100,,10963,19,,,1,100,,10968,19,,,1,99,,10960,19,,,1,100,,10966,19,,,1,100,,10959,19,,,1,99,,10969,19,,,1,100,,10970,19,,,1,99,,10971,19,,,1,100,,10972,19,,,1
42400,'Weekday',527,,11072,13,,,1,116,,11073,13,,,1
42401,'Weekday',1655,,11074,19,,,1,175,,11075,19,,,1
