10901,'H:113:6:Sunday',751,,13272,4,,,1,100,,13284,4,,,1,100,,13276,4,,,1,100,,13281,4,,,1,100,,13273,4,,,1,100,,13274,4,,,1,100,,13282,4,,,1,100,,13277,4,,,1,100,,13280,4,,,1,100,,13275,4,,,1,100,,13278,4,,,1,100,,13283,4,,,1,100,,13279,4,,,1,100,,13285,4,,,1
10901,'H:123:0:Weekday',451,,13287,4,,,1,100,,13297,4,,,1,100,,13298,4,,,1,100,,13301,4,,,1,100,,13303,4,,,1,100,,13293,4,,,1,100,,13296,4,,,1,90,,13292,4,,,1,100,,13291,4,,,1,95,,13302,4,,,1,100,,13295,4,,,1,100,,13290,4,,,1,100,,13300,4,,,1,105,,13294,4,,,1,100,,13299,4,,,1,110,,13288,4,,,1,150,,13289,4,,,1,100,,13286,4,,,1
10901,'H:173:5:Saturday',651,,13304,4,,,1,100,,13317,4,,,1,100,,13310,4,,,1,100,,13315,4,,,1,100,,13306,4,,,1,100,,13305,4,,,1,100,,13318,4,,,1,100,,13309,4,,,1,100,,13313,4,,,1,100,,13307,4,,,1,100,,13308,4,,,1,100,,13316,4,,,1,100,,13311,4,,,1,100,,13314,4,,,1,100,,13312,4,,,1
20101,'H:113:6:Sunday',711,,14488,5,,,1,100,,14474,5,,,1,100,,14476,5,,,1,90,,14477,5,,,1,40,,14479,5,,,1,80,,14480,5,,,1,80,,14478,5,,,1,39,,14475,5,,,1,80,,14482,5,,,1,80,,14483,5,,,1,40,,14484,5,,,1,80,,14485,5,,,1,80,,14481,5,,,1,40,,14489,5,,,1,80,,14490,5,,,1,80,,14491,5,,,1,40,,14492,5,,,1,80,,14493,5,,,1,91,,14486,5,,,1,100,,14487,5,,,1
20101,'H:123:0:Weekday',535,,14497,5,,,1,80,,14498,5,,,1,39,,14502,5,,,1,570,,14503,5,,,1,226,,14510,5,,,1,169,,14504,5,,,1,30,,14505,5,,,1,71,,14506,5,,,1,32,,14500,5,,,1,70,,14501,5,,,1,30,,14499,5,,,1,72,,14494,5,,,1,31,,14496,5,,,1,70,,14495,5,,,1,30,,14508,5,,,1,70,,14509,5,,,1,30,,14507,5,,,1
20101,'H:173:5:Saturday',711,,14517,5,,,1,100,,14511,5,,,1,100,,14512,5,,,1,89,,14523,5,,,1,39,,14516,5,,,1,80,,14513,5,,,1,40,,14514,5,,,1,80,,14525,5,,,1,80,,14519,5,,,1,40,,14515,5,,,1,80,,14518,5,,,1,80,,14524,5,,,1,40,,14521,5,,,1,80,,14527,5,,,1,80,,14528,5,,,1,40,,14529,5,,,1,81,,14530,5,,,1,80,,14531,5,,,1,90,,14522,5,,,1,101,,14520,5,,,1,100,,14526,5,,,1
20101,'KP:323:0:Weekday',724,,14546,5,,,1,30,,14547,5,,,1,70,,14542,5,,,1,30,,14532,5,,,1,70,,14544,5,,,1,30,,14539,5,,,1,70,,14536,5,,,1,30,,14545,5,,,1,70,,14541,5,,,1,30,,14533,5,,,1,100,,14540,5,,,1,70,,14535,5,,,1,28,,14538,5,,,1,69,,14543,5,,,1,98,,14534,5,,,1,30,,14537,5,,,1
20201,'H:113:6:Sunday',621,,14645,5,,,1,120,,14626,5,,,1,100,,14627,5,,,1,100,,14629,5,,,1,80,,14630,5,,,1,80,,14628,5,,,1,40,,14632,5,,,1,79,,14631,5,,,1,80,,14633,5,,,1,40,,14634,5,,,1,80,,14635,5,,,1,80,,14637,5,,,1,40,,14636,5,,,1,80,,14638,5,,,1,80,,14640,5,,,1,40,,14641,5,,,1,80,,14642,5,,,1,80,,14643,5,,,1,40,,14644,5,,,1,101,,14639,5,,,1
20201,'H:123:0:Weekday',437,,14646,5,,,1,79,,14647,5,,,1,119,,14662,5,,,1,674,,14652,5,,,1,97,,14661,5,,,1,30,,14654,5,,,1,98,,14655,5,,,1,70,,14653,5,,,1,30,,14656,5,,,1,70,,14657,5,,,1,32,,14658,5,,,1,71,,14659,5,,,1,30,,14660,5,,,1,72,,14651,5,,,1,30,,14649,5,,,1,71,,14648,5,,,1,30,,14663,5,,,1,70,,14664,5,,,1,30,,14665,5,,,1,91,,14650,5,,,1
20201,'H:173:5:Saturday',551,,14687,5,,,1,70,,14680,5,,,1,120,,14671,5,,,1,100,,14673,5,,,1,100,,14679,5,,,1,79,,14668,5,,,1,39,,14667,5,,,1,80,,14676,5,,,1,80,,14677,5,,,1,40,,14669,5,,,1,80,,14666,5,,,1,80,,14670,5,,,1,40,,14672,5,,,1,80,,14674,5,,,1,80,,14675,5,,,1,40,,14682,5,,,1,80,,14683,5,,,1,80,,14684,5,,,1,81,,14685,5,,,1,40,,14686,5,,,1,100,,14678,5,,,1,101,,14681,5,,,1
20201,'KP:323:0:Weekday',555,,14699,5,,,1,154,,14700,5,,,1,30,,14697,5,,,1,70,,14702,5,,,1,30,,14690,5,,,1,70,,14693,5,,,1,30,,14695,5,,,1,70,,14698,5,,,1,30,,14701,5,,,1,70,,14696,5,,,1,30,,14688,5,,,1,70,,14691,5,,,1,30,,14694,5,,,1,99,,14692,5,,,1,166,,14689,5,,,1
