10200,'Sunday',732,,8587,25,,,1,70,,8602,25,,,1,31,,8588,25,,,1,70,,8603,25,,,1,30,,8589,25,,,1,71,,8604,25,,,1,30,,8590,25,,,1,70,,8605,25,,,1,31,,8591,25,,,1,70,,8606,25,,,1,30,,8592,25,,,1,71,,8607,25,,,1,30,,8593,25,,,1,70,,8608,25,,,1,30,,8594,25,,,1,70,,8609,25,,,1,30,,8595,25,,,1,70,,8610,25,,,1,30,,8597,25,,,1,69,,8611,25,,,1,30,,8598,25,,,1,70,,8612,25,,,1,29,,8599,25,,,1,70,,8613,25,,,1,30,,8596,25,,,1,99,,8600,25,,,1,100,,8601,25,,,1,100,,8614,25,,,1
10200,'Weekday',538,,8639,25,,,1,70,,8634,25,,,1,27,,8616,25,,,1,70,,8641,25,,,1,30,,8615,25,,,1,70,,8642,25,,,1,37,,8617,25,,,1,68,,8643,25,,,1,32,,8618,25,,,1,70,,8619,25,,,1,30,,8621,25,,,1,70,,8622,25,,,1,29,,8620,25,,,1,72,,8625,25,,,1,30,,8623,25,,,1,70,,8624,25,,,1,30,,8627,25,,,1,75,,8626,25,,,1,26,,8628,25,,,1,70,,8629,25,,,1,30,,8630,25,,,1,71,,8644,25,,,1,30,,8640,25,,,1,70,,8645,25,,,1,28,,8638,25,,,1,69,,8646,25,,,1,31,,8637,25,,,1,69,,8631,25,,,1,28,,8635,25,,,1,99,,8636,25,,,1,99,,8632,25,,,1,100,,8633,25,,,1
10200,'Saturday',633,,8651,25,,,1,70,,8652,25,,,1,30,,8653,25,,,1,70,,8654,25,,,1,31,,8655,25,,,1,70,,8656,25,,,1,31,,8657,25,,,1,71,,8658,25,,,1,30,,8659,25,,,1,72,,8660,25,,,1,30,,8661,25,,,1,70,,8662,25,,,1,30,,8663,25,,,1,70,,8664,25,,,1,29,,8666,25,,,1,70,,8667,25,,,1,30,,8668,25,,,1,70,,8665,25,,,1,30,,8669,25,,,1,70,,8670,25,,,1,30,,8671,25,,,1,69,,8672,25,,,1,30,,8673,25,,,1,70,,8674,25,,,1,29,,8675,25,,,1,70,,8676,25,,,1,30,,8648,25,,,1,99,,8650,25,,,1,99,,8649,25,,,1,100,,8647,25,,,1,100,,8677,25,,,1,100,,8678,25,,,1
13000,'Sunday',722,,9923,49,,,1,101,,9925,49,,,1,103,,9924,49,,,1,100,,9926,49,,,1,102,,9929,49,,,1,101,,9927,49,,,1,102,,9928,49,,,1,99,,9931,49,,,1,100,,9930,49,,,1,100,,9932,49,,,1,100,,9933,49,,,1,98,,9934,49,,,1,98,,9935,49,,,1,98,,9936,49,,,1,100,,9937,49,,,1
13000,'Weekday',553,,9957,49,,,1,71,,9960,49,,,1,32,,9946,49,,,1,71,,9961,49,,,1,32,,9938,49,,,1,73,,9948,49,,,1,70,,9939,49,,,1,29,,9962,49,,,1,69,,9947,49,,,1,30,,9964,49,,,1,70,,9956,49,,,1,30,,9965,49,,,1,70,,9953,49,,,1,30,,9966,49,,,1,70,,9954,49,,,1,30,,9967,49,,,1,72,,9955,49,,,1,30,,9968,49,,,1,73,,9952,49,,,1,29,,9969,49,,,1,70,,9940,49,,,1,31,,9958,49,,,1,70,,9950,49,,,1,28,,9949,49,,,1,72,,9941,49,,,1,27,,9951,49,,,1,27,,9942,49,,,1,71,,9963,49,,,1,27,,9943,49,,,1,98,,9944,49,,,1,98,,9945,49,,,1,100,,9959,49,,,1
13000,'Saturday',620,,9985,49,,,1,101,,9970,49,,,1,103,,9971,49,,,1,101,,9972,49,,,1,102,,9973,49,,,1,102,,9974,49,,,1,102,,9975,49,,,1,101,,9976,49,,,1,100,,9977,49,,,1,99,,9978,49,,,1,100,,9979,49,,,1,99,,9980,49,,,1,98,,9981,49,,,1,98,,9982,49,,,1,99,,9983,49,,,1,99,,9984,49,,,1,100,,9986,49,,,1
16600,'Sunday',724,,10051,58,,,1,102,,10052,58,,,1,102,,10053,58,,,1,101,,10054,58,,,1,100,,10055,58,,,1,101,,10056,58,,,1,100,,10057,58,,,1,101,,10058,58,,,1,100,,10059,58,,,1,100,,10060,58,,,1,99,,10061,58,,,1,100,,10062,58,,,1,98,,10063,58,,,1,99,,10064,58,,,1,99,,10065,58,,,1,99,,10066,58,,,1
16600,'Weekday',533,,10100,58,,,1,71,,10083,58,,,1,30,,10097,58,,,1,73,,10082,58,,,1,32,,10098,58,,,1,69,,10077,58,,,1,31,,10089,58,,,1,71,,10076,58,,,1,30,,10088,58,,,1,70,,10075,58,,,1,30,,10094,58,,,1,70,,10074,58,,,1,31,,10087,58,,,1,70,,10072,58,,,1,30,,10084,58,,,1,68,,10073,58,,,1,32,,10090,58,,,1,71,,10071,58,,,1,30,,10093,58,,,1,71,,10070,58,,,1,30,,10091,58,,,1,70,,10069,58,,,1,30,,10086,58,,,1,70,,10080,58,,,1,30,,10085,58,,,1,70,,10067,58,,,1,28,,10092,58,,,1,67,,10068,58,,,1,31,,10096,58,,,1,70,,10079,58,,,1,29,,10078,58,,,1,99,,10081,58,,,1,98,,10095,58,,,1,98,,10099,58,,,1
16600,'Saturday',626,,10101,58,,,1,101,,10102,58,,,1,101,,10104,58,,,1,102,,10105,58,,,1,103,,10106,58,,,1,100,,10103,58,,,1,100,,10107,58,,,1,100,,10109,58,,,1,100,,10110,58,,,1,100,,10114,58,,,1,100,,10112,58,,,1,100,,10115,58,,,1,99,,10113,58,,,1,98,,10111,58,,,1,99,,10116,58,,,1,99,,10108,58,,,1,98,,10117,58,,,1
90900,'Sunday',658,,12509,21,,,1,80,,12510,21,,,1,100,,12511,21,,,1,85,,12512,21,,,1,85,,12513,21,,,1,45,,12514,21,,,1,85,,12515,21,,,1,85,,12516,21,,,1,101,,12517,21,,,1,90,,12518,21,,,1,89,,12519,21,,,1,40,,12520,21,,,1,90,,12521,21,,,1,80,,12522,21,,,1,90,,12523,21,,,1,40,,12524,21,,,1,85,,12525,21,,,1,90,,12526,21,,,1,35,,12527,21,,,1,85,,12528,21,,,1,75,,12529,21,,,1,45,,12530,21,,,1
90900,'Weekday',558,,12531,21,,,1,100,,12532,21,,,1,80,,12533,21,,,1,100,,12534,21,,,1,85,,12535,21,,,1,85,,12536,21,,,1,45,,12537,21,,,1,86,,12538,21,,,1,84,,12539,21,,,1,101,,12540,21,,,1,90,,12541,21,,,1,89,,12542,21,,,1,40,,12543,21,,,1,90,,12544,21,,,1,80,,12545,21,,,1,90,,12546,21,,,1,40,,12547,21,,,1,85,,12548,21,,,1,90,,12549,21,,,1,35,,12550,21,,,1,160,,12551,21,,,1,120,,12552,21,,,1
90900,'Saturday',558,,12553,21,,,1,100,,12554,21,,,1,80,,12555,21,,,1,100,,12556,21,,,1,85,,12557,21,,,1,85,,12558,21,,,1,45,,12559,21,,,1,85,,12560,21,,,1,85,,12561,21,,,1,100,,12562,21,,,1,90,,12563,21,,,1,90,,12564,21,,,1,40,,12565,21,,,1,90,,12566,21,,,1,80,,12567,21,,,1,90,,12568,21,,,1,40,,12569,21,,,1,85,,12570,21,,,1,90,,12571,21,,,1,35,,12572,21,,,1,85,,12573,21,,,1,75,,12574,21,,,1,45,,12575,21,,,1
