20100,'H:113:6:Sunday',724,,14400,1,,,1,100,,14402,1,,,1,98,,14403,1,,,1,78,,14401,1,,,1,40,,14404,1,,,1,80,,14399,1,,,1,39,,14405,1,,,1,80,,14406,1,,,1,80,,14407,1,,,1,40,,14408,1,,,1,80,,14410,1,,,1,79,,14411,1,,,1,40,,14412,1,,,1,80,,14414,1,,,1,82,,14415,1,,,1,80,,14416,1,,,1,40,,14417,1,,,1,81,,14418,1,,,1,101,,14409,1,,,1,103,,14413,1,,,1
20100,'H:123:0:Weekday',500,,14423,1,,,1,142,,14424,1,,,1,96,,14425,1,,,1,71,,14426,1,,,1,624,,14427,1,,,1,200,,14434,1,,,1,71,,14428,1,,,1,33,,14429,1,,,1,70,,14430,1,,,1,31,,14419,1,,,1,70,,14421,1,,,1,31,,14420,1,,,1,70,,14422,1,,,1,31,,14431,1,,,1,71,,14432,1,,,1,91,,14433,1,,,1
20100,'H:173:5:Saturday',625,,14447,1,,,1,98,,14437,1,,,1,99,,14446,1,,,1,98,,14438,1,,,1,38,,14439,1,,,1,80,,14444,1,,,1,79,,14445,1,,,1,39,,14436,1,,,1,80,,14448,1,,,1,79,,14440,1,,,1,40,,14435,1,,,1,80,,14449,1,,,1,80,,14441,1,,,1,40,,14443,1,,,1,80,,14452,1,,,1,80,,14453,1,,,1,41,,14454,1,,,1,81,,14451,1,,,1,83,,14455,1,,,1,101,,14442,1,,,1,101,,14450,1,,,1
20100,'KP:323:0:Weekday',539,,14473,1,,,1,75,,14470,1,,,1,96,,14469,1,,,1,129,,14472,1,,,1,70,,14471,1,,,1,29,,14463,1,,,1,69,,14457,1,,,1,30,,14464,1,,,1,69,,14462,1,,,1,30,,14467,1,,,1,70,,14468,1,,,1,29,,14465,1,,,1,69,,14456,1,,,1,30,,14458,1,,,1,70,,14460,1,,,1,99,,14459,1,,,1,29,,14461,1,,,1,70,,14466,1,,,1
20200,'H:113:6:Sunday',650,,14562,1,,,1,100,,14549,1,,,1,99,,14548,1,,,1,90,,14550,1,,,1,78,,14551,1,,,1,39,,14552,1,,,1,78,,14555,1,,,1,80,,14553,1,,,1,39,,14556,1,,,1,80,,14554,1,,,1,80,,14558,1,,,1,40,,14557,1,,,1,80,,14559,1,,,1,80,,14563,1,,,1,40,,14564,1,,,1,81,,14565,1,,,1,81,,14566,1,,,1,41,,14567,1,,,1,92,,14560,1,,,1,102,,14561,1,,,1
20200,'H:123:0:Weekday',435,,14568,1,,,1,79,,14571,1,,,1,39,,14575,1,,,1,69,,14576,1,,,1,126,,14577,1,,,1,70,,14578,1,,,1,525,,14579,1,,,1,169,,14580,1,,,1,29,,14581,1,,,1,72,,14582,1,,,1,132,,14574,1,,,1,71,,14572,1,,,1,31,,14569,1,,,1,72,,14570,1,,,1,30,,14573,1,,,1,71,,14584,1,,,1,30,,14585,1,,,1,79,,14586,1,,,1
20200,'H:173:5:Saturday',521,,14604,1,,,1,30,,14588,1,,,1,100,,14589,1,,,1,100,,14600,1,,,1,98,,14594,1,,,1,87,,14587,1,,,1,80,,14590,1,,,1,38,,14598,1,,,1,78,,14592,1,,,1,80,,14591,1,,,1,38,,14593,1,,,1,80,,14601,1,,,1,80,,14595,1,,,1,40,,14596,1,,,1,81,,14597,1,,,1,80,,14605,1,,,1,40,,14606,1,,,1,83,,14607,1,,,1,80,,14608,1,,,1,41,,14609,1,,,1,92,,14602,1,,,1,100,,14599,1,,,1,102,,14603,1,,,1
20200,'KP:323:0:Weekday',650,,14623,1,,,1,68,,14624,1,,,1,130,,14625,1,,,1,70,,14621,1,,,1,32,,14610,1,,,1,69,,14612,1,,,1,28,,14616,1,,,1,70,,14620,1,,,1,28,,14615,1,,,1,70,,14622,1,,,1,30,,14619,1,,,1,70,,14611,1,,,1,98,,14618,1,,,1,30,,14614,1,,,1,201,,14613,1,,,1,70,,14617,1,,,1
20900,'H:113:6:Sunday',752,,14711,1,,,1,100,,14705,1,,,1,100,,14703,1,,,1,100,,14715,1,,,1,100,,14707,1,,,1,100,,14713,1,,,1,100,,14704,1,,,1,100,,14706,1,,,1,100,,14714,1,,,1,100,,14709,1,,,1,100,,14710,1,,,1,100,,14708,1,,,1,100,,14712,1,,,1
20900,'H:123:0:Weekday',555,,14728,1,,,1,100,,14729,1,,,1,100,,14731,1,,,1,100,,14730,1,,,1,100,,14727,1,,,1,100,,14723,1,,,1,100,,14721,1,,,1,97,,14725,1,,,1,100,,14719,1,,,1,100,,14724,1,,,1,100,,14726,1,,,1,100,,14718,1,,,1,100,,14720,1,,,1,100,,14722,1,,,1,100,,14716,1,,,1,100,,14717,1,,,1,100,,14732,1,,,1
20900,'H:173:5:Saturday',652,,14742,1,,,1,100,,14735,1,,,1,100,,14733,1,,,1,100,,14745,1,,,1,100,,14738,1,,,1,100,,14744,1,,,1,100,,14736,1,,,1,100,,14734,1,,,1,100,,14747,1,,,1,100,,14739,1,,,1,100,,14743,1,,,1,100,,14737,1,,,1,100,,14740,1,,,1,100,,14746,1,,,1,100,,14741,1,,,1
90500,'H:123:0:Weekday',442,,16680,8,,,1,172,,16688,8,,,1,130,,16681,8,,,1,100,,16684,8,,,1,100,,16676,8,,,1,100,,16674,8,,,1,100,,16675,8,,,1,300,,16678,8,,,1,100,,16679,8,,,1,100,,16686,8,,,1,100,,16677,8,,,1,100,,16685,8,,,1,100,,16687,8,,,1,100,,16683,8,,,1,100,,16682,8,,,1
90500,'KP:323:0:Weekday',544,,16691,8,,,1,100,,16689,8,,,1,70,,16690,8,,,1,530,,16692,8,,,1,100,,16693,8,,,1
90501,'H:123:0:Weekday',618,,16703,6,,,1,100,,16702,6,,,1,99,,16701,6,,,1,100,,16699,6,,,1,100,,16700,6,,,1,102,,16710,6,,,1,100,,16708,6,,,1,100,,16709,6,,,1,102,,16711,6,,,1,92,,16707,6,,,1,102,,16704,6,,,1,37,,16696,6,,,1,70,,16698,6,,,1,26,,16695,6,,,1,76,,16694,6,,,1,95,,16697,6,,,1,99,,16706,6,,,1,100,,16705,6,,,1
