10901,'H:113:6:Sunday',820,,13272,26,,,1,102,,13284,26,,,1,101,,13276,26,,,1,101,,13281,26,,,1,101,,13273,26,,,1,100,,13274,26,,,1,100,,13282,26,,,1,100,,13277,26,,,1,100,,13280,26,,,1,100,,13275,26,,,1,98,,13278,26,,,1,100,,13283,26,,,1,100,,13279,26,,,1,99,,13285,26,,,1
10901,'H:123:0:Weekday',519,,13287,26,,,1,103,,13297,26,,,1,105,,13298,26,,,1,99,,13301,26,,,1,99,,13303,26,,,1,99,,13293,26,,,1,101,,13296,26,,,1,91,,13292,26,,,1,103,,13291,26,,,1,97,,13302,26,,,1,99,,13295,26,,,1,103,,13290,26,,,1,102,,13300,26,,,1,100,,13294,26,,,1,97,,13299,26,,,1,107,,13288,26,,,1,109,,13289,26,,,1,98,,13286,26,,,1
10901,'H:173:5:Saturday',721,,13304,26,,,1,102,,13317,26,,,1,101,,13310,26,,,1,101,,13315,26,,,1,100,,13306,26,,,1,101,,13305,26,,,1,101,,13318,26,,,1,100,,13309,26,,,1,100,,13313,26,,,1,100,,13307,26,,,1,100,,13308,26,,,1,99,,13316,26,,,1,99,,13311,26,,,1,99,,13314,26,,,1,99,,13312,26,,,1
27000,'H:123:0:Weekday',519,,15088,30,,,1,108,,15089,30,,,1,101,,15090,30,,,1,898,,15087,15,,,1,594,,15091,30,,,1
27100,'H:113:6:Sunday',748,,15096,44,,,1,100,,15097,44,,,1,102,,15107,44,,,1,101,,15098,44,,,1,100,,15099,44,,,1,103,,15100,44,,,1,101,,15101,44,,,1,101,,15102,44,,,1,100,,15109,44,,,1,100,,15103,44,,,1,97,,15104,44,,,1,100,,15105,44,,,1,98,,15106,44,,,1,98,,15108,44,,,1
27100,'H:123:0:Weekday',600,,15111,30,,,1,205,,15112,30,,,1,33,,15113,44,,,1,65,,15110,30,,,1,351,,15114,44,,,1,101,,15123,44,,,1,103,,15116,44,,,1,143,,15117,44,,,1,107,,15115,44,,,1,98,,15118,44,,,1,95,,15120,44,,,1,47,,15121,44,,,1,100,,15122,44,,,1,100,,15119,44,,,1
27100,'H:173:5:Saturday',750,,15133,44,,,1,100,,15125,44,,,1,104,,15134,44,,,1,101,,15126,44,,,1,101,,15132,44,,,1,100,,15124,44,,,1,100,,15131,44,,,1,100,,15127,44,,,1,100,,15135,44,,,1,99,,15128,44,,,1,99,,15130,44,,,1,98,,15129,44,,,1,99,,15136,44,,,1,100,,15137,44,,,1,100,,15138,44,,,1
27100,'KP:323:0:Weekday',703,,15141,30,,,1,251,,15139,44,,,1,101,,15142,44,,,1,99,,15140,44,,,1
90801,'H:123:0:Weekday',1644,,16725,26,,,1,96,,16727,26,,,1,194,,16726,26,,,1
90801,'KP:323:0:Weekday',1822,,16728,26,,,1,37,,16729,26,,,1
