10200,'H:113:6:Sunday',715,,12802,2,,,1,30,,12817,2,,,1,70,,12803,2,,,1,30,,12818,2,,,1,70,,12804,2,,,1,30,,12819,2,,,1,70,,12805,2,,,1,30,,12820,2,,,1,70,,12806,2,,,1,30,,12821,2,,,1,70,,12807,2,,,1,30,,12822,2,,,1,70,,12808,2,,,1,30,,12823,2,,,1,70,,12809,2,,,1,30,,12824,2,,,1,70,,12810,2,,,1,30,,12825,2,,,1,70,,12812,2,,,1,30,,12826,2,,,1,70,,12813,2,,,1,30,,12827,2,,,1,70,,12814,2,,,1,30,,12828,2,,,1,70,,12811,2,,,1,100,,12815,2,,,1,100,,12816,2,,,1,100,,12829,2,,,1
10200,'H:123:0:Weekday',520,,12846,2,,,1,30,,12841,2,,,1,66,,12831,2,,,1,27,,12847,2,,,1,70,,12830,2,,,1,31,,12848,2,,,1,107,,12849,2,,,1,70,,12832,2,,,1,200,,12833,2,,,1,100,,12834,2,,,1,100,,12836,2,,,1,35,,12835,2,,,1,165,,12837,2,,,1,30,,12850,2,,,1,100,,12851,2,,,1,70,,12845,2,,,1,30,,12852,2,,,1,70,,12844,2,,,1,30,,12838,2,,,1,70,,12842,2,,,1,99,,12843,2,,,1,100,,12839,2,,,1,100,,12840,2,,,1
10200,'H:173:5:Saturday',615,,12857,2,,,1,30,,12858,2,,,1,70,,12859,2,,,1,30,,12860,2,,,1,70,,12861,2,,,1,30,,12862,2,,,1,70,,12863,2,,,1,30,,12864,2,,,1,70,,12865,2,,,1,31,,12866,2,,,1,70,,12867,2,,,1,30,,12868,2,,,1,70,,12869,2,,,1,30,,12870,2,,,1,70,,12872,2,,,1,30,,12873,2,,,1,70,,12875,2,,,1,30,,12871,2,,,1,70,,12876,2,,,1,30,,12877,2,,,1,70,,12874,2,,,1,30,,12878,2,,,1,70,,12879,2,,,1,30,,12880,2,,,1,69,,12881,2,,,1,30,,12882,2,,,1,70,,12854,2,,,1,100,,12856,2,,,1,100,,12855,2,,,1,100,,12853,2,,,1,100,,12883,2,,,1,100,,12884,2,,,1
10200,'KP:323:0:Weekday',821,,12885,2,,,1,130,,12891,2,,,1,70,,12888,2,,,1,30,,12893,2,,,1,100,,12890,2,,,1,100,,12886,2,,,1,170,,12892,2,,,1,30,,12887,2,,,1,170,,12889,2,,,1
11400,'H:113:6:Sunday',716,,13506,2,,,1,100,,13507,2,,,1,100,,13508,2,,,1,100,,13509,2,,,1,100,,13510,2,,,1,100,,13511,2,,,1,100,,13512,2,,,1,100,,13513,2,,,1,100,,13516,2,,,1,100,,13517,2,,,1,100,,13518,2,,,1,100,,13514,2,,,1,100,,13515,2,,,1,100,,13519,2,,,1
11400,'H:123:0:Weekday',521,,13549,2,,,1,30,,13543,2,,,1,70,,13534,2,,,1,30,,13520,2,,,1,70,,13536,2,,,1,100,,13521,2,,,1,30,,13522,2,,,1,70,,13538,2,,,1,30,,13545,2,,,1,70,,13523,2,,,1,30,,13548,2,,,1,70,,13524,2,,,1,100,,13525,2,,,1,30,,13546,2,,,1,70,,13542,2,,,1,35,,13544,2,,,1,65,,13526,2,,,1,30,,13547,2,,,1,70,,13537,2,,,1,30,,13540,2,,,1,70,,13527,2,,,1,30,,13529,2,,,1,70,,13539,2,,,1,30,,13541,2,,,1,70,,13528,2,,,1,30,,13530,2,,,1,70,,13532,2,,,1,100,,13535,2,,,1,100,,13533,2,,,1,100,,13531,2,,,1
11400,'H:173:5:Saturday',616,,13565,2,,,1,100,,13550,2,,,1,100,,13551,2,,,1,100,,13553,2,,,1,100,,13556,2,,,1,100,,13555,2,,,1,100,,13552,2,,,1,100,,13566,2,,,1,100,,13554,2,,,1,100,,13560,2,,,1,100,,13558,2,,,1,100,,13562,2,,,1,100,,13559,2,,,1,100,,13557,2,,,1,100,,13563,2,,,1,100,,13561,2,,,1,100,,13564,2,,,1
11400,'KP:323:0:Weekday',751,,13568,2,,,1,400,,13567,2,,,1
13000,'H:113:6:Sunday',651,,14138,2,,,1,100,,14140,2,,,1,100,,14139,2,,,1,100,,14141,2,,,1,100,,14144,2,,,1,100,,14142,2,,,1,100,,14143,2,,,1,100,,14146,2,,,1,100,,14145,2,,,1,100,,14147,2,,,1,100,,14148,2,,,1,100,,14149,2,,,1,100,,14150,2,,,1,100,,14151,2,,,1,100,,14152,2,,,1
13000,'H:123:0:Weekday',521,,14172,2,,,1,30,,14175,2,,,1,70,,14161,2,,,1,30,,14176,2,,,1,70,,14153,2,,,1,30,,14163,2,,,1,70,,14154,2,,,1,30,,14177,2,,,1,70,,14162,2,,,1,30,,14179,2,,,1,70,,14171,2,,,1,30,,14180,2,,,1,70,,14168,2,,,1,30,,14181,2,,,1,70,,14169,2,,,1,30,,14182,2,,,1,70,,14170,2,,,1,30,,14183,2,,,1,70,,14167,2,,,1,30,,14184,2,,,1,70,,14155,2,,,1,30,,14173,2,,,1,70,,14165,2,,,1,30,,14164,2,,,1,70,,14156,2,,,1,30,,14166,2,,,1,70,,14157,2,,,1,30,,14178,2,,,1,70,,14158,2,,,1,100,,14159,2,,,1,100,,14160,2,,,1,100,,14174,2,,,1
13000,'H:173:5:Saturday',551,,14200,2,,,1,100,,14185,2,,,1,100,,14186,2,,,1,100,,14187,2,,,1,100,,14188,2,,,1,100,,14189,2,,,1,100,,14190,2,,,1,100,,14191,2,,,1,100,,14192,2,,,1,100,,14193,2,,,1,100,,14194,2,,,1,100,,14195,2,,,1,100,,14196,2,,,1,100,,14197,2,,,1,100,,14198,2,,,1,100,,14199,2,,,1,100,,14201,2,,,1
