20900,'Sunday',800,,10496,5,,,1,100,,10490,5,,,1,100,,10488,5,,,1,100,,10500,5,,,1,101,,10492,5,,,1,101,,10498,5,,,1,100,,10489,5,,,1,101,,10491,5,,,1,100,,10499,5,,,1,100,,10494,5,,,1,99,,10495,5,,,1,99,,10493,5,,,1,100,,10497,5,,,1
20900,'Weekday',603,,10513,5,,,1,101,,10514,5,,,1,100,,10516,5,,,1,100,,10515,5,,,1,100,,10512,5,,,1,100,,10508,5,,,1,101,,10506,5,,,1,97,,10510,5,,,1,100,,10504,5,,,1,100,,10509,5,,,1,100,,10511,5,,,1,100,,10503,5,,,1,100,,10505,5,,,1,99,,10507,5,,,1,100,,10501,5,,,1,100,,10502,5,,,1,99,,10517,5,,,1
20900,'Saturday',700,,10527,5,,,1,100,,10520,5,,,1,100,,10518,5,,,1,101,,10530,5,,,1,100,,10523,5,,,1,101,,10529,5,,,1,100,,10521,5,,,1,100,,10519,5,,,1,101,,10532,5,,,1,100,,10524,5,,,1,100,,10528,5,,,1,100,,10522,5,,,1,99,,10525,5,,,1,99,,10531,5,,,1,100,,10526,5,,,1
20901,'Sunday',813,,10534,28,,,1,101,,10533,28,,,1,101,,10545,28,,,1,100,,10537,28,,,1,101,,10542,28,,,1,100,,10535,28,,,1,101,,10536,28,,,1,100,,10543,28,,,1,99,,10538,28,,,1,100,,10541,28,,,1,99,,10539,28,,,1,100,,10540,28,,,1,100,,10544,28,,,1
20901,'Weekday',523,,10559,28,,,1,103,,10546,28,,,1,101,,10549,28,,,1,100,,10547,28,,,1,100,,10551,28,,,1,99,,10548,28,,,1,102,,10550,28,,,1,92,,10552,28,,,1,100,,10553,28,,,1,100,,10554,28,,,1,103,,10555,28,,,1,100,,10562,28,,,1,100,,10561,28,,,1,99,,10560,28,,,1,99,,10556,28,,,1,105,,10557,28,,,1,98,,10558,28,,,1,100,,10563,28,,,1
20901,'Saturday',713,,10566,28,,,1,101,,10564,28,,,1,102,,10577,28,,,1,101,,10571,28,,,1,101,,10575,28,,,1,101,,10567,28,,,1,101,,10565,28,,,1,99,,10578,28,,,1,100,,10570,28,,,1,99,,10573,28,,,1,100,,10569,28,,,1,99,,10568,28,,,1,98,,10576,28,,,1,100,,10572,28,,,1,99,,10574,28,,,1
22200,'Sunday',749,,10689,31,,,1,91,,10688,31,,,1,90,,10680,31,,,1,91,,10675,31,,,1,91,,10678,31,,,1,92,,10684,31,,,1,51,,10676,31,,,1,90,,10681,31,,,1,90,,10683,31,,,1,90,,10677,31,,,1,88,,10679,31,,,1,90,,10685,31,,,1,50,,10686,31,,,1,89,,10682,31,,,1,89,,10687,31,,,1
22200,'Weekday',642,,10692,31,,,1,83,,10690,31,,,1,93,,10693,31,,,1,95,,10691,31,,,1,91,,10694,31,,,1,50,,10696,31,,,1,91,,10697,31,,,1,90,,10698,31,,,1,91,,10695,31,,,1,90,,10700,31,,,1,90,,10701,31,,,1,52,,10702,31,,,1,90,,10699,31,,,1,86,,10703,31,,,1,89,,10705,31,,,1,88,,10706,31,,,1,90,,10704,31,,,1
22200,'Saturday',608,,10721,31,,,1,50,,10707,31,,,1,92,,10708,31,,,1,91,,10718,31,,,1,90,,10722,31,,,1,92,,10723,31,,,1,91,,10714,31,,,1,91,,10709,31,,,1,51,,10710,31,,,1,91,,10717,31,,,1,90,,10716,31,,,1,89,,10719,31,,,1,89,,10713,31,,,1,90,,10715,31,,,1,49,,10720,31,,,1,88,,10711,31,,,1,90,,10712,31,,,1,83,,10724,31,,,1
22201,'Sunday',715,,10725,19,,,1,90,,10726,19,,,1,50,,10727,19,,,1,90,,10728,19,,,1,90,,10729,19,,,1,90,,10730,19,,,1,90,,10731,19,,,1,90,,10734,19,,,1,50,,10735,19,,,1,90,,10732,19,,,1,90,,10736,19,,,1,90,,10737,19,,,1,90,,10738,19,,,1,90,,10733,19,,,1,50,,10739,19,,,1
22201,'Weekday',608,,10741,19,,,1,46,,10742,19,,,1,95,,10743,19,,,1,90,,10744,19,,,1,90,,10745,19,,,1,90,,10746,19,,,1,90,,10747,19,,,1,50,,10748,19,,,1,90,,10749,19,,,1,90,,10750,19,,,1,90,,10752,19,,,1,90,,10753,19,,,1,90,,10754,19,,,1,50,,10751,19,,,1,89,,10740,19,,,1,90,,10755,19,,,1,90,,10756,19,,,1,90,,10757,19,,,1,90,,10758,19,,,1
22201,'Saturday',715,,10762,19,,,1,90,,10763,19,,,1,50,,10764,19,,,1,90,,10765,19,,,1,90,,10766,19,,,1,90,,10767,19,,,1,90,,10768,19,,,1,90,,10769,19,,,1,50,,10771,19,,,1,90,,10772,19,,,1,90,,10773,19,,,1,90,,10770,19,,,1,90,,10774,19,,,1,90,,10775,19,,,1,50,,10776,19,,,1,90,,10759,19,,,1,90,,10760,19,,,1,90,,10761,19,,,1
