10101,'H:113:6:Sunday',716,,12722,34,4,,1,101,,12723,34,4,,1,105,,12725,34,4,,1,101,,12727,34,4,,1,100,,12724,34,4,,1,102,,12728,34,4,,1,102,,12726,34,4,,1,30,,12737,34,4,,1,70,,12729,34,4,,1,30,,12738,34,4,,1,69,,12731,34,4,,1,30,,12739,34,4,,1,70,,12732,34,4,,1,30,,12740,34,4,,1,70,,12733,34,4,,1,28,,12741,34,4,,1,70,,12734,34,4,,1,100,,12735,34,4,,1,98,,12736,34,4,,1,99,,12730,34,4,,1
10101,'H:123:0:Weekday',533,,12742,34,4,,1,103,,12743,34,4,,1,72,,12744,34,4,,1,32,,12745,34,4,,1,72,,12746,34,4,,1,31,,12747,34,4,,1,98,,12748,34,4,,1,70,,12769,34,4,,1,31,,12749,34,4,,1,72,,12770,34,4,,1,30,,12750,34,4,,1,70,,12771,34,4,,1,30,,12751,34,4,,1,101,,12752,34,4,,1,72,,12772,34,4,,1,31,,12753,34,4,,1,71,,12754,34,4,,1,30,,12755,34,4,,1,71,,12756,34,4,,1,30,,12757,34,4,,1,70,,12758,34,4,,1,30,,12762,34,4,,1,66,,12764,34,4,,1,30,,12760,34,4,,1,68,,12759,34,4,,1,29,,12761,34,4,,1,67,,12763,34,4,,1,30,,12765,34,4,,1,69,,12773,34,4,,1,30,,12766,34,4,,1,67,,12774,34,4,,1,29,,12767,34,4,,1,69,,12775,34,4,,1,29,,12768,34,4,,1
10101,'H:173:5:Saturday',718,,12778,34,4,,1,103,,12787,34,4,,1,102,,12779,34,4,,1,102,,12780,34,4,,1,103,,12781,34,4,,1,31,,12792,34,4,,1,70,,12789,34,4,,1,30,,12793,34,4,,1,70,,12783,34,4,,1,30,,12794,34,4,,1,70,,12784,34,4,,1,30,,12795,34,4,,1,70,,12790,34,4,,1,30,,12796,34,4,,1,69,,12782,34,4,,1,30,,12797,34,4,,1,69,,12791,34,4,,1,30,,12798,34,4,,1,70,,12776,34,4,,1,99,,12785,34,4,,1,97,,12788,34,4,,1,98,,12786,34,4,,1,98,,12777,34,4,,1
10101,'KP:323:0:Weekday',603,,12799,34,4,,1,308,,12801,34,4,,1,403,,12800,34,4,,1
10601,'H:113:6:Sunday',735,,13190,44,4,,1,100,,13176,44,4,,1,103,,13177,44,4,,1,102,,13178,44,4,,1,103,,13179,44,4,,1,101,,13180,44,4,,1,100,,13181,44,4,,1,100,,13182,44,4,,1,99,,13184,44,4,,1,100,,13185,44,4,,1,100,,13186,44,4,,1,99,,13183,44,4,,1,100,,13187,44,4,,1,98,,13188,44,4,,1,98,,13189,44,4,,1
10601,'H:123:0:Weekday',552,,13191,44,4,,1,105,,13192,44,4,,1,144,,13193,44,4,,1,103,,13194,44,4,,1,97,,13195,44,4,,1,99,,13196,44,4,,1,102,,13198,44,4,,1,101,,13199,44,4,,1,101,,13200,44,4,,1,100,,13197,44,4,,1,109,,13202,44,4,,1,199,,13203,44,4,,1,94,,13201,44,4,,1,96,,13204,44,4,,1,98,,13205,44,4,,1,54,,13206,44,4,,1,98,,13207,44,4,,1
10601,'H:173:5:Saturday',634,,13222,44,4,,1,100,,13221,44,4,,1,104,,13208,44,4,,1,100,,13209,44,4,,1,101,,13210,44,4,,1,103,,13211,44,4,,1,102,,13213,44,4,,1,100,,13214,44,4,,1,99,,13215,44,4,,1,100,,13212,44,4,,1,100,,13216,44,4,,1,100,,13217,44,4,,1,100,,13218,44,4,,1,99,,13219,44,4,,1,97,,13220,44,4,,1,98,,13223,44,4,,1,100,,13224,44,4,,1
10601,'KP:323:0:Weekday',1713,,13225,44,4,,1
10900,'H:113:6:Sunday',834,,13231,30,,,1,103,,13235,30,,,1,100,,13226,30,,,1,101,,13227,30,,,1,103,,13238,30,,,1,101,,13229,30,,,1,99,,13234,30,,,1,99,,13228,30,,,1,99,,13230,30,,,1,98,,13237,30,,,1,99,,13233,30,,,1,99,,13236,30,,,1,100,,13232,30,,,1,98,,13239,30,,,1
10900,'H:123:0:Weekday',530,,13253,30,,,1,107,,13247,30,,,1,107,,13243,30,,,1,96,,13249,30,,,1,104,,13256,30,,,1,100,,13241,30,,,1,100,,13255,30,,,1,100,,13254,30,,,1,100,,13246,30,,,1,103,,13252,30,,,1,101,,13244,30,,,1,100,,13248,30,,,1,99,,13251,30,,,1,98,,13245,30,,,1,97,,13242,30,,,1,98,,13240,30,,,1,100,,13250,30,,,1
10900,'H:173:5:Saturday',735,,13261,30,,,1,101,,13264,30,,,1,101,,13260,30,,,1,104,,13257,30,,,1,101,,13269,30,,,1,101,,13262,30,,,1,101,,13267,30,,,1,100,,13258,30,,,1,97,,13259,30,,,1,100,,13271,30,,,1,100,,13263,30,,,1,97,,13268,30,,,1,99,,13265,30,,,1,99,,13266,30,,,1,99,,13270,30,,,1
20100,'H:113:6:Sunday',811,,14400,30,,,1,101,,14402,30,,,1,100,,14403,30,,,1,40,,14401,30,,,1,80,,14404,30,,,1,80,,14399,30,,,1,40,,14405,30,,,1,80,,14406,30,,,1,80,,14407,30,,,1,40,,14408,30,,,1,80,,14410,30,,,1,80,,14411,30,,,1,40,,14412,30,,,1,80,,14414,30,,,1,80,,14415,30,,,1,40,,14416,30,,,1,80,,14417,30,,,1,80,,14418,30,,,1,100,,14409,30,,,1,100,,14413,30,,,1
20100,'H:123:0:Weekday',546,,14423,30,,,1,187,,14424,30,,,1,100,,14425,30,,,1,70,,14426,30,,,1,631,,14427,30,,,1,200,,14434,30,,,1,69,,14428,30,,,1,29,,14429,30,,,1,70,,14430,30,,,1,30,,14419,30,,,1,70,,14421,30,,,1,30,,14420,30,,,1,70,,14422,30,,,1,30,,14431,30,,,1,70,,14432,30,,,1,50,,14433,30,,,1
20100,'H:173:5:Saturday',711,,14447,30,,,1,100,,14437,30,,,1,101,,14446,30,,,1,100,,14438,30,,,1,40,,14439,30,,,1,80,,14444,30,,,1,80,,14445,30,,,1,40,,14436,30,,,1,80,,14448,30,,,1,80,,14440,30,,,1,40,,14435,30,,,1,80,,14449,30,,,1,80,,14441,30,,,1,40,,14443,30,,,1,80,,14452,30,,,1,80,,14453,30,,,1,40,,14454,30,,,1,80,,14451,30,,,1,80,,14455,30,,,1,99,,14442,30,,,1,100,,14450,30,,,1
20100,'KP:323:0:Weekday',627,,14473,30,,,1,76,,14470,30,,,1,100,,14469,30,,,1,130,,14472,30,,,1,70,,14471,30,,,1,30,,14463,30,,,1,70,,14457,30,,,1,30,,14464,30,,,1,70,,14462,30,,,1,30,,14467,30,,,1,70,,14468,30,,,1,30,,14465,30,,,1,70,,14456,30,,,1,30,,14458,30,,,1,70,,14460,30,,,1,101,,14459,30,,,1,30,,14461,30,,,1,70,,14466,30,,,1
20200,'H:113:6:Sunday',741,,14562,40,,,1,100,,14549,40,,,1,101,,14548,40,,,1,90,,14550,40,,,1,80,,14551,40,,,1,40,,14552,40,,,1,80,,14555,40,,,1,81,,14553,40,,,1,40,,14556,40,,,1,80,,14554,40,,,1,79,,14558,40,,,1,40,,14557,40,,,1,80,,14559,40,,,1,80,,14563,40,,,1,40,,14564,40,,,1,80,,14565,40,,,1,80,,14566,40,,,1,40,,14567,40,,,1,90,,14560,40,,,1,100,,14561,40,,,1
20200,'H:123:0:Weekday',452,,14583,1,,,1,74,,14568,40,,,1,81,,14571,40,,,1,40,,14575,40,,,1,71,,14576,40,,,1,130,,14577,40,,,1,70,,14578,40,,,1,530,,14579,40,,,1,171,,14580,40,,,1,31,,14581,40,,,1,70,,14582,40,,,1,127,,14574,40,,,1,70,,14572,40,,,1,30,,14569,40,,,1,70,,14570,40,,,1,30,,14573,40,,,1,70,,14584,40,,,1,30,,14585,40,,,1,74,,14586,40,,,1
20200,'H:173:5:Saturday',610,,14604,40,,,1,30,,14588,40,,,1,100,,14589,40,,,1,101,,14600,40,,,1,100,,14594,40,,,1,91,,14587,40,,,1,80,,14590,40,,,1,40,,14598,40,,,1,80,,14592,40,,,1,80,,14591,40,,,1,40,,14593,40,,,1,80,,14601,40,,,1,80,,14595,40,,,1,40,,14596,40,,,1,80,,14597,40,,,1,80,,14605,40,,,1,40,,14606,40,,,1,80,,14607,40,,,1,80,,14608,40,,,1,40,,14609,40,,,1,89,,14602,40,,,1,100,,14599,40,,,1,99,,14603,40,,,1
20200,'KP:323:0:Weekday',748,,14623,40,,,1,70,,14624,40,,,1,130,,14625,40,,,1,70,,14621,40,,,1,30,,14610,40,,,1,70,,14612,40,,,1,30,,14616,40,,,1,70,,14620,40,,,1,30,,14615,40,,,1,70,,14622,40,,,1,30,,14619,40,,,1,70,,14611,40,,,1,101,,14618,40,,,1,30,,14614,40,,,1,200,,14613,40,,,1,69,,14617,40,,,1
