10900,'H:113:6:Sunday',840,,13231,34,,,1,103,,13235,34,,,1,102,,13226,34,,,1,101,,13227,34,,,1,103,,13238,34,,,1,101,,13229,34,,,1,99,,13234,34,,,1,99,,13228,34,,,1,99,,13230,34,,,1,98,,13237,34,,,1,99,,13233,34,,,1,97,,13236,34,,,1,100,,13232,34,,,1,98,,13239,34,,,1
10900,'H:123:0:Weekday',536,,13253,34,,,1,109,,13247,34,,,1,109,,13243,34,,,1,96,,13249,34,,,1,103,,13256,34,,,1,99,,13241,34,,,1,100,,13255,34,,,1,102,,13254,34,,,1,100,,13246,34,,,1,103,,13252,34,,,1,101,,13244,34,,,1,100,,13248,34,,,1,99,,13251,34,,,1,98,,13245,34,,,1,95,,13242,34,,,1,98,,13240,34,,,1,100,,13250,34,,,1
10900,'H:173:5:Saturday',743,,13261,34,,,1,101,,13264,34,,,1,101,,13260,34,,,1,104,,13257,34,,,1,101,,13269,34,,,1,101,,13262,34,,,1,101,,13267,34,,,1,100,,13258,34,,,1,97,,13259,34,,,1,100,,13271,34,,,1,100,,13263,34,,,1,97,,13268,34,,,1,99,,13265,34,,,1,99,,13266,34,,,1,99,,13270,34,,,1
20100,'H:113:6:Sunday',815,,14400,34,,,1,101,,14402,34,,,1,100,,14403,34,,,1,40,,14401,34,,,1,80,,14404,34,,,1,80,,14399,34,,,1,40,,14405,34,,,1,80,,14406,34,,,1,80,,14407,34,,,1,40,,14408,34,,,1,80,,14410,34,,,1,80,,14411,34,,,1,40,,14412,34,,,1,80,,14414,34,,,1,80,,14415,34,,,1,40,,14416,34,,,1,80,,14417,34,,,1,80,,14418,34,,,1,100,,14409,34,,,1,100,,14413,34,,,1
20100,'H:123:0:Weekday',550,,14423,34,,,1,188,,14424,34,,,1,100,,14425,34,,,1,69,,14426,34,,,1,631,,14427,34,,,1,201,,14434,34,,,1,69,,14428,34,,,1,28,,14429,34,,,1,70,,14430,34,,,1,30,,14419,34,,,1,70,,14421,34,,,1,30,,14420,34,,,1,70,,14422,34,,,1,30,,14431,34,,,1,70,,14432,34,,,1,50,,14433,34,,,1
20100,'H:173:5:Saturday',715,,14447,34,,,1,100,,14437,34,,,1,101,,14446,34,,,1,100,,14438,34,,,1,40,,14439,34,,,1,80,,14444,34,,,1,80,,14445,34,,,1,40,,14436,34,,,1,80,,14448,34,,,1,80,,14440,34,,,1,40,,14435,34,,,1,80,,14449,34,,,1,80,,14441,34,,,1,40,,14443,34,,,1,80,,14452,34,,,1,80,,14453,34,,,1,40,,14454,34,,,1,80,,14451,34,,,1,80,,14455,34,,,1,99,,14442,34,,,1,100,,14450,34,,,1
20100,'KP:323:0:Weekday',632,,14473,34,,,1,76,,14470,34,,,1,100,,14469,34,,,1,129,,14472,34,,,1,70,,14471,34,,,1,30,,14463,34,,,1,70,,14457,34,,,1,30,,14464,34,,,1,70,,14462,34,,,1,30,,14467,34,,,1,70,,14468,34,,,1,30,,14465,34,,,1,70,,14456,34,,,1,30,,14458,34,,,1,70,,14460,34,,,1,102,,14459,34,,,1,30,,14461,34,,,1,70,,14466,34,,,1
20200,'H:113:6:Sunday',745,,14562,44,,,1,100,,14549,44,,,1,101,,14548,44,,,1,90,,14550,44,,,1,80,,14551,44,,,1,40,,14552,44,,,1,80,,14555,44,,,1,81,,14553,44,,,1,40,,14556,44,,,1,80,,14554,44,,,1,79,,14558,44,,,1,40,,14557,44,,,1,80,,14559,44,,,1,80,,14563,44,,,1,40,,14564,44,,,1,80,,14565,44,,,1,80,,14566,44,,,1,40,,14567,44,,,1,90,,14560,44,,,1,100,,14561,44,,,1
20200,'H:123:0:Weekday',456,,14583,5,,,1,74,,14568,44,,,1,81,,14571,44,,,1,40,,14575,44,,,1,71,,14576,44,,,1,131,,14577,44,,,1,70,,14578,44,,,1,530,,14579,44,,,1,171,,14580,44,,,1,31,,14581,44,,,1,70,,14582,44,,,1,126,,14574,44,,,1,70,,14572,44,,,1,30,,14569,44,,,1,70,,14570,44,,,1,30,,14573,44,,,1,70,,14584,44,,,1,30,,14585,44,,,1,74,,14586,44,,,1
20200,'H:173:5:Saturday',614,,14604,44,,,1,30,,14588,44,,,1,100,,14589,44,,,1,101,,14600,44,,,1,100,,14594,44,,,1,91,,14587,44,,,1,80,,14590,44,,,1,40,,14598,44,,,1,80,,14592,44,,,1,80,,14591,44,,,1,40,,14593,44,,,1,80,,14601,44,,,1,80,,14595,44,,,1,40,,14596,44,,,1,80,,14597,44,,,1,80,,14605,44,,,1,40,,14606,44,,,1,80,,14607,44,,,1,80,,14608,44,,,1,40,,14609,44,,,1,89,,14602,44,,,1,100,,14599,44,,,1,99,,14603,44,,,1
20200,'KP:323:0:Weekday',753,,14623,44,,,1,70,,14624,44,,,1,129,,14625,44,,,1,70,,14621,44,,,1,30,,14610,44,,,1,70,,14612,44,,,1,30,,14616,44,,,1,70,,14620,44,,,1,30,,14615,44,,,1,70,,14622,44,,,1,30,,14619,44,,,1,71,,14611,44,,,1,101,,14618,44,,,1,30,,14614,44,,,1,200,,14613,44,,,1,68,,14617,44,,,1
