10901,'H:113:6:Sunday',820,,13272,27,,,1,102,,13284,27,,,1,101,,13276,27,,,1,101,,13281,27,,,1,101,,13273,27,,,1,100,,13274,27,,,1,100,,13282,27,,,1,100,,13277,27,,,1,100,,13280,27,,,1,100,,13275,27,,,1,98,,13278,27,,,1,100,,13283,27,,,1,100,,13279,27,,,1,99,,13285,27,,,1
10901,'H:123:0:Weekday',519,,13287,27,,,1,103,,13297,27,,,1,105,,13298,27,,,1,99,,13301,27,,,1,99,,13303,27,,,1,99,,13293,27,,,1,101,,13296,27,,,1,91,,13292,27,,,1,103,,13291,27,,,1,97,,13302,27,,,1,99,,13295,27,,,1,103,,13290,27,,,1,102,,13300,27,,,1,100,,13294,27,,,1,97,,13299,27,,,1,107,,13288,27,,,1,109,,13289,27,,,1,98,,13286,27,,,1
10901,'H:173:5:Saturday',721,,13304,27,,,1,102,,13317,27,,,1,101,,13310,27,,,1,101,,13315,27,,,1,100,,13306,27,,,1,101,,13305,27,,,1,101,,13318,27,,,1,100,,13309,27,,,1,100,,13313,27,,,1,100,,13307,27,,,1,100,,13308,27,,,1,99,,13316,27,,,1,99,,13311,27,,,1,99,,13314,27,,,1,99,,13312,27,,,1
27000,'H:123:0:Weekday',519,,15088,31,,,1,108,,15089,31,,,1,101,,15090,31,,,1,898,,15087,16,,,1,594,,15091,31,,,1
27100,'H:113:6:Sunday',748,,15096,45,,,1,100,,15097,45,,,1,102,,15107,45,,,1,101,,15098,45,,,1,100,,15099,45,,,1,103,,15100,45,,,1,101,,15101,45,,,1,101,,15102,45,,,1,100,,15109,45,,,1,100,,15103,45,,,1,97,,15104,45,,,1,100,,15105,45,,,1,98,,15106,45,,,1,98,,15108,45,,,1
27100,'H:123:0:Weekday',600,,15111,31,,,1,205,,15112,31,,,1,33,,15113,45,,,1,65,,15110,31,,,1,351,,15114,45,,,1,101,,15123,45,,,1,103,,15116,45,,,1,143,,15117,45,,,1,107,,15115,45,,,1,98,,15118,45,,,1,95,,15120,45,,,1,47,,15121,45,,,1,100,,15122,45,,,1,100,,15119,45,,,1
27100,'H:173:5:Saturday',750,,15133,45,,,1,100,,15125,45,,,1,104,,15134,45,,,1,101,,15126,45,,,1,101,,15132,45,,,1,100,,15124,45,,,1,100,,15131,45,,,1,100,,15127,45,,,1,100,,15135,45,,,1,99,,15128,45,,,1,99,,15130,45,,,1,98,,15129,45,,,1,99,,15136,45,,,1,100,,15137,45,,,1,100,,15138,45,,,1
27100,'KP:323:0:Weekday',703,,15141,31,,,1,251,,15139,45,,,1,101,,15142,45,,,1,99,,15140,45,,,1
90801,'H:123:0:Weekday',1645,,16725,27,,,1,96,,16727,27,,,1,194,,16726,27,,,1
90801,'KP:323:0:Weekday',1823,,16728,27,,,1,77,,16729,27,,,1
