'MCOB-DO:111:6:Sunday:1:25MAR:1234567',10901,83600,4,'',1,10100,4,'',1,10300,4,'',1,10300,4,'',1,10200,4,'',1,10100,4,'',1,9800,4,'',1,9800,4,'',1,10000,4,'',1,10100,4,'',1,9700,4,'',1,9800,4,'',1,10000,4,'',1,9800,4,'',1
'MCOB-DO:111:6:Sunday:2:25MAR:1234567',10901,83600,4,'',1,10100,4,'',1,10300,4,'',1,10300,4,'',1,10200,4,'',1,10100,4,'',1,9800,4,'',1,9800,4,'',1,10000,4,'',1,10100,4,'',1,9700,4,'',1,9800,4,'',1,10000,4,'',1,9800,4,'',1
'MCOB-DO:121:0:Weekday:2:25MAR:12345',10901,54000,4,'',1,10500,4,'',1,10400,4,'',1,9800,4,'',1,10000,4,'',1,9900,4,'',1,9600,4,'',1,10500,4,'',1,10100,4,'',1,10400,4,'',1,10300,4,'',1,10300,4,'',1,14200,4,'',1,5100,4,'',1,8800,4,'',1,9700,4,'',1,9700,4,'',1,9900,4,'',1
'MCOB-DO:121:0:Weekday:3:25MAR:12345',10901,54000,4,'',1,10500,4,'',1,10400,4,'',1,9800,4,'',1,10000,4,'',1,9900,4,'',1,9600,4,'',1,10500,4,'',1,10100,4,'',1,10400,4,'',1,10300,4,'',1,10300,4,'',1,14200,4,'',1,5100,4,'',1,8800,4,'',1,9700,4,'',1,9700,4,'',1,9900,4,'',1
'MCOB-DO:171:5:Saturday:1:25MAR:6',10901,73700,4,'',1,10100,4,'',1,10100,4,'',1,10500,4,'',1,10300,4,'',1,10100,4,'',1,9900,4,'',1,10100,4,'',1,9900,4,'',1,9800,4,'',1,9700,4,'',1,10000,4,'',1,9800,4,'',1,10000,4,'',1,9900,4,'',1
'MCOB-DO:171:5:Saturday:2:25MAR:6',10901,73700,4,'',1,10100,4,'',1,10100,4,'',1,10500,4,'',1,10300,4,'',1,10100,4,'',1,9900,4,'',1,10100,4,'',1,9900,4,'',1,9800,4,'',1,9700,4,'',1,10000,4,'',1,9800,4,'',1,10000,4,'',1,9900,4,'',1
'MCOB-DO:111:6:Sunday:1:25MAR:1234567',20900,83200,4,'',1,10200,4,'',1,10100,4,'',1,10300,4,'',1,10200,4,'',1,10000,4,'',1,10200,4,'',1,10100,4,'',1,10000,4,'',1,10000,4,'',1,9900,4,'',1,9900,4,'',1,9500,4,'',1
'MCOB-DO:111:6:Sunday:2:25MAR:1234567',20900,83200,4,'',1,10200,4,'',1,10100,4,'',1,10300,4,'',1,10200,4,'',1,10000,4,'',1,10200,4,'',1,10100,4,'',1,10000,4,'',1,10000,4,'',1,9900,4,'',1,9900,4,'',1,9500,4,'',1
'MCOB-DO:121:0:Weekday:2:25MAR:12345',20900,63900,4,'',1,10200,4,'',1,9900,4,'',1,9900,4,'',1,10100,4,'',1,10200,4,'',1,10300,4,'',1,9600,4,'',1,10300,4,'',1,10500,4,'',1,9900,4,'',1,9700,4,'',1,9700,4,'',1,9700,4,'',1,10000,4,'',1,9700,4,'',1,9700,4,'',1
'MCOB-DO:121:0:Weekday:3:25MAR:12345',20900,63900,4,'',1,10200,4,'',1,9900,4,'',1,9900,4,'',1,10100,4,'',1,10200,4,'',1,10300,4,'',1,9600,4,'',1,10300,4,'',1,10500,4,'',1,9900,4,'',1,9700,4,'',1,9700,4,'',1,9700,4,'',1,10000,4,'',1,9700,4,'',1,9700,4,'',1
'MCOB-DO:171:5:Saturday:1:25MAR:6',20900,73200,4,'',1,10100,4,'',1,10200,4,'',1,10300,4,'',1,10100,4,'',1,10300,4,'',1,10100,4,'',1,10000,4,'',1,10000,4,'',1,10100,4,'',1,10200,4,'',1,9800,4,'',1,9700,4,'',1,9800,4,'',1,9600,4,'',1
'MCOB-DO:171:5:Saturday:2:25MAR:6',20900,73200,4,'',1,10100,4,'',1,10200,4,'',1,10300,4,'',1,10100,4,'',1,10300,4,'',1,10100,4,'',1,10000,4,'',1,10000,4,'',1,10100,4,'',1,10200,4,'',1,9800,4,'',1,9700,4,'',1,9800,4,'',1,9600,4,'',1
