10201,'Sunday',707,,253,27,4,,1,30,,268,27,4,,1,70,,252,27,4,,1,30,,267,27,4,,1,70,,255,27,4,,1,30,,269,27,4,,1,70,,256,27,4,,1,30,,270,27,4,,1,70,,254,27,4,,1,30,,271,27,4,,1,70,,257,27,4,,1,30,,272,27,4,,1,70,,258,27,4,,1,30,,273,27,4,,1,70,,259,27,4,,1,30,,274,27,4,,1,70,,260,27,4,,1,30,,275,27,4,,1,70,,261,27,4,,1,30,,276,27,4,,1,70,,262,27,4,,1,30,,277,27,4,,1,70,,263,27,4,,1,30,,278,27,4,,1,70,,264,27,4,,1,100,,265,27,4,,1,100,,266,27,4,,1,100,,279,27,4,,1
10201,'Weekday',507,,306,27,4,,1,30,,281,27,4,,1,70,,282,27,4,,1,30,,307,27,4,,1,70,,284,27,4,,1,30,,308,27,4,,1,70,,283,27,4,,1,30,,309,27,4,,1,70,,285,27,4,,1,30,,288,27,4,,1,70,,287,27,4,,1,30,,286,27,4,,1,70,,290,27,4,,1,30,,291,27,4,,1,70,,292,27,4,,1,30,,289,27,4,,1,70,,294,27,4,,1,30,,293,27,4,,1,70,,296,27,4,,1,30,,295,27,4,,1,70,,305,27,4,,1,30,,310,27,4,,1,70,,300,27,4,,1,30,,311,27,4,,1,70,,303,27,4,,1,30,,312,27,4,,1,76,,302,27,4,,1,26,,301,27,4,,1,68,,280,27,4,,1,100,,298,27,4,,1,100,,297,27,4,,1,100,,304,27,4,,1,100,,299,27,4,,1
10201,'Saturday',607,,313,27,4,,1,30,,314,27,4,,1,70,,315,27,4,,1,30,,316,27,4,,1,70,,318,27,4,,1,30,,319,27,4,,1,70,,320,27,4,,1,30,,317,27,4,,1,70,,322,27,4,,1,30,,323,27,4,,1,70,,324,27,4,,1,30,,321,27,4,,1,70,,325,27,4,,1,30,,326,27,4,,1,70,,327,27,4,,1,30,,328,27,4,,1,70,,329,27,4,,1,30,,330,27,4,,1,70,,331,27,4,,1,30,,332,27,4,,1,70,,333,27,4,,1,30,,334,27,4,,1,70,,335,27,4,,1,30,,336,27,4,,1,70,,337,27,4,,1,30,,338,27,4,,1,70,,339,27,4,,1,100,,340,27,4,,1,100,,341,27,4,,1,100,,342,27,4,,1,100,,343,27,4,,1,100,,344,27,4,,1
10300,'Sunday',705,,345,56,4,,1,100,,346,56,4,,1,100,,347,56,4,,1,100,,348,56,4,,1,100,,349,56,4,,1,100,,350,56,4,,1,100,,351,56,4,,1,100,,353,56,4,,1,100,,354,56,4,,1,100,,355,56,4,,1,100,,352,56,4,,1,100,,356,56,4,,1,100,,357,56,4,,1,100,,358,56,4,,1,100,,359,56,4,,1,100,,360,56,4,,1,100,,361,56,4,,1
10300,'Weekday',510,,370,56,4,,1,30,,371,56,4,,1,70,,372,56,4,,1,30,,392,56,4,,1,70,,373,56,4,,1,30,,393,56,4,,1,70,,374,56,4,,1,30,,394,56,4,,1,70,,375,56,4,,1,30,,376,56,4,,1,70,,377,56,4,,1,30,,378,56,4,,1,70,,380,56,4,,1,30,,381,56,4,,1,70,,382,56,4,,1,30,,379,56,4,,1,70,,383,56,4,,1,30,,384,56,4,,1,70,,385,56,4,,1,30,,386,56,4,,1,70,,387,56,4,,1,30,,388,56,4,,1,70,,389,56,4,,1,30,,390,56,4,,1,70,,391,56,4,,1,30,,367,56,4,,1,70,,366,56,4,,1,30,,368,56,4,,1,70,,369,56,4,,1,30,,395,56,4,,1,70,,362,56,4,,1,30,,396,56,4,,1,70,,364,56,4,,1,100,,365,56,4,,1,100,,363,56,4,,1
10300,'Saturday',705,,397,56,4,,1,100,,398,56,4,,1,100,,399,56,4,,1,100,,400,56,4,,1,100,,401,56,4,,1,100,,402,56,4,,1,100,,403,56,4,,1,100,,404,56,4,,1,100,,405,56,4,,1,100,,406,56,4,,1,100,,407,56,4,,1,100,,408,56,4,,1,100,,409,56,4,,1,100,,410,56,4,,1,100,,411,56,4,,1,100,,412,56,4,,1,100,,413,56,4,,1,100,,414,56,4,,1
11401,'Sunday',807,,927,29,4,,1,100,,928,29,4,,1,100,,929,29,4,,1,100,,930,29,4,,1,100,,931,29,4,,1,100,,932,29,4,,1,100,,933,29,4,,1,100,,934,29,4,,1,100,,935,29,4,,1,100,,936,29,4,,1,100,,937,29,4,,1,100,,938,29,4,,1,100,,939,29,4,,1,100,,940,29,4,,1
11401,'Weekday',512,,971,29,4,,1,30,,972,29,4,,1,70,,962,29,4,,1,30,,963,29,4,,1,70,,943,29,4,,1,30,,944,29,4,,1,70,,945,29,4,,1,30,,946,29,4,,1,70,,947,29,4,,1,30,,965,29,4,,1,70,,948,29,4,,1,30,,968,29,4,,1,70,,949,29,4,,1,30,,969,29,4,,1,70,,951,29,4,,1,30,,970,29,4,,1,70,,953,29,4,,1,30,,967,29,4,,1,70,,950,29,4,,1,30,,966,29,4,,1,70,,952,29,4,,1,30,,954,29,4,,1,70,,955,29,4,,1,30,,957,29,4,,1,70,,956,29,4,,1,30,,958,29,4,,1,70,,959,29,4,,1,30,,964,29,4,,1,70,,942,29,4,,1,100,,961,29,4,,1,100,,941,29,4,,1,100,,960,29,4,,1
11401,'Saturday',707,,973,29,4,,1,100,,975,29,4,,1,100,,976,29,4,,1,100,,974,29,4,,1,100,,977,29,4,,1,100,,979,29,4,,1,100,,980,29,4,,1,100,,978,29,4,,1,100,,983,29,4,,1,100,,981,29,4,,1,100,,984,29,4,,1,100,,982,29,4,,1,100,,985,29,4,,1,100,,986,29,4,,1,100,,987,29,4,,1,100,,988,29,4,,1
11700,'Sunday',735,,999,25,4,,1,101,,997,25,4,,1,102,,995,25,4,,1,102,,996,25,4,,1,101,,994,25,4,,1,101,,1002,25,4,,1,100,,992,25,4,,1,70,,1004,25,4,,1,32,,1003,25,4,,1,70,,1005,25,4,,1,30,,1000,25,4,,1,70,,1006,25,4,,1,30,,993,25,4,,1,68,,1007,25,4,,1,35,,1001,25,4,,1,68,,1008,25,4,,1,30,,989,25,4,,1,98,,991,25,4,,1,99,,990,25,4,,1,94,,998,25,4,,1
11700,'Weekday',602,,1009,25,4,,1,25,,1038,25,4,,1,32,,1010,25,4,,1,72,,1011,25,4,,1,71,,1012,25,4,,1,30,,1013,25,4,,1,69,,1014,25,4,,1,30,,1041,25,4,,1,70,,1015,25,4,,1,30,,1040,25,4,,1,70,,1016,25,4,,1,30,,1035,25,4,,1,72,,1017,25,4,,1,30,,1036,25,4,,1,70,,1019,25,4,,1,31,,1042,25,4,,1,71,,1020,25,4,,1,32,,1034,25,4,,1,70,,1021,25,4,,1,36,,1018,25,4,,1,70,,1022,25,4,,1,31,,1023,25,4,,1,68,,1024,25,4,,1,30,,1025,25,4,,1,68,,1026,25,4,,1,28,,1027,25,4,,1,69,,1028,25,4,,1,29,,1029,25,4,,1,69,,1030,25,4,,1,30,,1031,25,4,,1,24,,1039,25,4,,1,66,,1032,25,4,,1,100,,1033,25,4,,1,98,,1037,25,4,,1
11700,'Saturday',635,,1056,25,4,,1,100,,1044,25,4,,1,102,,1052,25,4,,1,103,,1048,25,4,,1,101,,1046,25,4,,1,103,,1050,25,4,,1,102,,1055,25,4,,1,70,,1060,25,4,,1,31,,1047,25,4,,1,69,,1061,25,4,,1,31,,1054,25,4,,1,70,,1062,25,4,,1,35,,1051,25,4,,1,69,,1063,25,4,,1,30,,1053,25,4,,1,68,,1064,25,4,,1,30,,1058,25,4,,1,69,,1065,25,4,,1,30,,1043,25,4,,1,98,,1057,25,4,,1,98,,1045,25,4,,1,95,,1049,25,4,,1,99,,1059,25,4,,1
12000,'Sunday',805,,1260,42,4,,1,100,,1261,42,4,,1,100,,1262,42,4,,1,100,,1259,42,4,,1,100,,1263,42,4,,1,100,,1264,42,4,,1,100,,1265,42,4,,1,100,,1266,42,4,,1,100,,1267,42,4,,1,100,,1268,42,4,,1,100,,1269,42,4,,1,100,,1270,42,4,,1,100,,1258,42,4,,1,100,,1271,42,4,,1
12000,'Weekday',455,,1289,42,4,,1,85,,1290,42,4,,1,70,,1276,42,4,,1,30,,1291,42,4,,1,70,,1274,42,4,,1,30,,1292,42,4,,1,70,,1272,42,4,,1,32,,1293,42,4,,1,70,,1273,42,4,,1,30,,1298,42,4,,1,70,,1275,42,4,,1,30,,1299,42,4,,1,70,,1279,42,4,,1,30,,1300,42,4,,1,70,,1277,42,4,,1,30,,1301,42,4,,1,70,,1280,42,4,,1,30,,1302,42,4,,1,70,,1278,42,4,,1,30,,1303,42,4,,1,70,,1282,42,4,,1,30,,1294,42,4,,1,70,,1283,42,4,,1,30,,1295,42,4,,1,70,,1281,42,4,,1,30,,1296,42,4,,1,70,,1288,42,4,,1,30,,1297,42,4,,1,70,,1286,42,4,,1,98,,1287,42,4,,1,100,,1284,42,4,,1,100,,1285,42,4,,1
12000,'Saturday',605,,1309,42,4,,1,100,,1308,42,4,,1,100,,1312,42,4,,1,100,,1311,42,4,,1,100,,1314,42,4,,1,100,,1313,42,4,,1,100,,1310,42,4,,1,100,,1316,42,4,,1,100,,1317,42,4,,1,100,,1315,42,4,,1,100,,1319,42,4,,1,100,,1318,42,4,,1,100,,1307,42,4,,1,100,,1305,42,4,,1,100,,1304,42,4,,1,100,,1306,42,4,,1,100,,1320,42,4,,1
13001,'Sunday',720,,1574,50,4,,1,100,,1560,50,4,,1,100,,1561,50,4,,1,100,,1562,50,4,,1,100,,1563,50,4,,1,105,,1564,50,4,,1,100,,1565,50,4,,1,100,,1566,50,4,,1,100,,1567,50,4,,1,100,,1568,50,4,,1,100,,1569,50,4,,1,100,,1571,50,4,,1,95,,1570,50,4,,1,95,,1572,50,4,,1,100,,1573,50,4,,1
13001,'Weekday',505,,1597,50,4,,1,30,,1599,50,4,,1,70,,1582,50,4,,1,30,,1600,50,4,,1,70,,1583,50,4,,1,30,,1576,50,4,,1,70,,1584,50,4,,1,30,,1578,50,4,,1,70,,1585,50,4,,1,30,,1601,50,4,,1,70,,1575,50,4,,1,30,,1602,50,4,,1,70,,1593,50,4,,1,30,,1603,50,4,,1,70,,1591,50,4,,1,30,,1604,50,4,,1,70,,1589,50,4,,1,30,,1605,50,4,,1,70,,1590,50,4,,1,30,,1606,50,4,,1,70,,1592,50,4,,1,30,,1587,50,4,,1,70,,1596,50,4,,1,30,,1588,50,4,,1,70,,1595,50,4,,1,30,,1577,50,4,,1,70,,1586,50,4,,1,30,,1579,50,4,,1,70,,1594,50,4,,1,100,,1580,50,4,,1,105,,1581,50,4,,1,95,,1598,50,4,,1
13001,'Saturday',620,,1623,50,4,,1,100,,1607,50,4,,1,100,,1608,50,4,,1,100,,1609,50,4,,1,100,,1610,50,4,,1,100,,1611,50,4,,1,105,,1612,50,4,,1,100,,1613,50,4,,1,100,,1614,50,4,,1,100,,1615,50,4,,1,100,,1616,50,4,,1,100,,1617,50,4,,1,100,,1618,50,4,,1,95,,1619,50,4,,1,95,,1620,50,4,,1,100,,1621,50,4,,1,100,,1622,50,4,,1
20100,'Sunday',825,,1758,37,4,,1,101,,1760,37,4,,1,101,,1761,37,4,,1,80,,1759,37,4,,1,40,,1762,37,4,,1,81,,1757,37,4,,1,80,,1763,37,4,,1,40,,1764,37,4,,1,80,,1765,37,4,,1,80,,1766,37,4,,1,40,,1768,37,4,,1,80,,1769,37,4,,1,80,,1770,37,4,,1,40,,1772,37,4,,1,79,,1773,37,4,,1,79,,1774,37,4,,1,40,,1775,37,4,,1,80,,1776,37,4,,1,100,,1767,37,4,,1,100,,1771,37,4,,1
20100,'Weekday',602,,1781,37,4,,1,44,,1782,37,4,,1,78,,1783,37,4,,1,31,,1784,37,4,,1,70,,1785,37,4,,1,29,,1786,37,4,,1,68,,1787,37,4,,1,29,,1788,37,4,,1,70,,1789,37,4,,1,29,,1790,37,4,,1,70,,1791,37,4,,1,30,,1792,37,4,,1,70,,1793,37,4,,1,30,,1794,37,4,,1,70,,1795,37,4,,1,30,,1796,37,4,,1,70,,1797,37,4,,1,31,,1798,37,4,,1,70,,1799,37,4,,1,33,,1800,37,4,,1,71,,1801,37,4,,1,30,,1802,37,4,,1,69,,1803,37,4,,1,30,,1804,37,4,,1,68,,1805,37,4,,1,28,,1806,37,4,,1,70,,1807,37,4,,1,29,,1777,37,4,,1,70,,1779,37,4,,1,29,,1778,37,4,,1,70,,1780,37,4,,1,30,,1808,37,4,,1,69,,1809,37,4,,1,90,,1810,37,4,,1
20100,'Saturday',725,,1823,37,4,,1,100,,1814,37,4,,1,102,,1822,37,4,,1,101,,1813,37,4,,1,80,,1815,37,4,,1,40,,1820,37,4,,1,80,,1821,37,4,,1,81,,1812,37,4,,1,40,,1824,37,4,,1,80,,1816,37,4,,1,80,,1811,37,4,,1,40,,1825,37,4,,1,80,,1817,37,4,,1,80,,1819,37,4,,1,40,,1827,37,4,,1,80,,1828,37,4,,1,79,,1829,37,4,,1,40,,1830,37,4,,1,79,,1831,37,4,,1,99,,1818,37,4,,1,100,,1826,37,4,,1
20200,'Sunday',756,,1919,47,4,,1,100,,1906,47,4,,1,101,,1905,47,4,,1,91,,1907,47,4,,1,80,,1908,47,4,,1,80,,1909,47,4,,1,40,,1912,47,4,,1,81,,1910,47,4,,1,80,,1913,47,4,,1,40,,1911,47,4,,1,79,,1915,47,4,,1,80,,1914,47,4,,1,40,,1916,47,4,,1,80,,1920,47,4,,1,80,,1921,47,4,,1,39,,1922,47,4,,1,80,,1923,47,4,,1,80,,1924,47,4,,1,50,,1917,47,4,,1,100,,1918,47,4,,1
20200,'Weekday',505,,1956,8,4,,1,37,,1925,47,4,,1,81,,1928,47,4,,1,82,,1933,47,4,,1,34,,1934,47,4,,1,71,,1935,47,4,,1,30,,1936,47,4,,1,68,,1937,47,4,,1,29,,1938,47,4,,1,69,,1939,47,4,,1,29,,1940,47,4,,1,70,,1941,47,4,,1,30,,1943,47,4,,1,70,,1944,47,4,,1,30,,1945,47,4,,1,70,,1942,47,4,,1,30,,1947,47,4,,1,70,,1948,47,4,,1,32,,1949,47,4,,1,70,,1946,47,4,,1,31,,1950,47,4,,1,72,,1951,47,4,,1,30,,1952,47,4,,1,71,,1953,47,4,,1,30,,1954,47,4,,1,67,,1955,47,4,,1,27,,1931,47,4,,1,69,,1932,47,4,,1,30,,1929,47,4,,1,69,,1926,47,4,,1,29,,1927,47,4,,1,70,,1930,47,4,,1,30,,1957,47,4,,1,70,,1958,47,4,,1,34,,1959,47,4,,1
20200,'Saturday',626,,1977,47,4,,1,30,,1961,47,4,,1,100,,1962,47,4,,1,101,,1973,47,4,,1,100,,1967,47,4,,1,91,,1960,47,4,,1,80,,1963,47,4,,1,81,,1971,47,4,,1,40,,1965,47,4,,1,80,,1964,47,4,,1,80,,1966,47,4,,1,40,,1974,47,4,,1,80,,1968,47,4,,1,80,,1969,47,4,,1,40,,1970,47,4,,1,80,,1978,47,4,,1,80,,1979,47,4,,1,39,,1980,47,4,,1,80,,1981,47,4,,1,80,,1982,47,4,,1,49,,1975,47,4,,1,100,,1972,47,4,,1,99,,1976,47,4,,1
