10900,'Sunday',844,,9016,36,4,,1,103,,9020,36,4,,1,102,,9011,36,4,,1,101,,9012,36,4,,1,103,,9023,36,4,,1,101,,9014,36,4,,1,99,,9019,36,4,,1,99,,9013,36,4,,1,99,,9015,36,4,,1,98,,9022,36,4,,1,99,,9018,36,4,,1,97,,9021,36,4,,1,100,,9017,36,4,,1,98,,9024,36,4,,1
10900,'Weekday',540,,9038,36,4,,1,109,,9032,36,4,,1,151,,9028,36,4,,1,55,,9034,36,4,,1,103,,9041,36,4,,1,99,,9026,36,4,,1,100,,9040,36,4,,1,102,,9039,36,4,,1,100,,9031,36,4,,1,143,,9037,36,4,,1,101,,9029,36,4,,1,101,,9033,36,4,,1,99,,9036,36,4,,1,97,,9030,36,4,,1,54,,9027,36,4,,1,98,,9025,36,4,,1,100,,9035,36,4,,1
10900,'Saturday',747,,9046,36,4,,1,102,,9049,36,4,,1,101,,9045,36,4,,1,104,,9042,36,4,,1,101,,9054,36,4,,1,101,,9047,36,4,,1,101,,9052,36,4,,1,100,,9043,36,4,,1,97,,9044,36,4,,1,100,,9056,36,4,,1,100,,9048,36,4,,1,96,,9053,36,4,,1,99,,9050,36,4,,1,99,,9051,36,4,,1,99,,9055,36,4,,1
11201,'Sunday',724,,9200,37,4,,1,30,,9214,37,4,,1,70,,9201,37,4,,1,30,,9215,37,4,,1,71,,9202,37,4,,1,30,,9216,37,4,,1,71,,9199,37,4,,1,31,,9217,37,4,,1,70,,9203,37,4,,1,30,,9218,37,4,,1,70,,9204,37,4,,1,30,,9220,37,4,,1,71,,9205,37,4,,1,30,,9221,37,4,,1,70,,9206,37,4,,1,30,,9222,37,4,,1,70,,9208,37,4,,1,30,,9219,37,4,,1,70,,9210,37,4,,1,30,,9223,37,4,,1,70,,9211,37,4,,1,29,,9224,37,4,,1,70,,9207,37,4,,1,100,,9212,37,4,,1,99,,9209,37,4,,1,99,,9213,37,4,,1
11201,'Weekday',533,,9242,37,4,,1,70,,9246,37,4,,1,31,,9238,37,4,,1,71,,9253,37,4,,1,30,,9227,37,4,,1,20,,9255,37,4,,1,60,,9258,37,4,,1,21,,9230,37,4,,1,21,,9254,37,4,,1,60,,9259,37,4,,1,20,,9226,37,4,,1,70,,9251,37,4,,1,30,,9228,37,4,,1,70,,9243,37,4,,1,30,,9240,37,4,,1,70,,9247,37,4,,1,30,,9239,37,4,,1,71,,9244,37,4,,1,30,,9241,37,4,,1,71,,9245,37,4,,1,30,,9232,37,4,,1,61,,9248,37,4,,1,20,,9260,37,4,,1,20,,9237,37,4,,1,62,,9257,37,4,,1,20,,9261,37,4,,1,20,,9229,37,4,,1,61,,9252,37,4,,1,20,,9262,37,4,,1,20,,9231,37,4,,1,59,,9256,37,4,,1,20,,9263,37,4,,1,19,,9225,37,4,,1,68,,9249,37,4,,1,29,,9234,37,4,,1,69,,9250,37,4,,1,30,,9235,37,4,,1,99,,9233,37,4,,1,100,,9236,37,4,,1
11201,'Saturday',725,,9265,37,4,,1,30,,9281,37,4,,1,70,,9264,37,4,,1,30,,9285,37,4,,1,71,,9268,37,4,,1,30,,9284,37,4,,1,71,,9266,37,4,,1,30,,9286,37,4,,1,72,,9267,37,4,,1,30,,9280,37,4,,1,70,,9274,37,4,,1,30,,9289,37,4,,1,70,,9275,37,4,,1,30,,9287,37,4,,1,70,,9272,37,4,,1,30,,9288,37,4,,1,70,,9269,37,4,,1,30,,9283,37,4,,1,70,,9270,37,4,,1,30,,9290,37,4,,1,70,,9271,37,4,,1,30,,9282,37,4,,1,70,,9273,37,4,,1,29,,9279,37,4,,1,69,,9276,37,4,,1,100,,9277,37,4,,1,100,,9278,37,4,,1
11901,'Sunday',838,,9628,47,4,,1,102,,9627,47,4,,1,101,,9629,47,4,,1,101,,9630,47,4,,1,102,,9631,47,4,,1,100,,9632,47,4,,1,100,,9633,47,4,,1,100,,9634,47,4,,1,100,,9635,47,4,,1,99,,9636,47,4,,1,98,,9637,47,4,,1,99,,9638,47,4,,1,99,,9639,47,4,,1
11901,'Weekday',620,,9656,47,4,,1,31,,9657,47,4,,1,75,,9640,47,4,,1,75,,9658,47,4,,1,30,,9643,47,4,,1,70,,9659,47,4,,1,29,,9641,47,4,,1,70,,9663,47,4,,1,30,,9642,47,4,,1,29,,9664,47,4,,1,70,,9645,47,4,,1,71,,9665,47,4,,1,31,,9644,47,4,,1,71,,9666,47,4,,1,31,,9646,47,4,,1,72,,9667,47,4,,1,38,,9649,47,4,,1,64,,9668,47,4,,1,30,,9650,47,4,,1,70,,9660,47,4,,1,30,,9648,47,4,,1,70,,9661,47,4,,1,30,,9652,47,4,,1,68,,9662,47,4,,1,30,,9651,47,4,,1,96,,9647,47,4,,1,98,,9655,47,4,,1,97,,9653,47,4,,1,99,,9654,47,4,,1
11901,'Saturday',637,,9672,47,4,,1,100,,9673,47,4,,1,101,,9669,47,4,,1,103,,9671,47,4,,1,104,,9674,47,4,,1,101,,9676,47,4,,1,100,,9670,47,4,,1,100,,9679,47,4,,1,100,,9675,47,4,,1,100,,9680,47,4,,1,100,,9677,47,4,,1,99,,9683,47,4,,1,100,,9684,47,4,,1,97,,9678,47,4,,1,100,,9681,47,4,,1,98,,9682,47,4,,1
12101,'Sunday',732,,9866,34,4,,1,101,,9867,34,4,,1,102,,9868,34,4,,1,100,,9869,34,4,,1,102,,9870,34,4,,1,101,,9871,34,4,,1,100,,9872,34,4,,1,100,,9873,34,4,,1,100,,9874,34,4,,1,99,,9875,34,4,,1,99,,9876,34,4,,1,99,,9877,34,4,,1,100,,9878,34,4,,1,99,,9879,34,4,,1
12101,'Weekday',530,,9897,34,4,,1,70,,9880,34,4,,1,28,,9895,34,4,,1,25,,9900,34,4,,1,68,,9904,34,4,,1,26,,9902,34,4,,1,67,,9905,34,4,,1,25,,9894,34,4,,1,69,,9888,34,4,,1,95,,9896,34,4,,1,55,,9898,34,4,,1,90,,9899,34,4,,1,90,,9889,34,4,,1,90,,9890,34,4,,1,92,,9901,34,4,,1,97,,9883,34,4,,1,34,,9892,34,4,,1,72,,9903,34,4,,1,33,,9886,34,4,,1,74,,9884,34,4,,1,29,,9891,34,4,,1,67,,9881,34,4,,1,31,,9882,34,4,,1,67,,9893,34,4,,1,29,,9907,34,4,,1,92,,9885,34,4,,1,99,,9887,34,4,,1,99,,9906,34,4,,1
12101,'Saturday',630,,9908,34,4,,1,100,,9909,34,4,,1,104,,9910,34,4,,1,101,,9911,34,4,,1,102,,9912,34,4,,1,101,,9913,34,4,,1,102,,9914,34,4,,1,100,,9915,34,4,,1,100,,9916,34,4,,1,100,,9917,34,4,,1,100,,9918,34,4,,1,100,,9919,34,4,,1,97,,9920,34,4,,1,99,,9921,34,4,,1,98,,9922,34,4,,1
