'MCOB-DO:113:6:Sunday:2:24MAR:1234567',10100,72600,4,'',1,10000,4,'',1,10300,4,'',1,10200,4,'',1,10100,4,'',1,10100,4,'',1,10000,4,'',1,10100,4,'',1,10000,4,'',1,10000,4,'',1,9900,4,'',1,9700,4,'',1,9900,4,'',1,9800,4,'',1,9900,4,'',1
'MCOB-DO:113:6:Sunday:3:24MAR:1234567',10100,72600,4,'',1,10000,4,'',1,10300,4,'',1,10200,4,'',1,10100,4,'',1,10100,4,'',1,10000,4,'',1,10100,4,'',1,10000,4,'',1,10000,4,'',1,9900,4,'',1,9700,4,'',1,9900,4,'',1,9800,4,'',1,9900,4,'',1
'MCOB-DO:123:0:Weekday:3:24MAR:12345',10100,54700,4,'',1,7400,4,'',1,3500,4,'',1,7200,4,'',1,3000,4,'',1,7200,4,'',1,7000,4,'',1,3000,4,'',1,2900,4,'',1,7000,4,'',1,2900,4,'',1,7000,4,'',1,3000,4,'',1,7000,4,'',1,7200,4,'',1,3000,4,'',1,7100,4,'',1,3000,4,'',1,7400,4,'',1,3000,4,'',1,7000,4,'',1,3000,4,'',1,6800,4,'',1,3000,4,'',1,6900,4,'',1,3000,4,'',1,6800,4,'',1,2900,4,'',1,2700,4,'',1,7000,4,'',1,9600,4,'',1,10000,4,'',1,9800,4,'',1
'MCOB-DO:123:0:Weekday:4:24MAR:12345',10100,54700,4,'',1,7400,4,'',1,3500,4,'',1,7200,4,'',1,3000,4,'',1,7200,4,'',1,7000,4,'',1,3000,4,'',1,2900,4,'',1,7000,4,'',1,2900,4,'',1,7000,4,'',1,3000,4,'',1,7000,4,'',1,7200,4,'',1,3000,4,'',1,7100,4,'',1,3000,4,'',1,7400,4,'',1,3000,4,'',1,7000,4,'',1,3000,4,'',1,6800,4,'',1,3000,4,'',1,6900,4,'',1,3000,4,'',1,6800,4,'',1,2900,4,'',1,2700,4,'',1,7000,4,'',1,9600,4,'',1,10000,4,'',1,9800,4,'',1
'MCOB-DO:173:5:Saturday:2:24MAR:6',10100,62300,4,'',1,10200,4,'',1,10300,4,'',1,10300,4,'',1,10300,4,'',1,10200,4,'',1,10000,4,'',1,10000,4,'',1,9900,4,'',1,10000,4,'',1,9900,4,'',1,10000,4,'',1,9700,4,'',1,10000,4,'',1,9700,4,'',1,9900,4,'',1
'MCOB-DO:173:5:Saturday:3:24MAR:6',10100,62300,4,'',1,10200,4,'',1,10300,4,'',1,10300,4,'',1,10300,4,'',1,10200,4,'',1,10000,4,'',1,10000,4,'',1,9900,4,'',1,10000,4,'',1,9900,4,'',1,10000,4,'',1,9700,4,'',1,10000,4,'',1,9700,4,'',1,9900,4,'',1
'MCOB-DO:113:6:Sunday:2:24MAR:1234567',11400,73500,4,'',1,10100,4,'',1,10100,4,'',1,10100,4,'',1,10000,4,'',1,10100,4,'',1,10000,4,'',1,10000,4,'',1,10000,4,'',1,10000,4,'',1,10000,4,'',1,10000,4,'',1,9700,4,'',1,10000,4,'',1
'MCOB-DO:113:6:Sunday:3:24MAR:1234567',11400,73500,4,'',1,10100,4,'',1,10100,4,'',1,10100,4,'',1,10000,4,'',1,10100,4,'',1,10000,4,'',1,10000,4,'',1,10000,4,'',1,10000,4,'',1,10000,4,'',1,10000,4,'',1,9700,4,'',1,10000,4,'',1
'MCOB-DO:123:0:Weekday:3:24MAR:12345',11400,54300,4,'',1,7000,4,'',1,3100,4,'',1,7200,4,'',1,3000,4,'',1,7000,4,'',1,3000,4,'',1,7000,4,'',1,3000,4,'',1,7000,4,'',1,3000,4,'',1,7100,4,'',1,3000,4,'',1,7100,4,'',1,3000,4,'',1,7000,4,'',1,3000,4,'',1,7500,4,'',1,2500,4,'',1,7000,4,'',1,3000,4,'',1,7000,4,'',1,3000,4,'',1,7000,4,'',1,3000,4,'',1,7000,4,'',1,2900,4,'',1,6700,4,'',1,3000,4,'',1,9900,4,'',1,9900,4,'',1,9900,4,'',1
'MCOB-DO:123:0:Weekday:4:24MAR:12345',11400,54300,4,'',1,7000,4,'',1,3100,4,'',1,7200,4,'',1,3000,4,'',1,7000,4,'',1,3000,4,'',1,7000,4,'',1,3000,4,'',1,7000,4,'',1,3000,4,'',1,7100,4,'',1,3000,4,'',1,7100,4,'',1,3000,4,'',1,7000,4,'',1,3000,4,'',1,7500,4,'',1,2500,4,'',1,7000,4,'',1,3000,4,'',1,7000,4,'',1,3000,4,'',1,7000,4,'',1,3000,4,'',1,7000,4,'',1,2900,4,'',1,6700,4,'',1,3000,4,'',1,9900,4,'',1,9900,4,'',1,9900,4,'',1
'MCOB-DO:173:5:Saturday:2:24MAR:6',11400,63500,4,'',1,10100,4,'',1,10100,4,'',1,10100,4,'',1,10100,4,'',1,10100,4,'',1,10000,4,'',1,10100,4,'',1,10000,4,'',1,10000,4,'',1,9900,4,'',1,10000,4,'',1,10000,4,'',1,9700,4,'',1,10000,4,'',1,9900,4,'',1,10000,4,'',1
'MCOB-DO:173:5:Saturday:3:24MAR:6',11400,63500,4,'',1,10100,4,'',1,10100,4,'',1,10100,4,'',1,10100,4,'',1,10100,4,'',1,10000,4,'',1,10100,4,'',1,10000,4,'',1,10000,4,'',1,9900,4,'',1,10000,4,'',1,10000,4,'',1,9700,4,'',1,10000,4,'',1,9900,4,'',1,10000,4,'',1
