10901,'H:113:6:Sunday',837,,13272,39,,,1,102,,13284,39,,,1,103,,13276,39,,,1,102,,13281,39,,,1,102,,13273,39,,,1,101,,13274,39,,,1,99,,13282,39,,,1,99,,13277,39,,,1,100,,13280,39,,,1,100,,13275,39,,,1,97,,13278,39,,,1,98,,13283,39,,,1,100,,13279,39,,,1,99,,13285,39,,,1
10901,'H:123:0:Weekday',537,,13287,39,,,1,103,,13297,39,,,1,108,,13298,39,,,1,96,,13301,39,,,1,99,,13303,39,,,1,99,,13293,39,,,1,101,,13296,39,,,1,95,,13292,39,,,1,104,,13291,39,,,1,99,,13302,39,,,1,100,,13295,39,,,1,102,,13290,39,,,1,102,,13300,39,,,1,97,,13294,39,,,1,94,,13299,39,,,1,107,,13288,39,,,1,108,,13289,39,,,1,97,,13286,39,,,1
10901,'H:173:5:Saturday',738,,13304,39,,,1,102,,13317,39,,,1,102,,13310,39,,,1,105,,13315,39,,,1,100,,13306,39,,,1,102,,13305,39,,,1,100,,13318,39,,,1,100,,13309,39,,,1,100,,13313,39,,,1,98,,13307,39,,,1,100,,13308,39,,,1,98,,13316,39,,,1,98,,13311,39,,,1,99,,13314,39,,,1,99,,13312,39,,,1
28000,'H:113:6:Sunday',827,,15188,39,,,1,101,,15189,39,,,1,100,,15190,39,,,1,100,,15191,39,,,1,100,,15199,39,,,1,100,,15193,39,,,1,100,,15192,39,,,1,100,,15194,39,,,1,100,,15195,39,,,1,99,,15196,39,,,1,100,,15200,39,,,1,100,,15198,39,,,1,100,,15197,39,,,1
28000,'H:123:0:Weekday',526,,15201,39,,,1,180,,15213,16,,,1,33,,15202,39,,,1,99,,15204,39,,,1,71,,15217,16,,,1,29,,15205,39,,,1,100,,15218,39,,,1,101,,15203,39,,,1,200,,15206,39,,,1,178,,15216,16,,,1,23,,15207,39,,,1,76,,15215,16,,,1,100,,15214,16,,,1,28,,15209,39,,,1,94,,15210,39,,,1,93,,15211,39,,,1,100,,15208,39,,,1,99,,15212,39,,,1
28000,'H:173:5:Saturday',726,,15231,39,,,1,100,,15219,39,,,1,100,,15227,39,,,1,102,,15220,39,,,1,101,,15229,39,,,1,101,,15230,39,,,1,100,,15221,39,,,1,99,,15222,39,,,1,100,,15224,39,,,1,99,,15223,39,,,1,100,,15225,39,,,1,100,,15226,39,,,1,99,,15228,39,,,1,100,,15232,39,,,1
28000,'KP:323:0:Weekday',631,,15238,39,,,1,178,,15237,16,,,1,430,,15233,39,,,1,176,,15234,16,,,1,25,,15236,39,,,1,199,,15235,39,,,1
28001,'H:113:6:Sunday',745,,15240,16,,,1,100,,15239,16,,,1,101,,15241,16,,,1,100,,15250,16,,,1,100,,15242,16,,,1,100,,15243,16,,,1,100,,15244,16,,,1,100,,15245,16,,,1,100,,15246,16,,,1,100,,15251,16,,,1,100,,15248,16,,,1,100,,15247,16,,,1,100,,15249,16,,,1
28001,'H:123:0:Weekday',615,,15253,16,,,1,100,,15252,16,,,1,101,,15254,16,,,1,25,,15265,16,0,8 7,1,75,,15268,16,,,1,100,,15255,16,,,1,201,,15256,16,,,1,201,,15257,16,,,1,20,,15267,16,0,8 7,1,101,,15264,16,0,8 7,1,76,,15263,16,,,1,25,,15258,16,0,8 7,1,75,,15259,16,,,1,99,,15260,16,,,1,24,,15266,16,0,8 7,1,74,,15261,16,,,1,104,,15262,16,,,1
28001,'H:173:5:Saturday',745,,15277,16,,,1,100,,15269,16,,,1,100,,15280,16,,,1,102,,15275,16,,,1,100,,15278,16,,,1,100,,15276,16,,,1,100,,15274,16,,,1,100,,15271,16,,,1,100,,15273,16,,,1,100,,15270,16,,,1,100,,15272,16,,,1,99,,15279,16,,,1,100,,15281,16,,,1
28001,'KP:323:0:Weekday',740,,15286,16,0,8 7,1,377,,15282,16,,,1,201,,15285,16,,,1,195,,15283,16,,,1,227,,15284,16,0,8 7,1
90300,'H:123:0:Weekday',456,,16637,5,,,1
90300,'KP:323:0:Weekday',530,,16639,5,,,1,27,,16640,5,,,1,65,,16641,5,,,1,32,,16638,5,,,1,74,,16642,5,,,1,80,,16643,5,,,1
