27000,'MCOB-DO:123:0:Weekday:1:25SEP:12345',537,,2444,4,,1,113,,2445,4,,1,105,,2446,4,,1,894,,2443,4,,1,601,,2447,4,,1
27100,'MCOB-DO:113:6:Sunday:1:25SEP:1234567',806,,2452,4,,1,100,,2453,4,,1,102,,2463,4,,1,101,,2454,4,,1,103,,2455,4,,1,102,,2456,4,,1,101,,2457,4,,1,101,,2458,4,,1,100,,2465,4,,1,100,,2459,4,,1,97,,2460,4,,1,95,,2461,4,,1,98,,2462,4,,1,100,,2464,4,,1
27100,'MCOB-DO:123:0:Weekday:1:25SEP:12345',618,,2467,4,,1,110,,2468,4,,1,98,,2469,4,,1,33,,2470,4,,1,66,,2466,4,,1,90,,2471,4,,1,101,,2472,4,,1,102,,2473,4,,1,100,,2474,4,,1,102,,2476,4,,1,105,,2477,4,,1,101,,2478,4,,1,110,,2475,4,,1,91,,2479,4,,1,96,,2481,4,,1,87,,2482,4,,1,100,,2483,4,,1,100,,2480,4,,1
27100,'MCOB-DO:173:5:Saturday:1:25SEP:6',809,,2493,4,,1,100,,2485,4,,1,105,,2494,4,,1,102,,2486,4,,1,103,,2492,4,,1,100,,2484,4,,1,100,,2491,4,,1,101,,2487,4,,1,100,,2495,4,,1,99,,2488,4,,1,99,,2490,4,,1,95,,2489,4,,1,97,,2496,4,,1,100,,2497,4,,1,100,,2498,4,,1
28000,'MCOB-DO:113:6:Sunday:1:25SEP:1234567',844,,2544,4,,1,101,,2545,4,,1,101,,2546,4,,1,103,,2547,4,,1,100,,2555,4,,1,100,,2549,4,,1,100,,2548,4,,1,100,,2550,4,,1,99,,2551,4,,1,99,,2552,4,,1,98,,2556,4,,1,100,,2554,4,,1,100,,2553,4,,1
28000,'MCOB-DO:123:0:Weekday:1:25SEP:12345',544,,2557,4,,1,110,,2558,4,,1,74,,2575,4,,1,79,,2559,4,,1,25,,2574,4,,1,27,,2561,4,,1,70,,2580,4,,1,29,,2562,4,,1,100,,2563,4,,1,101,,2560,4,,1,141,,2564,4,,1,101,,2566,4,,1,36,,2576,4,,1,66,,2567,4,,1,36,,2579,4,,1,64,,2568,4,,1,35,,2578,4,,1,64,,2565,4,,1,35,,2577,4,,1,69,,2570,4,,1,53,,2571,4,,1,90,,2572,4,,1,100,,2569,4,,1,99,,2573,4,,1
28000,'MCOB-DO:173:5:Saturday:1:25SEP:6',745,,2593,4,,1,101,,2581,4,,1,100,,2589,4,,1,103,,2582,4,,1,101,,2591,4,,1,101,,2592,4,,1,100,,2583,4,,1,99,,2584,4,,1,100,,2586,4,,1,99,,2585,4,,1,100,,2587,4,,1,99,,2588,4,,1,97,,2590,4,,1,100,,2594,4,,1
51001,'KPOB-CS:223:1:Mon-Wed:1:25SEP:123',1504,,2696,4,,1,20,,2682,4,,1,33,,2686,4,,1,64,,2684,4,,1,17,,2693,4,,1,20,,2688,4,,1,56,,2683,4,,1,15,,2681,4,,1,15,,2685,4,,1,15,,2687,4,,1,50,,2689,4,,1,12,,2692,4,,1,12,,2690,4,,1,10,,2695,4,,1,16,,2694,4,,1,63,,2691,4,,1
51001,'KPOB-CS:253:2:Thu-Fri:1:25SEP:45',1504,,2712,4,,1,20,,2698,4,,1,33,,2702,4,,1,64,,2700,4,,1,17,,2709,4,,1,20,,2704,4,,1,56,,2699,4,,1,15,,2697,4,,1,15,,2701,4,,1,15,,2703,4,,1,50,,2705,4,,1,12,,2708,4,,1,12,,2706,4,,1,10,,2711,4,,1,16,,2710,4,,1,63,,2707,4,,1
51201,'KPOB-CS:213:6:Sunday:1:25SEP:1234567',634,,3066,4,,1,15,,3021,4,,1,55,,3015,4,,1,15,,3010,4,,1,15,,3006,4,,1,15,,3067,4,,1,55,,3022,4,,1,15,,3016,4,,1,15,,3011,4,,1,15,,3027,4,,1,55,,3068,4,,1,15,,3007,4,,1,15,,3023,4,,1,15,,3017,4,,1,55,,3028,4,,1,15,,3012,4,,1,15,,3048,4,,1,16,,3069,4,,1,55,,3008,4,,1,15,,3024,4,,1,15,,3018,4,,1,15,,3029,4,,1,55,,3013,4,,1,15,,3049,4,,1,16,,3070,4,,1,15,,3009,4,,1,55,,3025,4,,1,15,,3019,4,,1,15,,3030,4,,1,15,,3014,4,,1,55,,3050,4,,1,15,,3071,4,,1,15,,3026,4,,1,15,,3020,4,,1,55,,3059,4,,1,15,,3043,4,,1,15,,3051,4,,1,15,,3037,4,,1,55,,3031,4,,1,15,,3002,4,,1,15,,3053,4,,1,14,,3060,4,,1,55,,3044,4,,1,15,,3052,4,,1,15,,3038,4,,1,15,,3032,4,,1,55,,3003,4,,1,15,,3054,4,,1,15,,3061,4,,1,15,,3045,4,,1,55,,3039,4,,1,15,,3033,4,,1,15,,3004,4,,1,14,,3055,4,,1,55,,3062,4,,1,15,,3046,4,,1,15,,3040,4,,1,15,,3034,4,,1,55,,3005,4,,1,15,,3056,4,,1,15,,3063,4,,1,15,,3047,4,,1,55,,3041,4,,1,26,,3035,4,,1,74,,3057,4,,1,35,,3064,4,,1,72,,3036,4,,1,32,,3042,4,,1,72,,3058,4,,1,29,,3065,4,,1
51201,'KPOB-CS:223:1:Mon-Wed:1:25SEP:123',535,,3096,4,,1,21,,3140,4,,1,65,,3139,4,,1,20,,3088,4,,1,18,,3099,4,,1,47,,3132,4,,1,16,,3081,4,,1,15,,3090,4,,1,15,,3134,4,,1,55,,3104,4,,1,15,,3097,4,,1,15,,3100,4,,1,15,,3080,4,,1,55,,3089,4,,1,14,,3133,4,,1,15,,3129,4,,1,15,,3136,4,,1,55,,3103,4,,1,15,,3110,4,,1,15,,3079,4,,1,15,,3130,4,,1,55,,3142,4,,1,16,,3141,4,,1,15,,3135,4,,1,15,,3131,4,,1,55,,3092,4,,1,16,,3143,4,,1,15,,3074,4,,1,15,,3137,4,,1,55,,3078,4,,1,16,,3091,4,,1,15,,3127,4,,1,16,,3075,4,,1,55,,3105,4,,1,15,,3138,4,,1,25,,3077,4,,1,56,,3093,4,,1,15,,3125,4,,1,13,,3076,4,,1,18,,3073,4,,1,53,,3144,4,,1,15,,3083,4,,1,16,,3094,4,,1,15,,3128,4,,1,56,,3111,4,,1,19,,3082,4,,1,15,,3072,4,,1,14,,3145,4,,1,55,,3084,4,,1,14,,3095,4,,1,15,,3112,4,,1,14,,3120,4,,1,53,,3101,4,,1,13,,3087,4,,1,14,,3098,4,,1,17,,3113,4,,1,53,,3086,4,,1,18,,3102,4,,1,15,,3122,4,,1,15,,3123,4,,1,55,,3126,4,,1,14,,3115,4,,1,15,,3085,4,,1,15,,3106,4,,1,55,,3119,4,,1,15,,3124,4,,1,14,,3116,4,,1,67,,3107,4,,1
51201,'KPOB-CS:253:2:Thu-Fri:1:25SEP:45',535,,3170,4,,1,21,,3208,4,,1,65,,3207,4,,1,20,,3162,4,,1,18,,3173,4,,1,47,,3204,4,,1,16,,3153,4,,1,15,,3164,4,,1,15,,3206,4,,1,55,,3178,4,,1,15,,3171,4,,1,15,,3174,4,,1,15,,3154,4,,1,55,,3163,4,,1,14,,3205,4,,1,15,,3201,4,,1,15,,3218,4,,1,55,,3177,4,,1,15,,3184,4,,1,15,,3155,4,,1,15,,3202,4,,1,55,,3211,4,,1,16,,3209,4,,1,15,,3217,4,,1,15,,3203,4,,1,55,,3166,4,,1,16,,3210,4,,1,15,,3148,4,,1,15,,3216,4,,1,55,,3151,4,,1,16,,3165,4,,1,15,,3198,4,,1,16,,3149,4,,1,55,,3179,4,,1,15,,3219,4,,1,25,,3152,4,,1,56,,3167,4,,1,15,,3199,4,,1,13,,3150,4,,1,18,,3146,4,,1,53,,3212,4,,1,15,,3157,4,,1,16,,3168,4,,1,15,,3197,4,,1,56,,3185,4,,1,19,,3156,4,,1,15,,3147,4,,1,14,,3213,4,,1,55,,3158,4,,1,14,,3169,4,,1,15,,3186,4,,1,14,,3193,4,,1,53,,3176,4,,1,13,,3161,4,,1,14,,3172,4,,1,17,,3187,4,,1,53,,3159,4,,1,18,,3175,4,,1,15,,3195,4,,1,15,,3215,4,,1,55,,3200,4,,1,14,,3192,4,,1,15,,3160,4,,1,15,,3183,4,,1,55,,3194,4,,1,15,,3214,4,,1,14,,3191,4,,1,67,,3180,4,,1
51201,'KPOB-CS:273:5:Saturday:1:25SEP:6',529,,3224,4,,1,30,,3228,4,,1,60,,3220,4,,1,15,,3281,4,,1,15,,3225,4,,1,55,,3285,4,,1,15,,3229,4,,1,15,,3244,4,,1,16,,3238,4,,1,55,,3221,4,,1,16,,3282,4,,1,15,,3286,4,,1,15,,3290,4,,1,55,,3230,4,,1,15,,3245,4,,1,15,,3222,4,,1,15,,3240,4,,1,55,,3283,4,,1,15,,3287,4,,1,16,,3231,4,,1,15,,3250,4,,1,55,,3246,4,,1,15,,3223,4,,1,16,,3284,4,,1,15,,3242,4,,1,56,,3288,4,,1,15,,3232,4,,1,15,,3247,4,,1,16,,3239,4,,1,55,,3275,4,,1,16,,3291,4,,1,15,,3289,4,,1,15,,3226,4,,1,55,,3233,4,,1,15,,3248,4,,1,15,,3276,4,,1,15,,3241,4,,1,54,,3292,4,,1,15,,3269,4,,1,15,,3234,4,,1,15,,3251,4,,1,55,,3249,4,,1,15,,3277,4,,1,15,,3293,4,,1,15,,3243,4,,1,54,,3270,4,,1,15,,3235,4,,1,15,,3253,4,,1,15,,3261,4,,1,55,,3278,4,,1,14,,3263,4,,1,15,,3271,4,,1,15,,3227,4,,1,55,,3236,4,,1,14,,3254,4,,1,14,,3279,4,,1,14,,3260,4,,1,55,,3264,4,,1,15,,3272,4,,1,15,,3237,4,,1,15,,3255,4,,1,55,,3252,4,,1,15,,3280,4,,1,15,,3265,4,,1,14,,3262,4,,1,62,,3273,4,,1,25,,3256,4,,1,65,,3266,4,,1,25,,3274,4,,1,30,,3257,4,,1,69,,3267,4,,1,32,,3258,4,,1,72,,3268,4,,1,28,,3259,4,,1
53201,'KPOB-CS:223:1:Mon-Wed:1:25SEP:123',1515,,3418,4,,1,32,,3420,4,,1,76,,3421,4,,1,29,,3412,4,,1,57,,3415,4,,1,16,,3413,4,,1,25,,3417,4,,1,55,,3419,4,,1,18,,3414,4,,1,27,,3422,4,,1,87,,3416,4,,1
53201,'KPOB-CS:253:2:Thu-Fri:1:25SEP:45',1515,,3430,4,,1,32,,3431,4,,1,76,,3432,4,,1,29,,3423,4,,1,57,,3426,4,,1,16,,3424,4,,1,25,,3428,4,,1,55,,3429,4,,1,18,,3425,4,,1,27,,3433,4,,1,87,,3427,4,,1
