11100,'Weekday',629,,9104,20,,,1,30,,9105,20,,,1
11200,'Sunday',720,,9108,38,,,1,30,,9123,38,,,1,70,,9109,38,,,1,30,,9124,38,,,1,70,,9110,38,,,1,30,,9125,38,,,1,70,,9111,38,,,1,30,,9126,38,,,1,71,,9114,38,,,1,30,,9127,38,,,1,70,,9115,38,,,1,30,,9128,38,,,1,70,,9117,38,,,1,31,,9129,38,,,1,70,,9113,38,,,1,30,,9130,38,,,1,70,,9112,38,,,1,30,,9131,38,,,1,70,,9118,38,,,1,30,,9132,38,,,1,70,,9116,38,,,1,30,,9133,38,,,1,70,,9119,38,,,1,100,,9120,38,,,1,98,,9121,38,,,1,100,,9122,38,,,1
11200,'Weekday',529,,9151,38,,,1,30,,9152,38,,,1,72,,9135,38,,,1,71,,9164,38,,,1,30,,9137,38,,,1,20,,9161,38,,,1,60,,9167,38,,,1,20,,9136,38,,,1,19,,9163,38,,,1,60,,9168,38,,,1,20,,9134,38,,,1,70,,9160,38,,,1,30,,9138,38,,,1,70,,9153,38,,,1,30,,9139,38,,,1,71,,9155,38,,,1,30,,9140,38,,,1,70,,9157,38,,,1,30,,9141,38,,,1,71,,9156,38,,,1,31,,9142,38,,,1,20,,9159,38,,,1,60,,9169,38,,,1,20,,9143,38,,,1,20,,9165,38,,,1,60,,9170,38,,,1,20,,9146,38,,,1,20,,9162,38,,,1,60,,9171,38,,,1,20,,9147,38,,,1,70,,9166,38,,,1,30,,9144,38,,,1,69,,9154,38,,,1,29,,9145,38,,,1,69,,9158,38,,,1,30,,9148,38,,,1,100,,9149,38,,,1,99,,9150,38,,,1
11200,'Saturday',720,,9175,38,,,1,30,,9195,38,,,1,70,,9177,38,,,1,31,,9194,38,,,1,70,,9174,38,,,1,30,,9192,38,,,1,70,,9172,38,,,1,30,,9198,38,,,1,70,,9176,38,,,1,30,,9196,38,,,1,70,,9178,38,,,1,30,,9191,38,,,1,71,,9179,38,,,1,30,,9187,38,,,1,71,,9181,38,,,1,30,,9190,38,,,1,70,,9183,38,,,1,30,,9197,38,,,1,70,,9180,38,,,1,30,,9193,38,,,1,70,,9184,38,,,1,30,,9188,38,,,1,70,,9182,38,,,1,30,,9189,38,,,1,69,,9185,38,,,1,100,,9186,38,,,1,99,,9173,38,,,1
11900,'Sunday',826,,9578,47,,,1,102,,9569,47,,,1,102,,9571,47,,,1,100,,9573,47,,,1,100,,9579,47,,,1,100,,9574,47,,,1,100,,9575,47,,,1,100,,9572,47,,,1,100,,9577,47,,,1,100,,9570,47,,,1,98,,9580,47,,,1,99,,9576,47,,,1,100,,9581,47,,,1
11900,'Weekday',629,,9592,47,,,1,72,,9598,47,,,1,27,,9587,47,,,1,76,,9599,47,,,1,31,,9584,47,,,1,71,,9600,47,,,1,30,,9583,47,,,1,68,,9604,47,,,1,30,,9595,47,,,1,70,,9605,47,,,1,31,,9596,47,,,1,71,,9606,47,,,1,29,,9593,47,,,1,70,,9607,47,,,1,30,,9594,47,,,1,71,,9608,47,,,1,32,,9597,47,,,1,71,,9609,47,,,1,30,,9591,47,,,1,69,,9603,47,,,1,30,,9585,47,,,1,71,,9601,47,,,1,29,,9588,47,,,1,69,,9602,47,,,1,27,,9590,47,,,1,99,,9589,47,,,1,97,,9582,47,,,1,99,,9586,47,,,1,100,,9610,47,,,1
11900,'Saturday',626,,9611,47,,,1,100,,9612,47,,,1,102,,9613,47,,,1,102,,9614,47,,,1,101,,9615,47,,,1,100,,9616,47,,,1,100,,9619,47,,,1,102,,9617,47,,,1,100,,9621,47,,,1,99,,9618,47,,,1,100,,9620,47,,,1,99,,9623,47,,,1,99,,9624,47,,,1,99,,9622,47,,,1,98,,9625,47,,,1,100,,9626,47,,,1
13000,'Sunday',658,,9923,15,,,1,100,,9925,15,,,1,101,,9924,15,,,1,100,,9926,15,,,1,100,,9929,15,,,1,100,,9927,15,,,1,141,,9928,15,,,1,100,,9931,15,,,1,59,,9930,15,,,1,100,,9932,15,,,1,100,,9933,15,,,1,100,,9934,15,,,1,99,,9935,15,,,1,100,,9936,15,,,1,101,,9937,15,,,1
13000,'Weekday',529,,9957,15,,,1,30,,9960,15,,,1,70,,9946,15,,,1,30,,9961,15,,,1,71,,9938,15,,,1,29,,9948,15,,,1,71,,9939,15,,,1,70,,9962,15,,,1,30,,9947,15,,,1,70,,9964,15,,,1,30,,9956,15,,,1,70,,9965,15,,,1,30,,9953,15,,,1,70,,9966,15,,,1,30,,9954,15,,,1,70,,9967,15,,,1,30,,9955,15,,,1,70,,9968,15,,,1,31,,9952,15,,,1,70,,9969,15,,,1,30,,9940,15,,,1,70,,9958,15,,,1,30,,9950,15,,,1,70,,9949,15,,,1,29,,9941,15,,,1,70,,9951,15,,,1,30,,9942,15,,,1,29,,9963,15,,,1,70,,9943,15,,,1,100,,9944,15,,,1,100,,9945,15,,,1,100,,9959,15,,,1
13000,'Saturday',558,,9985,15,,,1,100,,9970,15,,,1,100,,9971,15,,,1,100,,9972,15,,,1,101,,9973,15,,,1,100,,9974,15,,,1,141,,9975,15,,,1,100,,9976,15,,,1,100,,9977,15,,,1,100,,9978,15,,,1,100,,9979,15,,,1,100,,9980,15,,,1,100,,9981,15,,,1,59,,9982,15,,,1,100,,9983,15,,,1,100,,9984,15,,,1,100,,9986,15,,,1
