'KPOB-CS:213:6:Sunday:1:24SEP:1234567',51200,44600,4,'',1,8500,4,'',1,1700,4,'',1,5500,4,'',1,1500,4,'',1,1500,4,'',1,1500,4,'',1,5500,4,'',1,1500,4,'',1,1500,4,'',1,1500,4,'',1,5500,4,'',1,1500,4,'',1,1500,4,'',1,1600,4,'',1,5500,4,'',1,1500,4,'',1,1500,4,'',1,1500,4,'',1,5500,4,'',1,1500,4,'',1,1500,4,'',1,1500,4,'',1,5500,4,'',1,1500,4,'',1,1500,4,'',1,1500,4,'',1,5500,4,'',1,1500,4,'',1,1500,4,'',1,1500,4,'',1,5500,4,'',1,1500,4,'',1,1500,4,'',1,1600,4,'',1,5600,4,'',1,1500,4,'',1,1500,4,'',1,1500,4,'',1,5500,4,'',1,1500,4,'',1,1500,4,'',1,1500,4,'',1,5500,4,'',1,1500,4,'',1,1500,4,'',1,1500,4,'',1,5500,4,'',1,1500,4,'',1,1500,4,'',1,1500,4,'',1,5500,4,'',1,1500,4,'',1,1500,4,'',1,1500,4,'',1,5400,4,'',1,1400,4,'',1,1500,4,'',1,1400,4,'',1,5500,4,'',1,1500,4,'',1,1500,4,'',1,1500,4,'',1,5500,4,'',1,1500,4,'',1,1400,4,'',1,2200,4,'',1,6600,4,'',1,3300,4,'',1
'KPOB-CS:223:1:Mon-Wed:1:24SEP:123',51200,44000,4,'',1,7000,4,'',1,1500,4,'',1,1600,4,'',1,1500,4,'',1,5800,4,'',1,1500,4,'',1,1500,4,'',1,5600,4,'',1,1500,4,'',1,1500,4,'',1,1700,4,'',1,5600,4,'',1,1500,4,'',1,1500,4,'',1,1300,4,'',1,5400,4,'',1,1500,4,'',1,1400,4,'',1,1500,4,'',1,1500,4,'',1,5600,4,'',1,1300,4,'',1,1400,4,'',1,1500,4,'',1,5500,4,'',1,1500,4,'',1,1500,4,'',1,1700,4,'',1,5500,4,'',1,1500,4,'',1,1500,4,'',1,1500,4,'',1,5500,4,'',1,1500,4,'',1,1500,4,'',1,1500,4,'',1,5500,4,'',1,1500,4,'',1,1500,4,'',1,1500,4,'',1,5500,4,'',1,1600,4,'',1,1500,4,'',1,5600,4,'',1,1500,4,'',1,1500,4,'',1,1500,4,'',1,5500,4,'',1,1700,4,'',1,1600,4,'',1,1400,4,'',1,5400,4,'',1,1400,4,'',1,1400,4,'',1,1200,4,'',1,1500,4,'',1,5500,4,'',1,1400,4,'',1,1500,4,'',1,1500,4,'',1,5500,4,'',1,1500,4,'',1,1500,4,'',1,1500,4,'',1,5500,4,'',1,1500,4,'',1,3000,4,'',1,7000,4,'',1,2500,4,'',1,6900,4,'',1,3000,4,'',1
'KPOB-CS:253:2:Thu-Fri:1:24SEP:45',51200,44000,4,'',1,7000,4,'',1,1500,4,'',1,1600,4,'',1,1500,4,'',1,5800,4,'',1,1500,4,'',1,1500,4,'',1,5600,4,'',1,1500,4,'',1,1500,4,'',1,1700,4,'',1,5600,4,'',1,1500,4,'',1,1500,4,'',1,1300,4,'',1,5400,4,'',1,1500,4,'',1,1400,4,'',1,1500,4,'',1,1500,4,'',1,5600,4,'',1,1300,4,'',1,1400,4,'',1,1500,4,'',1,5500,4,'',1,1500,4,'',1,1500,4,'',1,1700,4,'',1,5500,4,'',1,1500,4,'',1,1500,4,'',1,1500,4,'',1,5500,4,'',1,1500,4,'',1,1500,4,'',1,1500,4,'',1,5500,4,'',1,1500,4,'',1,1500,4,'',1,1500,4,'',1,5500,4,'',1,1600,4,'',1,1500,4,'',1,5600,4,'',1,1500,4,'',1,1500,4,'',1,1500,4,'',1,5500,4,'',1,1700,4,'',1,1600,4,'',1,1400,4,'',1,5400,4,'',1,1400,4,'',1,1400,4,'',1,1200,4,'',1,1500,4,'',1,5500,4,'',1,1400,4,'',1,1500,4,'',1,1500,4,'',1,5500,4,'',1,1500,4,'',1,1500,4,'',1,1500,4,'',1,5500,4,'',1,1500,4,'',1,3000,4,'',1,7000,4,'',1,2500,4,'',1,6900,4,'',1,3000,4,'',1
'KPOB-CS:273:5:Saturday:1:24SEP:6',51200,44300,4,'',1,7100,4,'',1,1700,4,'',1,1700,4,'',1,5500,4,'',1,1500,4,'',1,1500,4,'',1,1600,4,'',1,5500,4,'',1,1500,4,'',1,1500,4,'',1,1400,4,'',1,5500,4,'',1,1500,4,'',1,1600,4,'',1,1600,4,'',1,5500,4,'',1,1500,4,'',1,1500,4,'',1,1500,4,'',1,5500,4,'',1,1400,4,'',1,1600,4,'',1,1600,4,'',1,5500,4,'',1,1500,4,'',1,1500,4,'',1,1500,4,'',1,5500,4,'',1,1600,4,'',1,1500,4,'',1,1500,4,'',1,5500,4,'',1,1500,4,'',1,1400,4,'',1,1600,4,'',1,5500,4,'',1,1500,4,'',1,1500,4,'',1,1500,4,'',1,5500,4,'',1,1500,4,'',1,1500,4,'',1,1500,4,'',1,5500,4,'',1,1500,4,'',1,1500,4,'',1,1500,4,'',1,5500,4,'',1,1600,4,'',1,1500,4,'',1,1500,4,'',1,5400,4,'',1,1400,4,'',1,1400,4,'',1,1500,4,'',1,5600,4,'',1,1400,4,'',1,1500,4,'',1,1400,4,'',1,5500,4,'',1,1500,4,'',1,1500,4,'',1,1400,4,'',1,5500,4,'',1,1600,4,'',1,1300,4,'',1,2200,4,'',1,6600,4,'',1,3300,4,'',1,6700,4,'',1,3000,4,'',1
'KPOB-CS:223:1:Mon-Wed:1:24SEP:123',51300,53100,4,'',1,7000,4,'',1,3300,4,'',1,7400,4,'',1,3300,4,'',1,7000,4,'',1,2800,4,'',1,6800,4,'',1
'KPOB-CS:253:2:Thu-Fri:1:24SEP:45',51300,53100,4,'',1,7000,4,'',1,3300,4,'',1,7400,4,'',1,3300,4,'',1,7000,4,'',1,2800,4,'',1,6800,4,'',1
'KPOB-CS:223:1:Mon-Wed:1:24SEP:123',90101,140000,,'',1,3000,,'',1,7000,,'',1,3000,,'',1,7000,,'',1,3000,,'',1,7000,,'',1,3000,,'',1,7000,,'',1,3000,,'',1,7000,,'',1
'KPOB-CS:253:2:Thu-Fri:1:24SEP:45',90101,140000,,'',1,3000,,'',1,7000,,'',1,3000,,'',1,7000,,'',1,3000,,'',1,7000,,'',1,3000,,'',1,7000,,'',1,3000,,'',1,7000,,'',1
'KPOB-CS:223:1:Mon-Wed:1:24SEP:123',90301,152500,,'',1,3000,,'',1,7000,,'',1,3000,,'',1,7000,,'',1,3000,,'',1,7000,,'',1,3000,,'',1,7000,,'',1
'KPOB-CS:253:2:Thu-Fri:1:24SEP:45',90301,152500,,'',1,3000,,'',1,7000,,'',1,3000,,'',1,7000,,'',1,3000,,'',1,7000,,'',1,3000,,'',1,7000,,'',1
'KPOB-CS:223:1:Mon-Wed:1:24SEP:123',90401,144000,,'',1,7000,,'',1,3000,,'',1,7000,,'',1,3000,,'',1,7000,,'',1,3000,,'',1,7000,,'',1,3000,,'',1,7000,,'',1,3000,,'',1
'KPOB-CS:253:2:Thu-Fri:1:24SEP:45',90401,144000,,'',1,7000,,'',1,3000,,'',1,7000,,'',1,3000,,'',1,7000,,'',1,3000,,'',1,7000,,'',1,3000,,'',1,7000,,'',1,3000,,'',1
'KPOB-CS:223:1:Mon-Wed:1:24SEP:123',90501,54500,,'',1,10000,,'',1,10000,,'',1,10000,,'',1,10000,,'',1,10000,,'',1,10000,,'',1,10000,,'',1,10000,,'',1,9000,,'',1,10000,,'',1,7000,,'',1,3000,,'',1,7000,,'',1,4000,,'',1,10000,,'',1,10000,,'',1,10000,,'',1
'KPOB-CS:253:2:Thu-Fri:1:24SEP:45',90501,54500,,'',1,10000,,'',1,10000,,'',1,10000,,'',1,10000,,'',1,10000,,'',1,10000,,'',1,10000,,'',1,10000,,'',1,9000,,'',1,10000,,'',1,7000,,'',1,3000,,'',1,7000,,'',1,4000,,'',1,10000,,'',1,10000,,'',1,10000,,'',1
