10900,'Sunday',756,,589,3,,,1,100,,593,3,,,1,100,,584,3,,,1,100,,585,3,,,1,100,,596,3,,,1,100,,587,3,,,1,100,,592,3,,,1,100,,586,3,,,1,100,,588,3,,,1,100,,595,3,,,1,100,,591,3,,,1,100,,594,3,,,1,100,,590,3,,,1,100,,597,3,,,1
10900,'Weekday',502,,611,3,,,1,53,,605,3,,,1,93,,601,3,,,1,104,,607,3,,,1,103,,614,3,,,1,100,,599,3,,,1,100,,613,3,,,1,100,,612,3,,,1,100,,604,3,,,1,97,,610,3,,,1,99,,602,3,,,1,100,,606,3,,,1,101,,609,3,,,1,102,,603,3,,,1,103,,600,3,,,1,102,,598,3,,,1,100,,608,3,,,1
10900,'Saturday',656,,619,3,,,1,100,,622,3,,,1,100,,618,3,,,1,100,,615,3,,,1,100,,627,3,,,1,100,,620,3,,,1,100,,625,3,,,1,100,,616,3,,,1,100,,617,3,,,1,100,,629,3,,,1,100,,621,3,,,1,100,,626,3,,,1,100,,623,3,,,1,100,,624,3,,,1,100,,628,3,,,1
28000,'Sunday',826,,2544,37,,,1,101,,2545,37,,,1,100,,2546,37,,,1,100,,2547,37,,,1,100,,2555,37,,,1,100,,2549,37,,,1,100,,2548,37,,,1,100,,2550,37,,,1,100,,2551,37,,,1,99,,2552,37,,,1,100,,2556,37,,,1,100,,2554,37,,,1,100,,2553,37,,,1
28000,'Weekday',525,,2557,37,,,1,105,,2558,37,,,1,75,,2575,14,,,1,33,,2559,37,,,1,70,,2574,14,,,1,29,,2561,37,,,1,71,,2580,14,,,1,29,,2562,37,,,1,100,,2563,37,,,1,101,,2560,37,,,1,100,,2564,37,,,1,100,,2566,37,,,1,76,,2576,14,,,1,25,,2567,37,,,1,77,,2579,14,,,1,23,,2568,37,,,1,76,,2578,14,,,1,23,,2565,37,,,1,77,,2577,14,,,1,28,,2570,37,,,1,94,,2571,37,,,1,93,,2572,37,,,1,100,,2569,37,,,1,99,,2573,37,,,1
28000,'Saturday',725,,2593,37,,,1,100,,2581,37,,,1,100,,2589,37,,,1,102,,2582,37,,,1,101,,2591,37,,,1,101,,2592,37,,,1,100,,2583,37,,,1,99,,2584,37,,,1,100,,2586,37,,,1,99,,2585,37,,,1,100,,2587,37,,,1,100,,2588,37,,,1,99,,2590,37,,,1,100,,2594,37,,,1
28001,'Sunday',744,,2596,14,,,1,100,,2595,14,,,1,101,,2597,14,,,1,100,,2606,14,,,1,100,,2598,14,,,1,100,,2599,14,,,1,100,,2600,14,,,1,100,,2601,14,,,1,100,,2602,14,,,1,100,,2607,14,,,1,100,,2604,14,,,1,100,,2603,14,,,1,100,,2605,14,,,1
28001,'Weekday',614,,2609,14,,,1,100,,2608,14,,,1,25,,2626,14,0,6 7,1,76,,2610,14,,,1,25,,2625,14,0,6 7,1,75,,2611,14,,,1,100,,2612,14,,,1,101,,2613,14,,,1,100,,2614,14,,,1,101,,2615,14,,,1,100,,2616,14,,,1,20,,2629,14,0,6 7,1,75,,2617,14,,,1,26,,2624,14,0,6 7,1,76,,2623,14,,,1,25,,2618,14,0,6 7,1,75,,2619,14,,,1,25,,2628,14,0,6 7,1,74,,2620,14,,,1,24,,2627,14,0,6 7,1,74,,2621,14,,,1,104,,2622,14,,,1
28001,'Saturday',744,,2638,14,,,1,100,,2630,14,,,1,100,,2641,14,,,1,102,,2636,14,,,1,100,,2639,14,,,1,100,,2637,14,,,1,100,,2635,14,,,1,100,,2632,14,,,1,100,,2634,14,,,1,100,,2631,14,,,1,100,,2633,14,,,1,99,,2640,14,,,1,100,,2642,14,,,1
90300,'Weekday',455,,3995,3,,,1,74,,3996,3,,,1,27,,3997,3,,,1,64,,3998,3,,,1,35,,3999,3,,,1,70,,4000,3,,,1,80,,4001,3,,,1
90301,'Weekday',1601,,4002,14,,,1,32,,4003,14,,,1,24,,4004,14,,,1,70,,4005,14,,,1,27,,4006,14,,,1,69,,4007,14,,,1,29,,4008,14,,,1,73,,4009,14,,,1,34,,4010,14,,,1
