20100,'Sunday',724,,10185,1,,,1,100,,10187,1,,,1,98,,10188,1,,,1,78,,10186,1,,,1,40,,10189,1,,,1,80,,10184,1,,,1,39,,10190,1,,,1,80,,10191,1,,,1,80,,10192,1,,,1,40,,10193,1,,,1,80,,10195,1,,,1,79,,10196,1,,,1,40,,10197,1,,,1,80,,10199,1,,,1,82,,10200,1,,,1,80,,10201,1,,,1,40,,10202,1,,,1,81,,10203,1,,,1,101,,10194,1,,,1,103,,10198,1,,,1
20100,'Weekday',500,,10208,1,,,1,39,,10209,1,,,1,75,,10210,1,,,1,28,,10211,1,,,1,68,,10212,1,,,1,28,,10213,1,,,1,71,,10214,1,,,1,30,,10215,1,,,1,70,,10216,1,,,1,29,,10217,1,,,1,69,,10218,1,,,1,30,,10219,1,,,1,69,,10220,1,,,1,30,,10221,1,,,1,70,,10222,1,,,1,29,,10223,1,,,1,69,,10224,1,,,1,30,,10225,1,,,1,70,,10226,1,,,1,29,,10227,1,,,1,70,,10228,1,,,1,29,,10229,1,,,1,70,,10230,1,,,1,31,,10231,1,,,1,71,,10232,1,,,1,33,,10233,1,,,1,70,,10234,1,,,1,31,,10204,1,,,1,70,,10206,1,,,1,31,,10205,1,,,1,70,,10207,1,,,1,31,,10235,1,,,1,71,,10236,1,,,1,91,,10237,1,,,1
20100,'Saturday',625,,10250,1,,,1,98,,10241,1,,,1,99,,10249,1,,,1,98,,10240,1,,,1,38,,10242,1,,,1,80,,10247,1,,,1,79,,10248,1,,,1,39,,10239,1,,,1,80,,10251,1,,,1,79,,10243,1,,,1,40,,10238,1,,,1,80,,10252,1,,,1,80,,10244,1,,,1,40,,10246,1,,,1,80,,10254,1,,,1,80,,10255,1,,,1,41,,10256,1,,,1,81,,10257,1,,,1,83,,10258,1,,,1,101,,10245,1,,,1,101,,10253,1,,,1
20200,'Sunday',650,,10347,1,,,1,100,,10334,1,,,1,99,,10333,1,,,1,90,,10335,1,,,1,78,,10336,1,,,1,39,,10337,1,,,1,78,,10340,1,,,1,80,,10338,1,,,1,39,,10341,1,,,1,80,,10339,1,,,1,80,,10343,1,,,1,40,,10342,1,,,1,80,,10344,1,,,1,80,,10348,1,,,1,40,,10349,1,,,1,81,,10350,1,,,1,81,,10351,1,,,1,41,,10352,1,,,1,92,,10345,1,,,1,102,,10346,1,,,1
20200,'Weekday',435,,10353,1,,,1,79,,10356,1,,,1,39,,10361,1,,,1,69,,10362,1,,,1,28,,10363,1,,,1,68,,10364,1,,,1,30,,10365,1,,,1,70,,10366,1,,,1,30,,10367,1,,,1,70,,10368,1,,,1,32,,10369,1,,,1,69,,10371,1,,,1,28,,10372,1,,,1,70,,10373,1,,,1,28,,10370,1,,,1,70,,10375,1,,,1,30,,10376,1,,,1,70,,10377,1,,,1,28,,10374,1,,,1,70,,10378,1,,,1,30,,10379,1,,,1,69,,10380,1,,,1,29,,10381,1,,,1,72,,10382,1,,,1,31,,10383,1,,,1,70,,10359,1,,,1,31,,10360,1,,,1,71,,10357,1,,,1,31,,10354,1,,,1,72,,10355,1,,,1,30,,10358,1,,,1,71,,10385,1,,,1,30,,10386,1,,,1,79,,10387,1,,,1
20200,'Saturday',521,,10405,1,,,1,30,,10389,1,,,1,100,,10390,1,,,1,100,,10401,1,,,1,98,,10395,1,,,1,87,,10388,1,,,1,80,,10391,1,,,1,38,,10399,1,,,1,78,,10393,1,,,1,80,,10392,1,,,1,38,,10394,1,,,1,80,,10402,1,,,1,80,,10396,1,,,1,40,,10397,1,,,1,81,,10398,1,,,1,80,,10406,1,,,1,40,,10407,1,,,1,83,,10408,1,,,1,80,,10409,1,,,1,41,,10410,1,,,1,92,,10403,1,,,1,100,,10400,1,,,1,102,,10404,1,,,1
20900,'Sunday',752,,10496,1,,,1,100,,10490,1,,,1,100,,10488,1,,,1,100,,10500,1,,,1,100,,10492,1,,,1,100,,10498,1,,,1,100,,10489,1,,,1,100,,10491,1,,,1,100,,10499,1,,,1,100,,10494,1,,,1,100,,10495,1,,,1,100,,10493,1,,,1,100,,10497,1,,,1
20900,'Weekday',555,,10513,1,,,1,100,,10514,1,,,1,100,,10516,1,,,1,100,,10515,1,,,1,100,,10512,1,,,1,100,,10508,1,,,1,100,,10506,1,,,1,97,,10510,1,,,1,100,,10504,1,,,1,100,,10509,1,,,1,100,,10511,1,,,1,100,,10503,1,,,1,100,,10505,1,,,1,100,,10507,1,,,1,100,,10501,1,,,1,100,,10502,1,,,1,100,,10517,1,,,1
20900,'Saturday',652,,10527,1,,,1,100,,10520,1,,,1,100,,10518,1,,,1,100,,10530,1,,,1,100,,10523,1,,,1,100,,10529,1,,,1,100,,10521,1,,,1,100,,10519,1,,,1,100,,10532,1,,,1,100,,10524,1,,,1,100,,10528,1,,,1,100,,10522,1,,,1,100,,10525,1,,,1,100,,10531,1,,,1,100,,10526,1,,,1
90500,'Weekday',442,,12470,8,,,1,102,,12469,8,,,1,70,,12474,8,,,1,30,,12473,8,,,1,70,,12472,8,,,1,30,,12471,8,,,1,100,,12478,8,,,1,100,,12465,8,,,1,100,,12463,8,,,1,100,,12464,8,,,1,100,,12476,8,,,1,100,,12479,8,,,1,100,,12467,8,,,1,100,,12468,8,,,1,100,,12481,8,,,1,100,,12466,8,,,1,100,,12480,8,,,1,100,,12482,8,,,1,100,,12477,8,,,1,100,,12475,8,,,1
90501,'Weekday',618,,12492,6,,,1,100,,12491,6,,,1,99,,12490,6,,,1,100,,12488,6,,,1,100,,12489,6,,,1,102,,12499,6,,,1,100,,12497,6,,,1,100,,12498,6,,,1,102,,12500,6,,,1,92,,12496,6,,,1,102,,12493,6,,,1,37,,12485,6,,,1,70,,12487,6,,,1,26,,12484,6,,,1,76,,12483,6,,,1,95,,12486,6,,,1,99,,12495,6,,,1,100,,12494,6,,,1
