27000,'H:123:0:Weekday',537,,15088,37,,,1,110,,15089,37,,,1,105,,15090,37,,,1,894,,15087,22,,,1,593,,15091,37,,,1
27100,'H:113:6:Sunday',805,,15096,51,,,1,100,,15097,51,,,1,102,,15107,51,,,1,101,,15098,51,,,1,101,,15099,51,,,1,103,,15100,51,,,1,101,,15101,51,,,1,101,,15102,51,,,1,100,,15109,51,,,1,100,,15103,51,,,1,97,,15104,51,,,1,98,,15105,51,,,1,98,,15106,51,,,1,98,,15108,51,,,1
27100,'H:123:0:Weekday',617,,15111,37,,,1,208,,15112,37,,,1,33,,15113,51,,,1,63,,15110,37,,,1,394,,15114,51,,,1,103,,15123,51,,,1,105,,15116,51,,,1,103,,15117,51,,,1,107,,15115,51,,,1,94,,15118,51,,,1,95,,15120,51,,,1,86,,15121,51,,,1,100,,15122,51,,,1,100,,15119,51,,,1
27100,'H:173:5:Saturday',807,,15133,51,,,1,100,,15125,51,,,1,105,,15134,51,,,1,102,,15126,51,,,1,102,,15132,51,,,1,100,,15124,51,,,1,101,,15131,51,,,1,100,,15127,51,,,1,99,,15135,51,,,1,99,,15128,51,,,1,99,,15130,51,,,1,97,,15129,51,,,1,99,,15136,51,,,1,99,,15137,51,,,1,100,,15138,51,,,1
27100,'KP:323:0:Weekday',724,,15141,37,,,1,290,,15139,51,,,1,101,,15142,51,,,1,100,,15140,51,,,1
28000,'H:113:6:Sunday',843,,15188,49,,,1,101,,15189,49,,,1,100,,15190,49,,,1,103,,15191,49,,,1,100,,15199,49,,,1,100,,15193,49,,,1,100,,15192,49,,,1,100,,15194,49,,,1,99,,15195,49,,,1,99,,15196,49,,,1,98,,15200,49,,,1,100,,15198,49,,,1,100,,15197,49,,,1
28000,'H:123:0:Weekday',542,,15201,49,,,1,184,,15213,26,,,1,78,,15202,49,,,1,53,,15204,49,,,1,70,,15217,26,,,1,29,,15205,49,,,1,100,,15218,49,,,1,101,,15203,49,,,1,202,,15206,49,,,1,178,,15216,26,,,1,64,,15207,49,,,1,35,,15215,26,,,1,99,,15214,26,,,1,69,,15209,49,,,1,53,,15210,49,,,1,90,,15211,49,,,1,100,,15208,49,,,1,99,,15212,49,,,1
28000,'H:173:5:Saturday',743,,15231,49,,,1,101,,15219,49,,,1,100,,15227,49,,,1,103,,15220,49,,,1,101,,15229,49,,,1,101,,15230,49,,,1,100,,15221,49,,,1,99,,15222,49,,,1,100,,15224,49,,,1,99,,15223,49,,,1,100,,15225,49,,,1,99,,15226,49,,,1,97,,15228,49,,,1,100,,15232,49,,,1
28000,'KP:323:0:Weekday',652,,15238,49,,,1,178,,15237,26,,,1,428,,15233,49,,,1,177,,15234,26,,,1,66,,15236,49,,,1,199,,15235,49,,,1
90700,'H:123:0:Weekday',435,,16712,12,,,1,76,,16713,12,,,1,34,,16714,12,,,1,73,,16715,12,,,1
