10101,'Sunday',716,,8507,34,4,,1,101,,8508,34,4,,1,105,,8510,34,4,,1,101,,8512,34,4,,1,100,,8509,34,4,,1,102,,8513,34,4,,1,102,,8511,34,4,,1,30,,8522,34,4,,1,70,,8514,34,4,,1,30,,8523,34,4,,1,69,,8516,34,4,,1,30,,8524,34,4,,1,70,,8517,34,4,,1,30,,8525,34,4,,1,70,,8518,34,4,,1,28,,8526,34,4,,1,70,,8519,34,4,,1,100,,8520,34,4,,1,98,,8521,34,4,,1,99,,8515,34,4,,1
10101,'Weekday',533,,8527,34,4,,1,70,,8563,34,4,,1,33,,8528,34,4,,1,72,,8529,34,4,,1,32,,8531,34,4,,1,72,,8532,34,4,,1,31,,8533,34,4,,1,68,,8530,34,4,,1,30,,8534,34,4,,1,70,,8555,34,4,,1,31,,8535,34,4,,1,72,,8556,34,4,,1,30,,8536,34,4,,1,70,,8557,34,4,,1,30,,8537,34,4,,1,70,,8558,34,4,,1,31,,8538,34,4,,1,72,,8559,34,4,,1,31,,8539,34,4,,1,71,,8540,34,4,,1,30,,8541,34,4,,1,71,,8542,34,4,,1,30,,8543,34,4,,1,70,,8544,34,4,,1,30,,8548,34,4,,1,66,,8550,34,4,,1,30,,8546,34,4,,1,68,,8545,34,4,,1,29,,8547,34,4,,1,67,,8549,34,4,,1,30,,8551,34,4,,1,69,,8560,34,4,,1,30,,8552,34,4,,1,67,,8561,34,4,,1,29,,8553,34,4,,1,69,,8562,34,4,,1,29,,8554,34,4,,1
10101,'Saturday',718,,8566,34,4,,1,103,,8575,34,4,,1,102,,8567,34,4,,1,102,,8568,34,4,,1,103,,8569,34,4,,1,31,,8580,34,4,,1,70,,8577,34,4,,1,30,,8581,34,4,,1,70,,8571,34,4,,1,30,,8582,34,4,,1,70,,8572,34,4,,1,30,,8583,34,4,,1,70,,8578,34,4,,1,30,,8584,34,4,,1,69,,8570,34,4,,1,30,,8585,34,4,,1,69,,8579,34,4,,1,30,,8586,34,4,,1,70,,8564,34,4,,1,99,,8573,34,4,,1,97,,8576,34,4,,1,98,,8574,34,4,,1,98,,8565,34,4,,1
10601,'Sunday',735,,8975,44,4,,1,100,,8961,44,4,,1,103,,8962,44,4,,1,102,,8963,44,4,,1,103,,8964,44,4,,1,101,,8965,44,4,,1,100,,8966,44,4,,1,100,,8967,44,4,,1,99,,8969,44,4,,1,100,,8970,44,4,,1,100,,8971,44,4,,1,99,,8968,44,4,,1,100,,8972,44,4,,1,98,,8973,44,4,,1,98,,8974,44,4,,1
10601,'Weekday',552,,8976,44,4,,1,105,,8977,44,4,,1,144,,8978,44,4,,1,103,,8979,44,4,,1,97,,8980,44,4,,1,99,,8981,44,4,,1,102,,8983,44,4,,1,101,,8984,44,4,,1,101,,8985,44,4,,1,100,,8982,44,4,,1,109,,8987,44,4,,1,100,,8988,44,4,,1,99,,8989,44,4,,1,94,,8986,44,4,,1,96,,8990,44,4,,1,98,,8991,44,4,,1,54,,8992,44,4,,1,98,,8993,44,4,,1
10601,'Saturday',634,,9007,44,4,,1,100,,9008,44,4,,1,104,,8994,44,4,,1,100,,8995,44,4,,1,101,,8996,44,4,,1,103,,8997,44,4,,1,102,,8999,44,4,,1,100,,9000,44,4,,1,99,,9001,44,4,,1,100,,8998,44,4,,1,100,,9002,44,4,,1,100,,9003,44,4,,1,100,,9004,44,4,,1,99,,9005,44,4,,1,97,,9006,44,4,,1,98,,9009,44,4,,1,100,,9010,44,4,,1
10900,'Sunday',834,,9016,30,,,1,103,,9020,30,,,1,100,,9011,30,,,1,101,,9012,30,,,1,103,,9023,30,,,1,101,,9014,30,,,1,99,,9019,30,,,1,99,,9013,30,,,1,99,,9015,30,,,1,98,,9022,30,,,1,99,,9018,30,,,1,99,,9021,30,,,1,100,,9017,30,,,1,98,,9024,30,,,1
10900,'Weekday',530,,9038,30,,,1,107,,9032,30,,,1,107,,9028,30,,,1,96,,9034,30,,,1,104,,9041,30,,,1,100,,9026,30,,,1,100,,9040,30,,,1,100,,9039,30,,,1,100,,9031,30,,,1,103,,9037,30,,,1,101,,9029,30,,,1,100,,9033,30,,,1,99,,9036,30,,,1,98,,9030,30,,,1,97,,9027,30,,,1,98,,9025,30,,,1,100,,9035,30,,,1
10900,'Saturday',735,,9046,30,,,1,101,,9049,30,,,1,101,,9045,30,,,1,104,,9042,30,,,1,101,,9054,30,,,1,101,,9047,30,,,1,101,,9052,30,,,1,100,,9043,30,,,1,97,,9044,30,,,1,100,,9056,30,,,1,100,,9048,30,,,1,97,,9053,30,,,1,99,,9050,30,,,1,99,,9051,30,,,1,99,,9055,30,,,1
20100,'Sunday',811,,10185,30,,,1,101,,10187,30,,,1,100,,10188,30,,,1,40,,10186,30,,,1,80,,10189,30,,,1,80,,10184,30,,,1,40,,10190,30,,,1,80,,10191,30,,,1,80,,10192,30,,,1,40,,10193,30,,,1,80,,10195,30,,,1,80,,10196,30,,,1,40,,10197,30,,,1,80,,10199,30,,,1,80,,10200,30,,,1,40,,10201,30,,,1,80,,10202,30,,,1,80,,10203,30,,,1,100,,10194,30,,,1,100,,10198,30,,,1
20100,'Weekday',546,,10208,30,,,1,81,,10209,30,,,1,76,,10210,30,,,1,30,,10211,30,,,1,70,,10212,30,,,1,30,,10213,30,,,1,70,,10214,30,,,1,30,,10215,30,,,1,70,,10216,30,,,1,30,,10217,30,,,1,70,,10218,30,,,1,30,,10219,30,,,1,70,,10220,30,,,1,30,,10221,30,,,1,70,,10222,30,,,1,30,,10223,30,,,1,70,,10224,30,,,1,30,,10225,30,,,1,70,,10226,30,,,1,31,,10227,30,,,1,70,,10228,30,,,1,30,,10229,30,,,1,70,,10230,30,,,1,30,,10231,30,,,1,69,,10232,30,,,1,29,,10233,30,,,1,70,,10234,30,,,1,30,,10204,30,,,1,70,,10206,30,,,1,30,,10205,30,,,1,70,,10207,30,,,1,30,,10235,30,,,1,70,,10236,30,,,1,50,,10237,30,,,1
20100,'Saturday',711,,10250,30,,,1,100,,10241,30,,,1,101,,10249,30,,,1,100,,10240,30,,,1,40,,10242,30,,,1,80,,10247,30,,,1,80,,10248,30,,,1,40,,10239,30,,,1,80,,10251,30,,,1,80,,10243,30,,,1,40,,10238,30,,,1,80,,10252,30,,,1,80,,10244,30,,,1,40,,10246,30,,,1,80,,10254,30,,,1,80,,10255,30,,,1,40,,10256,30,,,1,80,,10257,30,,,1,80,,10258,30,,,1,99,,10245,30,,,1,100,,10253,30,,,1
20200,'Sunday',741,,10347,40,,,1,100,,10334,40,,,1,101,,10333,40,,,1,90,,10335,40,,,1,80,,10336,40,,,1,40,,10337,40,,,1,80,,10340,40,,,1,81,,10338,40,,,1,40,,10341,40,,,1,80,,10339,40,,,1,79,,10343,40,,,1,40,,10342,40,,,1,80,,10344,40,,,1,80,,10348,40,,,1,40,,10349,40,,,1,80,,10350,40,,,1,80,,10351,40,,,1,40,,10352,40,,,1,90,,10345,40,,,1,100,,10346,40,,,1
20200,'Weekday',452,,10384,1,,,1,74,,10353,40,,,1,81,,10356,40,,,1,40,,10361,40,,,1,71,,10362,40,,,1,30,,10363,40,,,1,70,,10364,40,,,1,30,,10365,40,,,1,70,,10366,40,,,1,30,,10367,40,,,1,70,,10368,40,,,1,30,,10369,40,,,1,70,,10371,40,,,1,30,,10372,40,,,1,70,,10373,40,,,1,30,,10370,40,,,1,70,,10375,40,,,1,30,,10376,40,,,1,70,,10377,40,,,1,30,,10374,40,,,1,71,,10378,40,,,1,30,,10379,40,,,1,70,,10380,40,,,1,31,,10381,40,,,1,70,,10382,40,,,1,29,,10383,40,,,1,69,,10359,40,,,1,29,,10360,40,,,1,70,,10357,40,,,1,30,,10354,40,,,1,70,,10355,40,,,1,30,,10358,40,,,1,70,,10385,40,,,1,30,,10386,40,,,1,74,,10387,40,,,1
20200,'Saturday',610,,10405,40,,,1,30,,10389,40,,,1,100,,10390,40,,,1,101,,10401,40,,,1,100,,10395,40,,,1,91,,10388,40,,,1,80,,10391,40,,,1,40,,10399,40,,,1,80,,10393,40,,,1,80,,10392,40,,,1,40,,10394,40,,,1,80,,10402,40,,,1,80,,10396,40,,,1,40,,10397,40,,,1,80,,10398,40,,,1,80,,10406,40,,,1,40,,10407,40,,,1,80,,10408,40,,,1,80,,10409,40,,,1,40,,10410,40,,,1,89,,10403,40,,,1,100,,10400,40,,,1,99,,10404,40,,,1
