11100,'Weekday',629,,677,19,,,1,30,,678,19,,,1
11200,'Sunday',720,,681,37,,,1,30,,696,37,,,1,70,,682,37,,,1,31,,697,37,,,1,70,,683,37,,,1,30,,698,37,,,1,70,,684,37,,,1,30,,699,37,,,1,71,,687,37,,,1,30,,700,37,,,1,70,,688,37,,,1,30,,701,37,,,1,70,,690,37,,,1,30,,702,37,,,1,71,,686,37,,,1,30,,703,37,,,1,70,,685,37,,,1,30,,704,37,,,1,70,,691,37,,,1,30,,705,37,,,1,70,,689,37,,,1,30,,706,37,,,1,69,,692,37,,,1,100,,693,37,,,1,99,,694,37,,,1,100,,695,37,,,1
11200,'Weekday',529,,724,37,,,1,30,,725,37,,,1,72,,708,37,,,1,71,,737,37,,,1,30,,710,37,,,1,20,,734,37,,,1,60,,740,37,,,1,20,,709,37,,,1,20,,736,37,,,1,59,,741,37,,,1,20,,707,37,,,1,70,,733,37,,,1,30,,711,37,,,1,70,,726,37,,,1,30,,712,37,,,1,70,,728,37,,,1,30,,713,37,,,1,70,,730,37,,,1,31,,714,37,,,1,70,,729,37,,,1,30,,715,37,,,1,21,,732,37,,,1,60,,742,37,,,1,20,,716,37,,,1,20,,738,37,,,1,60,,743,37,,,1,20,,719,37,,,1,20,,735,37,,,1,60,,744,37,,,1,20,,720,37,,,1,70,,739,37,,,1,30,,717,37,,,1,68,,727,37,,,1,30,,718,37,,,1,70,,731,37,,,1,30,,721,37,,,1,100,,722,37,,,1,100,,723,37,,,1
11200,'Saturday',721,,748,37,,,1,30,,768,37,,,1,70,,750,37,,,1,31,,767,37,,,1,70,,747,37,,,1,30,,765,37,,,1,70,,745,37,,,1,30,,771,37,,,1,70,,749,37,,,1,30,,769,37,,,1,70,,751,37,,,1,30,,764,37,,,1,70,,752,37,,,1,31,,760,37,,,1,70,,754,37,,,1,30,,763,37,,,1,70,,756,37,,,1,30,,770,37,,,1,70,,753,37,,,1,30,,766,37,,,1,70,,757,37,,,1,30,,761,37,,,1,70,,755,37,,,1,30,,762,37,,,1,70,,758,37,,,1,99,,759,37,,,1,100,,746,37,,,1
11900,'Sunday',826,,1151,46,,,1,100,,1142,46,,,1,102,,1144,46,,,1,101,,1146,46,,,1,100,,1152,46,,,1,100,,1147,46,,,1,100,,1148,46,,,1,100,,1145,46,,,1,99,,1150,46,,,1,100,,1143,46,,,1,99,,1153,46,,,1,100,,1149,46,,,1,99,,1154,46,,,1
11900,'Weekday',627,,1165,46,,,1,32,,1171,46,,,1,71,,1160,46,,,1,73,,1172,46,,,1,31,,1157,46,,,1,71,,1173,46,,,1,31,,1156,46,,,1,68,,1177,46,,,1,29,,1168,46,,,1,70,,1178,46,,,1,31,,1169,46,,,1,70,,1179,46,,,1,29,,1166,46,,,1,70,,1180,46,,,1,30,,1167,46,,,1,70,,1181,46,,,1,33,,1170,46,,,1,70,,1182,46,,,1,30,,1164,46,,,1,69,,1176,46,,,1,31,,1158,46,,,1,71,,1174,46,,,1,30,,1161,46,,,1,69,,1175,46,,,1,27,,1163,46,,,1,98,,1162,46,,,1,98,,1155,46,,,1,100,,1159,46,,,1,100,,1183,46,,,1
11900,'Saturday',625,,1184,46,,,1,101,,1185,46,,,1,102,,1186,46,,,1,102,,1187,46,,,1,101,,1188,46,,,1,100,,1189,46,,,1,100,,1192,46,,,1,101,,1190,46,,,1,100,,1194,46,,,1,100,,1191,46,,,1,100,,1193,46,,,1,100,,1196,46,,,1,99,,1197,46,,,1,97,,1195,46,,,1,99,,1198,46,,,1,98,,1199,46,,,1
13000,'Sunday',657,,1496,14,,,1,100,,1498,14,,,1,101,,1497,14,,,1,100,,1499,14,,,1,100,,1502,14,,,1,101,,1500,14,,,1,100,,1501,14,,,1,100,,1504,14,,,1,100,,1503,14,,,1,100,,1505,14,,,1,100,,1506,14,,,1,100,,1507,14,,,1,100,,1508,14,,,1,99,,1509,14,,,1,100,,1510,14,,,1
13000,'Weekday',528,,1530,14,,,1,30,,1533,14,,,1,70,,1519,14,,,1,30,,1534,14,,,1,71,,1511,14,,,1,30,,1521,14,,,1,70,,1512,14,,,1,30,,1535,14,,,1,70,,1520,14,,,1,30,,1537,14,,,1,70,,1529,14,,,1,30,,1538,14,,,1,70,,1526,14,,,1,30,,1539,14,,,1,70,,1527,14,,,1,30,,1540,14,,,1,70,,1528,14,,,1,30,,1541,14,,,1,71,,1525,14,,,1,70,,1542,14,,,1,30,,1513,14,,,1,70,,1531,14,,,1,30,,1523,14,,,1,70,,1522,14,,,1,30,,1514,14,,,1,70,,1524,14,,,1,29,,1515,14,,,1,30,,1536,14,,,1,69,,1516,14,,,1,100,,1517,14,,,1,100,,1518,14,,,1,100,,1532,14,,,1
13000,'Saturday',557,,1558,14,,,1,100,,1543,14,,,1,100,,1544,14,,,1,100,,1545,14,,,1,101,,1546,14,,,1,100,,1547,14,,,1,101,,1548,14,,,1,100,,1549,14,,,1,100,,1550,14,,,1,100,,1551,14,,,1,100,,1552,14,,,1,100,,1553,14,,,1,100,,1554,14,,,1,99,,1555,14,,,1,100,,1556,14,,,1,100,,1557,14,,,1,100,,1559,14,,,1
