11101,'H:123:0:Weekday',1631,,13322,2,,,1,100,,13321,2,,,1
11201,'H:113:6:Sunday',656,,13415,2,,,1,70,,13429,2,,,1,29,,13416,2,,,1,70,,13430,2,,,1,30,,13417,2,,,1,70,,13431,2,,,1,30,,13414,2,,,1,69,,13432,2,,,1,30,,13418,2,,,1,70,,13433,2,,,1,30,,13419,2,,,1,70,,13435,2,,,1,30,,13420,2,,,1,70,,13436,2,,,1,30,,13421,2,,,1,70,,13437,2,,,1,30,,13423,2,,,1,70,,13434,2,,,1,30,,13425,2,,,1,70,,13438,2,,,1,30,,13426,2,,,1,70,,13439,2,,,1,30,,13422,2,,,1,100,,13427,2,,,1,101,,13424,2,,,1,100,,13428,2,,,1
11201,'H:123:0:Weekday',504,,13457,2,,,1,30,,13461,2,,,1,68,,13453,2,,,1,30,,13468,2,,,1,27,,13442,2,,,1,61,,13470,2,,,1,21,,13473,2,,,1,60,,13445,2,,,1,20,,13469,2,,,1,20,,13474,2,,,1,60,,13441,2,,,1,30,,13466,2,,,1,70,,13443,2,,,1,30,,13458,2,,,1,70,,13455,2,,,1,30,,13462,2,,,1,70,,13454,2,,,1,30,,13459,2,,,1,69,,13456,2,,,1,30,,13460,2,,,1,28,,13447,2,,,1,60,,13463,2,,,1,20,,13475,2,,,1,21,,13452,2,,,1,60,,13472,2,,,1,20,,13476,2,,,1,19,,13444,2,,,1,60,,13467,2,,,1,20,,13477,2,,,1,21,,13446,2,,,1,60,,13471,2,,,1,20,,13478,2,,,1,20,,13440,2,,,1,70,,13464,2,,,1,72,,13449,2,,,1,31,,13465,2,,,1,70,,13450,2,,,1,100,,13448,2,,,1,101,,13451,2,,,1
11201,'H:173:5:Saturday',656,,13481,2,,,1,70,,13496,2,,,1,29,,13480,2,,,1,70,,13500,2,,,1,30,,13483,2,,,1,70,,13499,2,,,1,29,,13479,2,,,1,70,,13501,2,,,1,30,,13482,2,,,1,69,,13495,2,,,1,30,,13489,2,,,1,70,,13504,2,,,1,30,,13490,2,,,1,70,,13502,2,,,1,30,,13487,2,,,1,70,,13503,2,,,1,30,,13484,2,,,1,70,,13498,2,,,1,30,,13485,2,,,1,70,,13505,2,,,1,30,,13486,2,,,1,70,,13497,2,,,1,30,,13488,2,,,1,70,,13494,2,,,1,30,,13491,2,,,1,101,,13492,2,,,1,101,,13493,2,,,1
11901,'H:113:6:Sunday',806,,13845,2,,,1,100,,13842,2,,,1,100,,13843,2,,,1,100,,13846,2,,,1,100,,13844,2,,,1,100,,13847,2,,,1,100,,13848,2,,,1,100,,13849,2,,,1,100,,13850,2,,,1,100,,13851,2,,,1,100,,13852,2,,,1,100,,13853,2,,,1,100,,13854,2,,,1
11901,'H:123:0:Weekday',616,,13871,2,,,1,30,,13855,2,,,1,75,,13872,2,,,1,30,,13858,2,,,1,70,,13873,2,,,1,30,,13856,2,,,1,70,,13877,2,,,1,30,,13857,2,,,1,70,,13878,2,,,1,30,,13860,2,,,1,70,,13879,2,,,1,30,,13859,2,,,1,70,,13880,2,,,1,30,,13861,2,,,1,70,,13881,2,,,1,35,,13864,2,,,1,65,,13882,2,,,1,30,,13865,2,,,1,70,,13874,2,,,1,30,,13863,2,,,1,70,,13875,2,,,1,30,,13867,2,,,1,70,,13876,2,,,1,30,,13866,2,,,1,100,,13862,2,,,1,100,,13870,2,,,1,100,,13868,2,,,1,100,,13869,2,,,1
11901,'H:173:5:Saturday',606,,13886,2,,,1,100,,13887,2,,,1,100,,13883,2,,,1,100,,13885,2,,,1,100,,13888,2,,,1,100,,13890,2,,,1,100,,13884,2,,,1,100,,13893,2,,,1,100,,13889,2,,,1,100,,13894,2,,,1,100,,13891,2,,,1,100,,13897,2,,,1,100,,13898,2,,,1,100,,13892,2,,,1,100,,13895,2,,,1,100,,13896,2,,,1
11901,'KP:323:0:Weekday',546,,13899,2,,,1
13001,'H:113:6:Sunday',708,,14216,36,,,1,100,,14202,36,,,1,99,,14203,36,,,1,100,,14204,36,,,1,99,,14205,36,,,1,105,,14206,36,,,1,99,,14207,36,,,1,100,,14208,36,,,1,100,,14209,36,,,1,100,,14210,36,,,1,101,,14211,36,,,1,100,,14213,36,,,1,96,,14212,36,,,1,95,,14214,36,,,1,100,,14215,36,,,1
13001,'H:123:0:Weekday',452,,14239,36,,,1,69,,14241,36,,,1,29,,14224,36,,,1,70,,14242,36,,,1,30,,14225,36,,,1,70,,14218,36,,,1,30,,14226,36,,,1,70,,14220,36,,,1,30,,14227,36,,,1,70,,14243,36,,,1,31,,14217,36,,,1,70,,14244,36,,,1,30,,14235,36,,,1,69,,14245,36,,,1,30,,14233,36,,,1,70,,14246,36,,,1,30,,14231,36,,,1,70,,14247,36,,,1,29,,14232,36,,,1,70,,14248,36,,,1,29,,14234,36,,,1,69,,14229,36,,,1,30,,14238,36,,,1,70,,14230,36,,,1,31,,14237,36,,,1,70,,14219,36,,,1,30,,14228,36,,,1,70,,14221,36,,,1,32,,14236,36,,,1,100,,14222,36,,,1,105,,14223,36,,,1,96,,14240,36,,,1
13001,'H:173:5:Saturday',608,,14265,36,,,1,100,,14249,36,,,1,100,,14250,36,,,1,98,,14251,36,,,1,100,,14252,36,,,1,99,,14253,36,,,1,105,,14254,36,,,1,100,,14255,36,,,1,100,,14256,36,,,1,101,,14257,36,,,1,100,,14258,36,,,1,100,,14259,36,,,1,100,,14260,36,,,1,95,,14261,36,,,1,95,,14262,36,,,1,100,,14263,36,,,1,101,,14264,36,,,1
