10100,'H:113:6:Sunday',723,,12648,31,,,1,101,,12654,31,,,1,102,,12645,31,,,1,101,,12646,31,,,1,101,,12650,31,,,1,101,,12655,31,,,1,100,,12647,31,,,1,30,,12658,31,,,1,70,,12651,31,,,1,30,,12659,31,,,1,70,,12652,31,,,1,30,,12660,31,,,1,70,,12644,31,,,1,30,,12661,31,,,1,70,,12649,31,,,1,29,,12662,31,,,1,69,,12643,31,,,1,99,,12653,31,,,1,98,,12656,31,,,1,99,,12657,31,,,1
10100,'H:123:0:Weekday',548,,12664,31,,,1,72,,12665,31,,,1,106,,12667,31,,,1,32,,12668,31,,,1,70,,12663,31,,,1,30,,12669,31,,,1,68,,12666,31,,,1,30,,12670,31,,,1,70,,12696,31,,,1,30,,12671,31,,,1,70,,12691,31,,,1,30,,12673,31,,,1,71,,12692,31,,,1,31,,12674,31,,,1,71,,12690,31,,,1,71,,12675,31,,,1,101,,12672,31,,,1,31,,12676,31,,,1,71,,12677,31,,,1,30,,12679,31,,,1,70,,12680,31,,,1,30,,12681,31,,,1,67,,12678,31,,,1,29,,12683,31,,,1,29,,12684,31,,,1,68,,12685,31,,,1,27,,12682,31,,,1,69,,12686,31,,,1,30,,12693,31,,,1,69,,12687,31,,,1,29,,12694,31,,,1,70,,12688,31,,,1,28,,12695,31,,,1,79,,12689,31,,,1
10100,'H:173:5:Saturday',620,,12706,31,,,1,105,,12697,31,,,1,101,,12705,31,,,1,102,,12708,31,,,1,103,,12698,31,,,1,101,,12704,31,,,1,70,,12713,31,,,1,30,,12710,31,,,1,70,,12714,31,,,1,30,,12699,31,,,1,70,,12715,31,,,1,30,,12711,31,,,1,70,,12716,31,,,1,30,,12700,31,,,1,70,,12717,31,,,1,30,,12701,31,,,1,68,,12718,31,,,1,30,,12702,31,,,1,28,,12719,31,,,1,70,,12707,31,,,1,99,,12703,31,,,1,100,,12712,31,,,1,98,,12709,31,,,1
10100,'KP:323:0:Weekday',652,,12721,31,,,1,778,,12720,31,,,1
11400,'H:113:6:Sunday',733,,13506,27,,,1,101,,13507,27,,,1,101,,13508,27,,,1,100,,13509,27,,,1,102,,13510,27,,,1,100,,13511,27,,,1,100,,13512,27,,,1,101,,13513,27,,,1,100,,13516,27,,,1,100,,13517,27,,,1,99,,13518,27,,,1,100,,13514,27,,,1,98,,13515,27,,,1,99,,13519,27,,,1
11400,'H:123:0:Weekday',538,,13549,27,,,1,72,,13543,27,,,1,32,,13534,27,,,1,71,,13520,27,,,1,30,,13536,27,,,1,102,,13521,27,,,1,70,,13522,27,,,1,29,,13538,27,,,1,70,,13545,27,,,1,30,,13523,27,,,1,70,,13548,27,,,1,30,,13524,27,,,1,100,,13525,27,,,1,70,,13546,27,,,1,31,,13542,27,,,1,76,,13544,27,,,1,25,,13526,27,,,1,70,,13547,27,,,1,30,,13537,27,,,1,70,,13540,27,,,1,31,,13527,27,,,1,70,,13529,27,,,1,29,,13539,27,,,1,70,,13541,27,,,1,29,,13528,27,,,1,67,,13530,27,,,1,29,,13532,27,,,1,100,,13535,27,,,1,99,,13533,27,,,1,99,,13531,27,,,1
11400,'H:173:5:Saturday',634,,13565,27,,,1,100,,13550,27,,,1,101,,13551,27,,,1,102,,13553,27,,,1,100,,13556,27,,,1,101,,13555,27,,,1,101,,13552,27,,,1,100,,13566,27,,,1,100,,13554,27,,,1,100,,13560,27,,,1,100,,13558,27,,,1,99,,13562,27,,,1,99,,13559,27,,,1,99,,13557,27,,,1,98,,13563,27,,,1,100,,13561,27,,,1,100,,13564,27,,,1
11400,'KP:323:0:Weekday',814,,13568,27,,,1,400,,13567,27,,,1
13001,'H:113:6:Sunday',700,,14216,22,,,1,59,,14202,22,,,1,98,,14203,22,,,1,99,,14204,22,,,1,99,,14205,22,,,1,145,,14206,22,,,1,59,,14207,22,,,1,99,,14208,22,,,1,99,,14209,22,,,1,100,,14210,22,,,1,102,,14211,22,,,1,100,,14213,22,,,1,96,,14212,22,,,1,96,,14214,22,,,1,101,,14215,22,,,1
13001,'H:123:0:Weekday',444,,14239,22,,,1,68,,14241,22,,,1,29,,14224,22,,,1,68,,14242,22,,,1,29,,14225,22,,,1,69,,14218,22,,,1,30,,14226,22,,,1,70,,14220,22,,,1,31,,14227,22,,,1,70,,14243,22,,,1,31,,14217,22,,,1,70,,14244,22,,,1,29,,14235,22,,,1,69,,14245,22,,,1,30,,14233,22,,,1,70,,14246,22,,,1,30,,14231,22,,,1,70,,14247,22,,,1,29,,14232,22,,,1,70,,14248,22,,,1,29,,14234,22,,,1,69,,14229,22,,,1,30,,14238,22,,,1,70,,14230,22,,,1,31,,14237,22,,,1,70,,14219,22,,,1,30,,14228,22,,,1,70,,14221,22,,,1,32,,14236,22,,,1,102,,14222,22,,,1,106,,14223,22,,,1,96,,14240,22,,,1
13001,'H:173:5:Saturday',559,,14265,22,,,1,100,,14249,22,,,1,100,,14250,22,,,1,96,,14251,22,,,1,100,,14252,22,,,1,98,,14253,22,,,1,105,,14254,22,,,1,100,,14255,22,,,1,100,,14256,22,,,1,100,,14257,22,,,1,100,,14258,22,,,1,100,,14259,22,,,1,100,,14260,22,,,1,97,,14261,22,,,1,95,,14262,22,,,1,101,,14263,22,,,1,101,,14264,22,,,1
