'MCOB-DO:111:6:Sunday:1:25SEP:1234567',28000,75500,,'',1,10000,,'',1,10000,,'',1,10000,,'',1,10000,,'',1,10000,,'',1,10000,,'',1,10000,,'',1,10000,,'',1,10000,,'',1,10000,,'',1,10000,,'',1,10000,,'',1
'MCOB-DO:111:6:Sunday:1:25SEP:1234567',28001,81700,4,'',1,10100,4,'',1,10200,4,'',1,10100,4,'',1,10100,4,'',1,10000,4,'',1,10000,4,'',1,10000,4,'',1,10000,4,'',1,10000,4,'',1,10000,4,'',1,9900,4,'',1,10000,4,'',1
'MCOB-DO:111:6:Sunday:4:25SEP:1234567',28000,75500,,'',1,10000,,'',1,10000,,'',1,10000,,'',1,10000,,'',1,10000,,'',1,10000,,'',1,10000,,'',1,10000,,'',1,10000,,'',1,10000,,'',1,10000,,'',1,10000,,'',1
'MCOB-DO:111:6:Sunday:4:25SEP:1234567',28001,81700,4,'',1,10100,4,'',1,10200,4,'',1,10100,4,'',1,10100,4,'',1,10000,4,'',1,10000,4,'',1,10000,4,'',1,10000,4,'',1,10000,4,'',1,10000,4,'',1,9900,4,'',1,10000,4,'',1
'MCOB-DO:121:0:Weekday:2:25SEP:12345',28000,45500,,'',1,14500,,'',1,10500,,'',1,10000,,'',1,10000,,'',1,10000,,'',1,10000,,'',1,10000,,'',1,10000,,'',1,10000,,'',1,10000,,'',1,10000,,'',1,10500,,'',1,9500,,'',1,9500,,'',1,10000,,'',1,10000,,'',1
'MCOB-DO:121:0:Weekday:2:25SEP:12345',28001,64900,4,'',1,10000,4,'',1,10200,4,'',1,10200,4,'',1,9900,4,'',1,10100,4,'',1,10000,4,'',1,10200,4,'',1,10100,4,'',1,9700,4,'',1,10400,4,'',1,10000,4,'',1,9500,4,'',1,9600,4,'',1,10300,4,'',1
'MCOB-DO:121:0:Weekday:4:25SEP:12345',28000,45500,,'',1,14500,,'',1,10500,,'',1,10000,,'',1,10000,,'',1,10000,,'',1,10000,,'',1,10000,,'',1,10000,,'',1,10000,,'',1,10000,,'',1,10000,,'',1,10500,,'',1,9500,,'',1,9500,,'',1,10000,,'',1,10000,,'',1
'MCOB-DO:121:0:Weekday:4:25SEP:12345',28001,64900,4,'',1,10000,4,'',1,10200,4,'',1,10200,4,'',1,9900,4,'',1,10100,4,'',1,10000,4,'',1,10200,4,'',1,10100,4,'',1,9700,4,'',1,10400,4,'',1,10000,4,'',1,9500,4,'',1,9600,4,'',1,10300,4,'',1
'MCOB-DO:171:5:Saturday:2:25SEP:6',28000,65500,,'',1,10000,,'',1,10000,,'',1,10000,,'',1,10000,,'',1,10000,,'',1,10000,,'',1,10000,,'',1,10000,,'',1,10000,,'',1,10000,,'',1,10000,,'',1,10000,,'',1,10000,,'',1
'MCOB-DO:171:5:Saturday:2:25SEP:6',28001,81800,4,'',1,10100,4,'',1,10100,4,'',1,10200,4,'',1,10200,4,'',1,10000,4,'',1,10100,4,'',1,10000,4,'',1,10000,4,'',1,9800,4,'',1,9900,4,'',1,9900,4,'',1,10000,4,'',1
'MCOB-DO:171:5:Saturday:4:25SEP:6',28000,65500,,'',1,10000,,'',1,10000,,'',1,10000,,'',1,10000,,'',1,10000,,'',1,10000,,'',1,10000,,'',1,10000,,'',1,10000,,'',1,10000,,'',1,10000,,'',1,10000,,'',1,10000,,'',1
'MCOB-DO:171:5:Saturday:4:25SEP:6',28001,81800,4,'',1,10100,4,'',1,10100,4,'',1,10200,4,'',1,10200,4,'',1,10000,4,'',1,10100,4,'',1,10000,4,'',1,10000,4,'',1,9800,4,'',1,9900,4,'',1,9900,4,'',1,10000,4,'',1
