11201,'H:113:6:Sunday',722,,13415,36,,,1,30,,13429,36,,,1,70,,13416,36,,,1,30,,13430,36,,,1,71,,13417,36,,,1,30,,13431,36,,,1,71,,13414,36,,,1,30,,13432,36,,,1,70,,13418,36,,,1,30,,13433,36,,,1,70,,13419,36,,,1,30,,13435,36,,,1,71,,13420,36,,,1,30,,13436,36,,,1,70,,13421,36,,,1,30,,13437,36,,,1,70,,13423,36,,,1,30,,13434,36,,,1,70,,13425,36,,,1,30,,13438,36,,,1,70,,13426,36,,,1,29,,13439,36,,,1,70,,13422,36,,,1,100,,13427,36,,,1,100,,13424,36,,,1,99,,13428,36,,,1
11201,'H:123:0:Weekday',531,,13457,36,,,1,70,,13461,36,,,1,31,,13453,36,,,1,70,,13468,36,,,1,30,,13442,36,,,1,20,,13470,36,,,1,60,,13473,36,,,1,21,,13445,36,,,1,21,,13469,36,,,1,60,,13474,36,,,1,20,,13441,36,,,1,70,,13466,36,,,1,30,,13443,36,,,1,70,,13458,36,,,1,30,,13455,36,,,1,70,,13462,36,,,1,30,,13454,36,,,1,71,,13459,36,,,1,30,,13456,36,,,1,71,,13460,36,,,1,30,,13447,36,,,1,21,,13463,36,,,1,60,,13475,36,,,1,20,,13452,36,,,1,21,,13472,36,,,1,60,,13476,36,,,1,20,,13444,36,,,1,21,,13467,36,,,1,60,,13477,36,,,1,20,,13446,36,,,1,19,,13471,36,,,1,60,,13478,36,,,1,19,,13440,36,,,1,69,,13464,36,,,1,29,,13449,36,,,1,69,,13465,36,,,1,30,,13450,36,,,1,99,,13448,36,,,1,100,,13451,36,,,1
11201,'H:173:5:Saturday',723,,13481,36,,,1,30,,13496,36,,,1,70,,13480,36,,,1,30,,13500,36,,,1,71,,13483,36,,,1,30,,13499,36,,,1,70,,13479,36,,,1,30,,13501,36,,,1,72,,13482,36,,,1,30,,13495,36,,,1,70,,13489,36,,,1,30,,13504,36,,,1,70,,13490,36,,,1,30,,13502,36,,,1,70,,13487,36,,,1,30,,13503,36,,,1,70,,13484,36,,,1,30,,13498,36,,,1,70,,13485,36,,,1,30,,13505,36,,,1,70,,13486,36,,,1,30,,13497,36,,,1,70,,13488,36,,,1,29,,13494,36,,,1,69,,13491,36,,,1,100,,13492,36,,,1,100,,13493,36,,,1
12101,'H:113:6:Sunday',730,,14081,33,,,1,101,,14082,33,,,1,102,,14083,33,,,1,100,,14084,33,,,1,102,,14085,33,,,1,101,,14086,33,,,1,100,,14087,33,,,1,100,,14089,33,,,1,100,,14090,33,,,1,99,,14091,33,,,1,99,,14088,33,,,1,99,,14092,33,,,1,100,,14093,33,,,1,99,,14094,33,,,1
12101,'H:123:0:Weekday',528,,14112,33,,,1,30,,14095,33,,,1,68,,14110,33,,,1,25,,14115,33,,,1,67,,14119,33,,,1,26,,14117,33,,,1,67,,14120,33,,,1,25,,14109,33,,,1,69,,14103,33,,,1,96,,14111,33,,,1,55,,14113,33,,,1,90,,14114,33,,,1,90,,14104,33,,,1,90,,14105,33,,,1,91,,14116,33,,,1,97,,14098,33,,,1,34,,14107,33,,,1,72,,14118,33,,,1,32,,14101,33,,,1,74,,14099,33,,,1,30,,14106,33,,,1,67,,14096,33,,,1,31,,14097,33,,,1,68,,14108,33,,,1,29,,14122,33,,,1,92,,14100,33,,,1,99,,14102,33,,,1,99,,14121,33,,,1
12101,'H:173:5:Saturday',628,,14123,33,,,1,100,,14124,33,,,1,104,,14125,33,,,1,101,,14126,33,,,1,102,,14127,33,,,1,100,,14128,33,,,1,102,,14129,33,,,1,100,,14130,33,,,1,100,,14131,33,,,1,100,,14132,33,,,1,100,,14133,33,,,1,100,,14134,33,,,1,98,,14135,33,,,1,99,,14136,33,,,1,98,,14137,33,,,1
16600,'H:113:6:Sunday',652,,14266,26,,,1,97,,14267,26,,,1,99,,14268,26,,,1,98,,14269,26,,,1,98,,14270,26,,,1,98,,14271,26,,,1,99,,14272,26,,,1,99,,14273,26,,,1,100,,14274,26,,,1,101,,14275,26,,,1,101,,14276,26,,,1,102,,14277,26,,,1,101,,14278,26,,,1,101,,14279,26,,,1,101,,14280,26,,,1,101,,14281,26,,,1
16600,'H:123:0:Weekday',459,,14304,26,,,1,70,,14293,26,,,1,26,,14302,26,,,1,70,,14292,26,,,1,29,,14305,26,,,1,70,,14287,26,,,1,29,,14297,26,,,1,70,,14286,26,,,1,99,,14285,26,,,1,100,,14284,26,,,1,100,,14283,26,,,1,29,,14294,26,,,1,198,,14299,26,,,1,99,,14298,26,,,1,99,,14296,26,,,1,69,,14290,26,,,1,29,,14295,26,,,1,173,,14282,26,,,1,31,,14301,26,,,1,73,,14289,26,,,1,31,,14288,26,,,1,100,,14291,26,,,1,102,,14300,26,,,1,103,,14303,26,,,1
16600,'H:173:5:Saturday',552,,14306,26,,,1,99,,14307,26,,,1,97,,14309,26,,,1,99,,14310,26,,,1,96,,14311,26,,,1,100,,14308,26,,,1,98,,14312,26,,,1,98,,14314,26,,,1,99,,14315,26,,,1,99,,14319,26,,,1,101,,14317,26,,,1,101,,14320,26,,,1,102,,14318,26,,,1,101,,14316,26,,,1,104,,14321,26,,,1,101,,14313,26,,,1,101,,14322,26,,,1
16600,'KP:323:0:Weekday',853,,14331,26,,,1,99,,14327,26,,,1,100,,14323,26,,,1,167,,14329,26,,,1,30,,14326,26,,,1,70,,14330,26,,,1,99,,14328,26,,,1,99,,14324,26,,,1,198,,14332,26,,,1,32,,14325,26,,,1
16601,'H:113:6:Sunday',722,,14333,34,,,1,101,,14334,34,,,1,101,,14335,34,,,1,102,,14336,34,,,1,101,,14337,34,,,1,101,,14338,34,,,1,100,,14339,34,,,1,100,,14340,34,,,1,100,,14341,34,,,1,100,,14342,34,,,1,100,,14344,34,,,1,99,,14346,34,,,1,100,,14343,34,,,1,99,,14347,34,,,1,99,,14345,34,,,1
16601,'H:123:0:Weekday',530,,14360,34,,,1,71,,14369,34,,,1,31,,14361,34,,,1,70,,14356,34,,,1,101,,14354,34,,,1,31,,14370,34,,,1,70,,14353,34,,,1,100,,14352,34,,,1,30,,14362,34,,,1,201,,14363,34,,,1,101,,14364,34,,,1,100,,14365,34,,,1,71,,14351,34,,,1,132,,14366,34,,,1,70,,14357,34,,,1,99,,14350,34,,,1,29,,14367,34,,,1,98,,14359,34,,,1,70,,14349,34,,,1,30,,14348,34,,,1,99,,14355,34,,,1,98,,14358,34,,,1,99,,14368,34,,,1
16601,'H:173:5:Saturday',622,,14373,34,,,1,101,,14371,34,,,1,102,,14372,34,,,1,101,,14375,34,,,1,101,,14378,34,,,1,101,,14374,34,,,1,101,,14379,34,,,1,100,,14377,34,,,1,101,,14376,34,,,1,101,,14381,34,,,1,100,,14382,34,,,1,99,,14383,34,,,1,99,,14380,34,,,1,99,,14384,34,,,1,99,,14385,34,,,1,99,,14386,34,,,1,98,,14387,34,,,1
16601,'KP:323:0:Weekday',733,,14396,34,,,1,201,,14388,34,,,1,171,,14398,34,,,1,30,,14391,34,,,1,70,,14397,34,,,1,101,,14393,34,,,1,100,,14389,34,,,1,131,,14395,34,,,1,71,,14390,34,,,1,133,,14392,34,,,1,165,,14394,34,,,1
