10200,'Sunday',803,,4387,26,4,,1,31,,4373,26,4,,1,70,,4388,26,4,,1,101,,4389,26,4,,1,30,,4375,26,4,,1,70,,4390,26,4,,1,31,,4376,26,4,,1,70,,4391,26,4,,1,201,,4393,26,4,,1,30,,4379,26,4,,1,70,,4394,26,4,,1,30,,4380,26,4,,1,70,,4395,26,4,,1,99,,4396,26,4,,1,100,,4397,26,4,,1,29,,4384,26,4,,1,70,,4398,26,4,,1,229,,4386,26,4,,1,100,,4399,26,4,,1
10200,'Weekday',539,,4424,26,4,,1,70,,4419,26,4,,1,27,,4401,26,4,,1,70,,4426,26,4,,1,30,,4400,26,4,,1,70,,4427,26,4,,1,37,,4402,26,4,,1,100,,4403,26,4,,1,70,,4404,26,4,,1,30,,4406,26,4,,1,70,,4407,26,4,,1,101,,4410,26,4,,1,30,,4408,26,4,,1,70,,4409,26,4,,1,30,,4412,26,4,,1,101,,4413,26,4,,1,70,,4414,26,4,,1,30,,4415,26,4,,1,71,,4429,26,4,,1,30,,4425,26,4,,1,70,,4430,26,4,,1,128,,4422,26,4,,1,69,,4416,26,4,,1,28,,4420,26,4,,1,99,,4421,26,4,,1,99,,4417,26,4,,1,100,,4418,26,4,,1
10200,'Saturday',634,,4436,26,4,,1,70,,4437,26,4,,1,30,,4438,26,4,,1,70,,4439,26,4,,1,31,,4440,26,4,,1,70,,4441,26,4,,1,31,,4442,26,4,,1,71,,4443,26,4,,1,30,,4444,26,4,,1,72,,4445,26,4,,1,30,,4446,26,4,,1,70,,4447,26,4,,1,30,,4448,26,4,,1,70,,4449,26,4,,1,29,,4451,26,4,,1,70,,4452,26,4,,1,30,,4453,26,4,,1,70,,4450,26,4,,1,30,,4454,26,4,,1,70,,4455,26,4,,1,30,,4456,26,4,,1,69,,4457,26,4,,1,30,,4458,26,4,,1,70,,4459,26,4,,1,29,,4460,26,4,,1,70,,4461,26,4,,1,30,,4433,26,4,,1,99,,4435,26,4,,1,99,,4434,26,4,,1,100,,4432,26,4,,1,100,,4462,26,4,,1,100,,4463,26,4,,1
13000,'Sunday',723,,5708,50,4,,1,204,,5709,50,4,,1,303,,5712,50,4,,1,102,,5713,50,4,,1,199,,5715,50,4,,1,100,,5717,50,4,,1,100,,5718,50,4,,1,98,,5719,50,4,,1,98,,5720,50,4,,1,98,,5721,50,4,,1
13000,'Weekday',833,,5733,50,4,,1,974,,5726,50,4,,1,27,,5736,50,4,,1,97,,5748,50,4,,1
16600,'Sunday',725,,5836,58,4,,1,102,,5837,58,4,,1,102,,5838,58,4,,1,101,,5839,58,4,,1,100,,5840,58,4,,1,101,,5841,58,4,,1,201,,5843,58,4,,1,200,,5845,58,4,,1,99,,5846,58,4,,1,198,,5848,58,4,,1,99,,5849,58,4,,1,99,,5850,58,4,,1,99,,5851,58,4,,1
16600,'Weekday',534,,5885,58,4,,1,71,,5868,58,4,,1,30,,5882,58,4,,1,73,,5867,58,4,,1,32,,5883,58,4,,1,100,,5874,58,4,,1,71,,5861,58,4,,1,30,,5873,58,4,,1,70,,5860,58,4,,1,30,,5879,58,4,,1,70,,5859,58,4,,1,31,,5872,58,4,,1,70,,5857,58,4,,1,30,,5869,58,4,,1,100,,5875,58,4,,1,71,,5856,58,4,,1,30,,5878,58,4,,1,71,,5855,58,4,,1,30,,5876,58,4,,1,70,,5854,58,4,,1,30,,5871,58,4,,1,70,,5865,58,4,,1,30,,5870,58,4,,1,70,,5852,58,4,,1,28,,5877,58,4,,1,98,,5881,58,4,,1,70,,5864,58,4,,1,29,,5863,58,4,,1,99,,5866,58,4,,1,98,,5880,58,4,,1,98,,5884,58,4,,1
16600,'Saturday',627,,5886,58,4,,1,101,,5887,58,4,,1,101,,5889,58,4,,1,102,,5890,58,4,,1,103,,5891,58,4,,1,100,,5888,58,4,,1,100,,5892,58,4,,1,100,,5894,58,4,,1,100,,5895,58,4,,1,100,,5899,58,4,,1,100,,5897,58,4,,1,100,,5900,58,4,,1,99,,5898,58,4,,1,98,,5896,58,4,,1,99,,5901,58,4,,1,99,,5893,58,4,,1,98,,5902,58,4,,1
90900,'Sunday',1325,,8302,22,4,,1,90,,8303,22,4,,1
90900,'Weekday',1140,,8323,22,4,,1,185,,8325,22,4,,1,90,,8326,22,4,,1
