10900,'Sunday',755,,9016,2,,,1,100,,9020,2,,,1,100,,9011,2,,,1,100,,9012,2,,,1,100,,9023,2,,,1,100,,9014,2,,,1,100,,9019,2,,,1,100,,9013,2,,,1,100,,9015,2,,,1,100,,9022,2,,,1,100,,9018,2,,,1,100,,9021,2,,,1,100,,9017,2,,,1,100,,9024,2,,,1
10900,'Weekday',451,,9038,2,,,1,100,,9032,2,,,1,100,,9028,2,,,1,100,,9034,2,,,1,107,,9041,2,,,1,100,,9026,2,,,1,100,,9040,2,,,1,100,,9039,2,,,1,100,,9031,2,,,1,100,,9037,2,,,1,100,,9029,2,,,1,100,,9033,2,,,1,100,,9036,2,,,1,100,,9030,2,,,1,100,,9027,2,,,1,100,,9025,2,,,1,100,,9035,2,,,1
10900,'Saturday',655,,9046,2,,,1,100,,9049,2,,,1,100,,9045,2,,,1,100,,9042,2,,,1,100,,9054,2,,,1,100,,9047,2,,,1,100,,9052,2,,,1,100,,9043,2,,,1,100,,9044,2,,,1,100,,9056,2,,,1,100,,9048,2,,,1,100,,9053,2,,,1,100,,9050,2,,,1,100,,9051,2,,,1,100,,9055,2,,,1
28000,'Sunday',825,,10973,36,,,1,101,,10974,36,,,1,100,,10975,36,,,1,100,,10976,36,,,1,100,,10984,36,,,1,100,,10978,36,,,1,100,,10977,36,,,1,100,,10979,36,,,1,100,,10980,36,,,1,99,,10981,36,,,1,100,,10985,36,,,1,100,,10983,36,,,1,100,,10982,36,,,1
28000,'Weekday',524,,10986,36,,,1,105,,10987,36,,,1,75,,11004,13,,,1,33,,10988,36,,,1,70,,11003,13,,,1,29,,10990,36,,,1,71,,11009,13,,,1,29,,10991,36,,,1,100,,10992,36,,,1,101,,10989,36,,,1,100,,10993,36,,,1,100,,10995,36,,,1,76,,11005,13,,,1,25,,10996,36,,,1,77,,11008,13,,,1,23,,10997,36,,,1,76,,11007,13,,,1,23,,10994,36,,,1,77,,11006,13,,,1,28,,10999,36,,,1,94,,11000,36,,,1,93,,11001,36,,,1,100,,10998,36,,,1,99,,11002,36,,,1
28000,'Saturday',724,,11022,36,,,1,100,,11010,36,,,1,100,,11018,36,,,1,102,,11011,36,,,1,101,,11020,36,,,1,101,,11021,36,,,1,100,,11012,36,,,1,99,,11013,36,,,1,100,,11015,36,,,1,99,,11014,36,,,1,100,,11016,36,,,1,100,,11017,36,,,1,99,,11019,36,,,1,100,,11023,36,,,1
28001,'Sunday',743,,11025,13,,,1,100,,11024,13,,,1,101,,11026,13,,,1,100,,11035,13,,,1,100,,11027,13,,,1,100,,11028,13,,,1,100,,11029,13,,,1,100,,11030,13,,,1,100,,11031,13,,,1,100,,11036,13,,,1,100,,11033,13,,,1,100,,11032,13,,,1,100,,11034,13,,,1
28001,'Weekday',613,,11038,13,,,1,100,,11037,13,,,1,25,,11055,13,0,8 7,1,76,,11039,13,,,1,25,,11054,13,0,8 7,1,75,,11040,13,,,1,100,,11041,13,,,1,101,,11042,13,,,1,100,,11043,13,,,1,101,,11044,13,,,1,100,,11045,13,,,1,20,,11058,13,0,8 7,1,75,,11046,13,,,1,26,,11053,13,0,8 7,1,76,,11052,13,,,1,25,,11047,13,0,8 7,1,75,,11048,13,,,1,25,,11057,13,0,8 7,1,74,,11049,13,,,1,24,,11056,13,0,8 7,1,74,,11050,13,,,1,104,,11051,13,,,1
28001,'Saturday',743,,11067,13,,,1,100,,11059,13,,,1,100,,11070,13,,,1,102,,11065,13,,,1,100,,11068,13,,,1,100,,11066,13,,,1,100,,11064,13,,,1,100,,11061,13,,,1,100,,11063,13,,,1,100,,11060,13,,,1,100,,11062,13,,,1,99,,11069,13,,,1,100,,11071,13,,,1
90300,'Weekday',454,,12426,2,,,1,74,,12427,2,,,1,27,,12428,2,,,1,65,,12429,2,,,1,32,,12430,2,,,1,75,,12431,2,,,1,80,,12432,2,,,1
90301,'Weekday',1600,,12433,13,,,1,32,,12434,13,,,1,24,,12435,13,,,1,70,,12436,13,,,1,27,,12437,13,,,1,69,,12438,13,,,1,29,,12439,13,,,1,73,,12440,13,,,1,34,,12441,13,,,1
