10200,'H:113:6:Sunday',731,,12802,24,,,1,70,,12817,24,,,1,31,,12803,24,,,1,70,,12818,24,,,1,30,,12804,24,,,1,71,,12819,24,,,1,30,,12805,24,,,1,70,,12820,24,,,1,31,,12806,24,,,1,70,,12821,24,,,1,29,,12807,24,,,1,71,,12822,24,,,1,30,,12808,24,,,1,71,,12823,24,,,1,30,,12809,24,,,1,70,,12824,24,,,1,30,,12810,24,,,1,70,,12825,24,,,1,29,,12812,24,,,1,70,,12826,24,,,1,29,,12813,24,,,1,71,,12827,24,,,1,29,,12814,24,,,1,70,,12828,24,,,1,29,,12811,24,,,1,100,,12815,24,,,1,100,,12816,24,,,1,100,,12829,24,,,1
10200,'H:123:0:Weekday',537,,12846,24,,,1,70,,12841,24,,,1,27,,12831,24,,,1,70,,12847,24,,,1,30,,12830,24,,,1,70,,12848,24,,,1,107,,12849,24,,,1,30,,12832,24,,,1,200,,12833,24,,,1,100,,12834,24,,,1,100,,12836,24,,,1,76,,12835,24,,,1,125,,12837,24,,,1,71,,12850,24,,,1,100,,12851,24,,,1,29,,12845,24,,,1,70,,12852,24,,,1,29,,12844,24,,,1,69,,12838,24,,,1,29,,12842,24,,,1,99,,12843,24,,,1,99,,12839,24,,,1,100,,12840,24,,,1
10200,'H:173:5:Saturday',632,,12857,24,,,1,70,,12858,24,,,1,30,,12859,24,,,1,70,,12860,24,,,1,31,,12861,24,,,1,70,,12862,24,,,1,31,,12863,24,,,1,71,,12864,24,,,1,30,,12865,24,,,1,71,,12866,24,,,1,30,,12867,24,,,1,70,,12868,24,,,1,30,,12869,24,,,1,70,,12870,24,,,1,30,,12872,24,,,1,70,,12873,24,,,1,30,,12875,24,,,1,70,,12871,24,,,1,30,,12876,24,,,1,70,,12877,24,,,1,30,,12874,24,,,1,69,,12878,24,,,1,30,,12879,24,,,1,70,,12880,24,,,1,29,,12881,24,,,1,70,,12882,24,,,1,30,,12854,24,,,1,99,,12856,24,,,1,99,,12855,24,,,1,100,,12853,24,,,1,100,,12883,24,,,1,100,,12884,24,,,1
10200,'KP:323:0:Weekday',841,,12885,24,,,1,170,,12891,24,,,1,30,,12888,24,,,1,70,,12893,24,,,1,100,,12890,24,,,1,100,,12886,24,,,1,131,,12892,24,,,1,70,,12887,24,,,1,131,,12889,24,,,1
13000,'H:113:6:Sunday',721,,14138,48,,,1,101,,14140,48,,,1,103,,14139,48,,,1,101,,14141,48,,,1,101,,14144,48,,,1,101,,14142,48,,,1,102,,14143,48,,,1,99,,14146,48,,,1,100,,14145,48,,,1,100,,14147,48,,,1,100,,14148,48,,,1,98,,14149,48,,,1,98,,14150,48,,,1,98,,14151,48,,,1,99,,14152,48,,,1
13000,'H:123:0:Weekday',551,,14172,48,,,1,74,,14175,48,,,1,30,,14161,48,,,1,71,,14176,48,,,1,31,,14153,48,,,1,73,,14163,48,,,1,70,,14154,48,,,1,29,,14177,48,,,1,29,,14162,48,,,1,71,,14179,48,,,1,30,,14171,48,,,1,71,,14180,48,,,1,70,,14168,48,,,1,30,,14181,48,,,1,70,,14169,48,,,1,30,,14182,48,,,1,70,,14170,48,,,1,30,,14183,48,,,1,72,,14167,48,,,1,30,,14184,48,,,1,71,,14155,48,,,1,31,,14173,48,,,1,70,,14165,48,,,1,30,,14164,48,,,1,70,,14156,48,,,1,27,,14166,48,,,1,69,,14157,48,,,1,28,,14178,48,,,1,29,,14158,48,,,1,98,,14159,48,,,1,99,,14160,48,,,1,98,,14174,48,,,1
13000,'H:173:5:Saturday',619,,14200,48,,,1,101,,14185,48,,,1,103,,14186,48,,,1,101,,14187,48,,,1,102,,14188,48,,,1,102,,14189,48,,,1,102,,14190,48,,,1,101,,14191,48,,,1,100,,14192,48,,,1,99,,14193,48,,,1,100,,14194,48,,,1,99,,14195,48,,,1,98,,14196,48,,,1,98,,14197,48,,,1,99,,14198,48,,,1,99,,14199,48,,,1,100,,14201,48,,,1
90900,'H:113:6:Sunday',657,,16730,20,,,1,80,,16731,20,,,1,100,,16732,20,,,1,85,,16733,20,,,1,85,,16734,20,,,1,45,,16735,20,,,1,85,,16736,20,,,1,85,,16737,20,,,1,100,,16738,20,,,1,90,,16739,20,,,1,90,,16740,20,,,1,40,,16741,20,,,1,90,,16742,20,,,1,80,,16743,20,,,1,90,,16745,20,,,1,40,,16746,20,,,1,85,,16747,20,,,1,90,,16744,20,,,1,35,,16748,20,,,1,85,,16749,20,,,1,75,,16750,20,,,1,45,,16751,20,,,1
90900,'H:123:0:Weekday',557,,16752,20,,,1,100,,16753,20,,,1,80,,16754,20,,,1,100,,16755,20,,,1,85,,16756,20,,,1,85,,16757,20,,,1,45,,16758,20,,,1,85,,16759,20,,,1,85,,16760,20,,,1,100,,16761,20,,,1,90,,16762,20,,,1,89,,16763,20,,,1,40,,16764,20,,,1,90,,16765,20,,,1,80,,16766,20,,,1,90,,16767,20,,,1,41,,16768,20,,,1,85,,16769,20,,,1,90,,16770,20,,,1,35,,16771,20,,,1,160,,16772,20,,,1,120,,16773,20,,,1
90900,'H:173:5:Saturday',557,,16774,20,,,1,100,,16775,20,,,1,80,,16777,20,,,1,100,,16778,20,,,1,85,,16779,20,,,1,85,,16776,20,,,1,45,,16780,20,,,1,84,,16781,20,,,1,85,,16782,20,,,1,100,,16783,20,,,1,90,,16784,20,,,1,91,,16785,20,,,1,40,,16786,20,,,1,90,,16787,20,,,1,80,,16788,20,,,1,90,,16789,20,,,1,40,,16790,20,,,1,85,,16791,20,,,1,90,,16792,20,,,1,35,,16793,20,,,1,85,,16794,20,,,1,75,,16795,20,,,1,45,,16796,20,,,1
