'MCOB-DO:113:6:Sunday:2:24MAR:1234567',22200,90500,4,'',1,5200,4,'',1,9100,4,'',1,9000,4,'',1,9300,4,'',1,9200,4,'',1,9400,4,'',1,8700,4,'',1,4800,4,'',1,8900,4,'',1,9000,4,'',1,8800,4,'',1,9000,4,'',1,4900,4,'',1
'MCOB-DO:113:6:Sunday:2:24MAR:1234567',22201,70000,,'',1,5000,,'',1,9000,,'',1,9000,,'',1,9000,,'',1,9000,,'',1,9000,,'',1,5000,,'',1,9000,,'',1,9000,,'',1,9000,,'',1,9000,,'',1,9000,,'',1,5000,,'',1,9000,,'',1
'MCOB-DO:113:6:Sunday:3:24MAR:1234567',22200,90500,4,'',1,5200,4,'',1,9100,4,'',1,9000,4,'',1,9300,4,'',1,9200,4,'',1,9400,4,'',1,8700,4,'',1,4800,4,'',1,8900,4,'',1,9000,4,'',1,8800,4,'',1,9000,4,'',1,4900,4,'',1
'MCOB-DO:113:6:Sunday:3:24MAR:1234567',22201,70000,,'',1,5000,,'',1,9000,,'',1,9000,,'',1,9000,,'',1,9000,,'',1,9000,,'',1,5000,,'',1,9000,,'',1,9000,,'',1,9000,,'',1,9000,,'',1,9000,,'',1,5000,,'',1,9000,,'',1
'MCOB-DO:123:0:Weekday:3:24MAR:12345',22200,71400,4,'',1,10100,4,'',1,9900,4,'',1,10100,4,'',1,10000,4,'',1,10500,4,'',1,10000,4,'',1,10100,4,'',1,9700,4,'',1,9900,4,'',1,9900,4,'',1,10000,4,'',1,10000,4,'',1,9700,4,'',1
'MCOB-DO:123:0:Weekday:3:24MAR:12345',22201,55500,,'',1,10000,,'',1,9800,,'',1,10100,,'',1,10000,,'',1,9800,,'',1,10100,,'',1,10000,,'',1,9900,,'',1,9900,,'',1,10000,,'',1,10000,,'',1,10100,,'',1,10100,,'',1,10100,,'',1,10000,,'',1
'MCOB-DO:123:0:Weekday:4:24MAR:12345',22200,71400,4,'',1,10100,4,'',1,9900,4,'',1,10100,4,'',1,10000,4,'',1,10500,4,'',1,10000,4,'',1,10100,4,'',1,9700,4,'',1,9900,4,'',1,9900,4,'',1,10000,4,'',1,10000,4,'',1,9700,4,'',1
'MCOB-DO:123:0:Weekday:4:24MAR:12345',22201,55500,,'',1,10000,,'',1,9800,,'',1,10100,,'',1,10000,,'',1,9800,,'',1,10100,,'',1,10000,,'',1,9900,,'',1,9900,,'',1,10000,,'',1,10000,,'',1,10100,,'',1,10100,,'',1,10100,,'',1,10000,,'',1
'MCOB-DO:173:5:Saturday:2:24MAR:6',22200,63100,4,'',1,9300,4,'',1,9000,4,'',1,9300,4,'',1,5100,4,'',1,9200,4,'',1,9200,4,'',1,9600,4,'',1,8900,4,'',1,9100,4,'',1,8900,4,'',1,4900,4,'',1,8800,4,'',1,8900,4,'',1,9000,4,'',1,8700,4,'',1,4800,4,'',1,8500,4,'',1
'MCOB-DO:173:5:Saturday:2:24MAR:6',22201,65700,,'',1,9000,,'',1,9000,,'',1,9000,,'',1,9000,,'',1,9000,,'',1,5000,,'',1,9000,,'',1,9000,,'',1,9000,,'',1,9000,,'',1,9000,,'',1,5000,,'',1,9000,,'',1,9000,,'',1,9000,,'',1,9000,,'',1,9000,,'',1
'MCOB-DO:173:5:Saturday:3:24MAR:6',22200,63100,4,'',1,9300,4,'',1,9000,4,'',1,9300,4,'',1,5100,4,'',1,9200,4,'',1,9200,4,'',1,9600,4,'',1,8900,4,'',1,9100,4,'',1,8900,4,'',1,4900,4,'',1,8800,4,'',1,8900,4,'',1,9000,4,'',1,8700,4,'',1,4800,4,'',1,8500,4,'',1
'MCOB-DO:173:5:Saturday:3:24MAR:6',22201,65700,,'',1,9000,,'',1,9000,,'',1,9000,,'',1,9000,,'',1,9000,,'',1,5000,,'',1,9000,,'',1,9000,,'',1,9000,,'',1,9000,,'',1,9000,,'',1,5000,,'',1,9000,,'',1,9000,,'',1,9000,,'',1,9000,,'',1,9000,,'',1
