'MCOB-DO:123:0:Weekday:3:25MAR:12345',27000,44100,,'',1,10500,,'',1,10000,,'',1,149500,,'',1
'MCOB-DO:123:0:Weekday:3:25MAR:12345',27001,62500,4,'',1
'MCOB-DO:123:0:Weekday:4:25MAR:12345',27000,44100,,'',1,10500,,'',1,10000,,'',1,149500,,'',1
'MCOB-DO:123:0:Weekday:4:25MAR:12345',27001,62500,4,'',1
'MCOB-DO:113:6:Sunday:3:25MAR:1234567',27100,65600,,'',1,10000,,'',1,10100,,'',1,10000,,'',1,10000,,'',1,10000,,'',1,10000,,'',1,10000,,'',1,10000,,'',1,10000,,'',1,10000,,'',1,9900,,'',1,10000,,'',1,10000,,'',1
'MCOB-DO:113:6:Sunday:3:25MAR:1234567',27101,81300,4,'',1,11300,4,'',1,10300,4,'',1,10100,4,'',1,10300,4,'',1,10100,4,'',1,9900,4,'',1,10000,4,'',1,9900,4,'',1,10100,4,'',1,9600,4,'',1,9900,4,'',1,10000,4,'',1,9900,4,'',1
'MCOB-DO:113:6:Sunday:4:25MAR:1234567',27100,65600,,'',1,10000,,'',1,10100,,'',1,10000,,'',1,10000,,'',1,10000,,'',1,10000,,'',1,10000,,'',1,10000,,'',1,10000,,'',1,10000,,'',1,9900,,'',1,10000,,'',1,10000,,'',1
'MCOB-DO:113:6:Sunday:4:25MAR:1234567',27101,81300,4,'',1,11300,4,'',1,10300,4,'',1,10100,4,'',1,10300,4,'',1,10100,4,'',1,9900,4,'',1,10000,4,'',1,9900,4,'',1,10100,4,'',1,9600,4,'',1,9900,4,'',1,10000,4,'',1,9900,4,'',1
'MCOB-DO:123:0:Weekday:3:25MAR:12345',27100,74100,,'',1,11500,,'',1,10000,,'',1,10000,,'',1,10000,,'',1,10000,,'',1,10000,,'',1,10000,,'',1,15000,,'',1,10000,,'',1,10000,,'',1,5000,,'',1,10000,,'',1,10000,,'',1
'MCOB-DO:123:0:Weekday:3:25MAR:12345',27101,73000,4,'',1,10000,4,'',1,10000,4,'',1,10000,4,'',1,10100,4,'',1,10200,4,'',1,10500,4,'',1,10100,4,'',1,11000,4,'',1,10000,4,'',1,10000,4,'',1,8900,4,'',1,9600,4,'',1,9600,4,'',1,9800,4,'',1,10000,4,'',1
'MCOB-DO:123:0:Weekday:4:25MAR:12345',27100,74100,,'',1,11500,,'',1,10000,,'',1,10000,,'',1,10000,,'',1,10000,,'',1,10000,,'',1,10000,,'',1,15000,,'',1,10000,,'',1,10000,,'',1,5000,,'',1,10000,,'',1,10000,,'',1
'MCOB-DO:123:0:Weekday:4:25MAR:12345',27101,73000,4,'',1,10000,4,'',1,10000,4,'',1,10000,4,'',1,10100,4,'',1,10200,4,'',1,10500,4,'',1,10100,4,'',1,11000,4,'',1,10000,4,'',1,10000,4,'',1,8900,4,'',1,9600,4,'',1,9600,4,'',1,9800,4,'',1,10000,4,'',1
'MCOB-DO:173:5:Saturday:3:25MAR:6',27100,65600,,'',1,10000,,'',1,10100,,'',1,10000,,'',1,10000,,'',1,10000,,'',1,10000,,'',1,10000,,'',1,10000,,'',1,10000,,'',1,9900,,'',1,10000,,'',1,10000,,'',1,10000,,'',1,10000,,'',1
'MCOB-DO:173:5:Saturday:3:25MAR:6',27101,81700,4,'',1,11200,4,'',1,10500,4,'',1,10300,4,'',1,10300,4,'',1,10000,4,'',1,9900,4,'',1,9800,4,'',1,10000,4,'',1,9900,4,'',1,9900,4,'',1,9900,4,'',1,9800,4,'',1,9600,4,'',1,10000,4,'',1
'MCOB-DO:173:5:Saturday:4:25MAR:6',27100,65600,,'',1,10000,,'',1,10100,,'',1,10000,,'',1,10000,,'',1,10000,,'',1,10000,,'',1,10000,,'',1,10000,,'',1,10000,,'',1,9900,,'',1,10000,,'',1,10000,,'',1,10000,,'',1,10000,,'',1
'MCOB-DO:173:5:Saturday:4:25MAR:6',27101,81700,4,'',1,11200,4,'',1,10500,4,'',1,10300,4,'',1,10300,4,'',1,10000,4,'',1,9900,4,'',1,9800,4,'',1,10000,4,'',1,9900,4,'',1,9900,4,'',1,9900,4,'',1,9800,4,'',1,9600,4,'',1,10000,4,'',1
