10101,'H:113:6:Sunday',651,,12722,2,,,1,100,,12723,2,,,1,100,,12725,2,,,1,100,,12727,2,,,1,100,,12724,2,,,1,100,,12728,2,,,1,100,,12726,2,,,1,70,,12737,2,,,1,30,,12729,2,,,1,70,,12738,2,,,1,30,,12731,2,,,1,70,,12739,2,,,1,30,,12732,2,,,1,70,,12740,2,,,1,30,,12733,2,,,1,70,,12741,2,,,1,30,,12734,2,,,1,100,,12735,2,,,1,100,,12736,2,,,1,100,,12730,2,,,1
10101,'H:123:0:Weekday',506,,12742,2,,,1,100,,12743,2,,,1,30,,12744,2,,,1,70,,12745,2,,,1,30,,12746,2,,,1,70,,12747,2,,,1,100,,12748,2,,,1,30,,12769,2,,,1,70,,12749,2,,,1,30,,12770,2,,,1,70,,12750,2,,,1,30,,12771,2,,,1,70,,12751,2,,,1,100,,12752,2,,,1,30,,12772,2,,,1,70,,12753,2,,,1,30,,12754,2,,,1,70,,12755,2,,,1,30,,12756,2,,,1,70,,12757,2,,,1,30,,12758,2,,,1,70,,12762,2,,,1,30,,12764,2,,,1,70,,12760,2,,,1,30,,12759,2,,,1,70,,12761,2,,,1,30,,12763,2,,,1,70,,12765,2,,,1,30,,12773,2,,,1,70,,12766,2,,,1,30,,12774,2,,,1,70,,12767,2,,,1,30,,12775,2,,,1,70,,12768,2,,,1
10101,'H:173:5:Saturday',651,,12778,2,,,1,100,,12787,2,,,1,100,,12779,2,,,1,100,,12780,2,,,1,100,,12781,2,,,1,70,,12792,2,,,1,30,,12789,2,,,1,70,,12793,2,,,1,30,,12783,2,,,1,70,,12794,2,,,1,30,,12784,2,,,1,70,,12795,2,,,1,30,,12790,2,,,1,70,,12796,2,,,1,30,,12782,2,,,1,70,,12797,2,,,1,30,,12791,2,,,1,70,,12798,2,,,1,30,,12776,2,,,1,100,,12785,2,,,1,100,,12788,2,,,1,100,,12786,2,,,1,100,,12777,2,,,1
10101,'KP:323:0:Weekday',536,,12799,2,,,1,300,,12801,2,,,1,400,,12800,2,,,1
11401,'H:113:6:Sunday',747,,13569,2,,,1,99,,13570,2,,,1,100,,13571,2,,,1,98,,13572,2,,,1,99,,13573,2,,,1,100,,13574,2,,,1,99,,13575,2,,,1,100,,13576,2,,,1,101,,13577,2,,,1,100,,13578,2,,,1,101,,13579,2,,,1,102,,13580,2,,,1,100,,13581,2,,,1,101,,13582,2,,,1
11401,'H:123:0:Weekday',453,,13610,2,,,1,70,,13611,2,,,1,28,,13601,2,,,1,69,,13602,2,,,1,28,,13585,2,,,1,97,,13586,2,,,1,71,,13587,2,,,1,30,,13588,2,,,1,71,,13604,2,,,1,30,,13589,2,,,1,70,,13607,2,,,1,30,,13612,2,,,1,70,,13608,2,,,1,29,,13591,2,,,1,69,,13609,2,,,1,30,,13592,2,,,1,70,,13606,2,,,1,30,,13590,2,,,1,68,,13605,2,,,1,100,,13593,2,,,1,30,,13594,2,,,1,71,,13596,2,,,1,30,,13595,2,,,1,70,,13597,2,,,1,31,,13598,2,,,1,72,,13603,2,,,1,30,,13584,2,,,1,102,,13600,2,,,1,102,,13583,2,,,1,101,,13599,2,,,1
11401,'H:173:5:Saturday',648,,13613,2,,,1,99,,13615,2,,,1,98,,13616,2,,,1,100,,13614,2,,,1,98,,13617,2,,,1,100,,13619,2,,,1,99,,13620,2,,,1,100,,13618,2,,,1,99,,13623,2,,,1,100,,13621,2,,,1,102,,13624,2,,,1,101,,13622,2,,,1,101,,13625,2,,,1,101,,13626,2,,,1,101,,13627,2,,,1,101,,13628,2,,,1
11401,'KP:323:0:Weekday',717,,13630,2,,,1,726,,13629,2,,,1
13000,'H:113:6:Sunday',707,,14138,30,,,1,101,,14140,30,,,1,101,,14139,30,,,1,100,,14141,30,,,1,101,,14144,30,,,1,100,,14142,30,,,1,101,,14143,30,,,1,100,,14146,30,,,1,99,,14145,30,,,1,100,,14147,30,,,1,100,,14148,30,,,1,100,,14149,30,,,1,99,,14150,30,,,1,99,,14151,30,,,1,100,,14152,30,,,1
13000,'H:123:0:Weekday',537,,14172,30,,,1,71,,14175,30,,,1,30,,14161,30,,,1,71,,14176,30,,,1,31,,14153,30,,,1,71,,14163,30,,,1,30,,14154,30,,,1,70,,14177,30,,,1,29,,14162,30,,,1,70,,14179,30,,,1,30,,14171,30,,,1,70,,14180,30,,,1,30,,14168,30,,,1,70,,14181,30,,,1,30,,14169,30,,,1,70,,14182,30,,,1,30,,14170,30,,,1,70,,14183,30,,,1,30,,14167,30,,,1,71,,14184,30,,,1,30,,14155,30,,,1,71,,14173,30,,,1,30,,14165,30,,,1,70,,14164,30,,,1,30,,14156,30,,,1,69,,14166,30,,,1,29,,14157,30,,,1,70,,14178,30,,,1,30,,14158,30,,,1,99,,14159,30,,,1,99,,14160,30,,,1,99,,14174,30,,,1
13000,'H:173:5:Saturday',607,,14200,30,,,1,101,,14185,30,,,1,100,,14186,30,,,1,100,,14187,30,,,1,101,,14188,30,,,1,100,,14189,30,,,1,102,,14190,30,,,1,101,,14191,30,,,1,100,,14192,30,,,1,99,,14193,30,,,1,100,,14194,30,,,1,100,,14195,30,,,1,100,,14196,30,,,1,99,,14197,30,,,1,99,,14198,30,,,1,100,,14199,30,,,1,100,,14201,30,,,1
