'MCOB-DO:123:0:Weekday:2:24MAR:12345',41200,60000,4,'',1,11800,4,'',1,3800,4,'',1,7400,4,'',1,7600,4,'',1
'KPOB-CS:223:1:Mon-Wed:1:24MAR:123',41300,54900,4,'',1,8600,4,'',1,1800,4,'',1,6000,4,'',1,1300,4,'',1,1100,4,'',1,1300,4,'',1,5200,4,'',1,1000,4,'',1,1800,4,'',1,2000,4,'',1,6200,4,'',1,4500,4,'',1
'KPOB-CS:253:2:Thu-Fri:1:24MAR:45',41300,54900,4,'',1,8600,4,'',1,1800,4,'',1,6000,4,'',1,1300,4,'',1,1100,4,'',1,1300,4,'',1,5200,4,'',1,1000,4,'',1,1800,4,'',1,2000,4,'',1,6200,4,'',1,4500,4,'',1
'KPOB-CS:223:1:Mon-Wed:1:24MAR:123',41600,63500,4,'',1,7900,4,'',1,8600,4,'',1,4400,4,'',1
'KPOB-CS:253:2:Thu-Fri:1:24MAR:45',41600,63500,4,'',1,7900,4,'',1,8600,4,'',1,4400,4,'',1
'KPOB-CS:223:1:Mon-Wed:1:24MAR:123',42100,53400,4,'',1,7900,4,'',1,4200,4,'',1,8700,4,'',1,7800,4,'',1,3400,4,'',1
'KPOB-CS:253:2:Thu-Fri:1:24MAR:45',42100,53400,4,'',1,7900,4,'',1,4200,4,'',1,8700,4,'',1,7800,4,'',1,3400,4,'',1
'MCOB-DO:123:0:Weekday:2:24MAR:12345',42401,154700,,'',1,17400,,'',1
'KPOB-CS:223:1:Mon-Wed:1:24MAR:123',42500,61900,4,'',1,9600,4,'',1,4200,4,'',1,7500,4,'',1
'KPOB-CS:253:2:Thu-Fri:1:24MAR:45',42500,61900,4,'',1,9600,4,'',1,4200,4,'',1,7500,4,'',1
'MCOB-DO:123:0:Weekday:2:24MAR:12345',43500,62700,4,'',1,9700,4,'',1,9100,4,'',1,4400,4,'',1
'KPOB-CS:213:6:Sunday:1:24MAR:1234567',51201,242300,,'',1,3000,,'',1
