27000,'H:123:0:Weekday',440,,15088,1,,,1,105,,15089,1,,,1,100,,15090,1,,,1,1495,,15091,1,,,1
27001,'H:123:0:Weekday',620,,15094,31,,,1
27100,'H:113:6:Sunday',655,,15096,1,,,1,100,,15097,1,,,1,100,,15107,1,,,1,100,,15098,1,,,1,100,,15099,1,,,1,100,,15100,1,,,1,100,,15101,1,,,1,100,,15102,1,,,1,100,,15109,1,,,1,100,,15103,1,,,1,100,,15104,1,,,1,100,,15105,1,,,1,100,,15106,1,,,1,100,,15108,1,,,1
27100,'H:123:0:Weekday',740,,15113,1,,,1,415,,15114,1,,,1,100,,15123,1,,,1,100,,15116,1,,,1,100,,15117,1,,,1,150,,15115,1,,,1,100,,15118,1,,,1,100,,15120,1,,,1,50,,15121,1,,,1,100,,15122,1,,,1,100,,15119,1,,,1
27100,'H:173:5:Saturday',655,,15133,1,,,1,100,,15125,1,,,1,100,,15134,1,,,1,100,,15126,1,,,1,100,,15132,1,,,1,100,,15124,1,,,1,100,,15131,1,,,1,100,,15127,1,,,1,100,,15135,1,,,1,100,,15128,1,,,1,100,,15130,1,,,1,100,,15129,1,,,1,100,,15136,1,,,1,100,,15137,1,,,1,100,,15138,1,,,1
27100,'KP:323:0:Weekday',855,,15139,1,,,1,100,,15142,1,,,1,100,,15140,1,,,1
27101,'H:113:6:Sunday',811,,15156,44,,,1,112,,15146,44,,,1,104,,15143,44,,,1,102,,15144,44,,,1,101,,15145,44,,,1,100,,15147,44,,,1,100,,15154,44,,,1,101,,15148,44,,,1,100,,15149,44,,,1,100,,15151,44,,,1,98,,15150,44,,,1,98,,15152,44,,,1,99,,15155,44,,,1,100,,15153,44,,,1
27101,'H:123:0:Weekday',730,,15157,44,,,1,400,,15158,44,,,1,103,,15169,44,,,1,105,,15159,44,,,1,100,,15161,44,,,1,106,,15160,44,,,1,103,,15162,44,,,1,99,,15167,44,,,1,95,,15163,44,,,1,93,,15164,44,,,1,96,,15165,44,,,1,97,,15168,44,,,1,100,,15166,44,,,1
27101,'H:173:5:Saturday',814,,15170,44,,,1,113,,15176,44,,,1,104,,15173,44,,,1,104,,15177,44,,,1,103,,15174,44,,,1,100,,15179,44,,,1,98,,15175,44,,,1,100,,15180,44,,,1,98,,15172,44,,,1,100,,15178,44,,,1,100,,15171,44,,,1,97,,15181,44,,,1,99,,15182,44,,,1,97,,15183,44,,,1,100,,15184,44,,,1
27101,'KP:323:0:Weekday',831,,15185,44,,,1,100,,15187,44,,,1,99,,15186,44,,,1
