'MCOB-DO:113:6:Sunday:3:25MAR:1234567',11700,71000,,'',1,10000,,'',1,10000,,'',1,10000,,'',1,10000,,'',1,10000,,'',1,10000,,'',1,10000,,'',1,10000,,'',1,10000,,'',1,10500,,'',1,10000,,'',1,10000,,'',1,10000,,'',1,9500,,'',1
'MCOB-DO:113:6:Sunday:3:25MAR:1234567',11701,75200,4,'',1,10000,4,'',1,10000,4,'',1,10000,4,'',1,10000,4,'',1,10000,4,'',1,10500,4,'',1,10000,4,'',1,10000,4,'',1,14500,4,'',1,10000,4,'',1,5500,4,'',1,10000,4,'',1,9500,4,'',1,10000,4,'',1
'MCOB-DO:113:6:Sunday:4:25MAR:1234567',11700,71000,,'',1,10000,,'',1,10000,,'',1,10000,,'',1,10000,,'',1,10000,,'',1,10000,,'',1,10000,,'',1,10000,,'',1,10000,,'',1,10500,,'',1,10000,,'',1,10000,,'',1,10000,,'',1,9500,,'',1
'MCOB-DO:113:6:Sunday:4:25MAR:1234567',11701,75200,4,'',1,10000,4,'',1,10000,4,'',1,10000,4,'',1,10000,4,'',1,10000,4,'',1,10500,4,'',1,10000,4,'',1,10000,4,'',1,14500,4,'',1,10000,4,'',1,5500,4,'',1,10000,4,'',1,9500,4,'',1,10000,4,'',1
'MCOB-DO:123:0:Weekday:3:25MAR:12345',11700,53500,,'',1,6500,,'',1,3000,,'',1,7000,,'',1,3000,,'',1,7000,,'',1,3000,,'',1,7000,,'',1,3000,,'',1,7000,,'',1,3000,,'',1,7000,,'',1,3000,,'',1,7000,,'',1,3000,,'',1,7000,,'',1,3000,,'',1,7000,,'',1,3000,,'',1,7500,,'',1,3000,,'',1,7000,,'',1,3000,,'',1,7000,,'',1,3000,,'',1,7000,,'',1,3000,,'',1,7000,,'',1,3000,,'',1,7000,,'',1,2500,,'',1,7000,,'',1,10000,,'',1,10000,,'',1
'MCOB-DO:123:0:Weekday:3:25MAR:12345',11701,62200,4,'',1,3000,4,'',1,7000,4,'',1,3000,4,'',1,7000,4,'',1,3000,4,'',1,7000,4,'',1,3000,4,'',1,7000,4,'',1,3000,4,'',1,7000,4,'',1,3000,4,'',1,7000,4,'',1,3000,4,'',1,7000,4,'',1,3500,4,'',1,7000,4,'',1,3000,4,'',1,7000,4,'',1,3000,4,'',1,7500,4,'',1,7000,4,'',1,3000,4,'',1,7000,4,'',1,3000,4,'',1,2500,4,'',1,7000,4,'',1,3000,4,'',1,9500,4,'',1,10000,4,'',1,10000,4,'',1,10000,4,'',1
'MCOB-DO:123:0:Weekday:4:25MAR:12345',11700,53500,,'',1,6500,,'',1,3000,,'',1,7000,,'',1,3000,,'',1,7000,,'',1,3000,,'',1,7000,,'',1,3000,,'',1,7000,,'',1,3000,,'',1,7000,,'',1,3000,,'',1,7000,,'',1,3000,,'',1,7000,,'',1,3000,,'',1,7000,,'',1,3000,,'',1,7500,,'',1,3000,,'',1,7000,,'',1,3000,,'',1,7000,,'',1,3000,,'',1,7000,,'',1,3000,,'',1,7000,,'',1,3000,,'',1,7000,,'',1,2500,,'',1,7000,,'',1,10000,,'',1,10000,,'',1
'MCOB-DO:123:0:Weekday:4:25MAR:12345',11701,62200,4,'',1,3000,4,'',1,7000,4,'',1,3000,4,'',1,7000,4,'',1,3000,4,'',1,7000,4,'',1,3000,4,'',1,7000,4,'',1,3000,4,'',1,7000,4,'',1,3000,4,'',1,7000,4,'',1,3000,4,'',1,7000,4,'',1,3500,4,'',1,7000,4,'',1,3000,4,'',1,7000,4,'',1,3000,4,'',1,7500,4,'',1,7000,4,'',1,3000,4,'',1,7000,4,'',1,3000,4,'',1,2500,4,'',1,7000,4,'',1,3000,4,'',1,9500,4,'',1,10000,4,'',1,10000,4,'',1,10000,4,'',1
'MCOB-DO:173:5:Saturday:3:25MAR:6',11700,61000,,'',1,10000,,'',1,10000,,'',1,10000,,'',1,10000,,'',1,10000,,'',1,10000,,'',1,10000,,'',1,10000,,'',1,10500,,'',1,10000,,'',1,10500,,'',1,9500,,'',1,10000,,'',1,10000,,'',1,9500,,'',1,10000,,'',1
'MCOB-DO:173:5:Saturday:3:25MAR:6',11701,55200,4,'',1,10000,4,'',1,10000,4,'',1,10000,4,'',1,10000,4,'',1,10000,4,'',1,10000,4,'',1,10000,4,'',1,10500,4,'',1,10000,4,'',1,10000,4,'',1,14500,4,'',1,10000,4,'',1,5500,4,'',1,10000,4,'',1,9500,4,'',1,10000,4,'',1,10000,4,'',1
'MCOB-DO:173:5:Saturday:4:25MAR:6',11700,61000,,'',1,10000,,'',1,10000,,'',1,10000,,'',1,10000,,'',1,10000,,'',1,10000,,'',1,10000,,'',1,10000,,'',1,10500,,'',1,10000,,'',1,10500,,'',1,9500,,'',1,10000,,'',1,10000,,'',1,9500,,'',1,10000,,'',1
'MCOB-DO:173:5:Saturday:4:25MAR:6',11701,55200,4,'',1,10000,4,'',1,10000,4,'',1,10000,4,'',1,10000,4,'',1,10000,4,'',1,10000,4,'',1,10000,4,'',1,10500,4,'',1,10000,4,'',1,10000,4,'',1,14500,4,'',1,10000,4,'',1,5500,4,'',1,10000,4,'',1,9500,4,'',1,10000,4,'',1,10000,4,'',1
