10901,'Sunday',837,,9057,38,,,1,102,,9069,38,,,1,103,,9061,38,,,1,102,,9066,38,,,1,102,,9058,38,,,1,101,,9059,38,,,1,99,,9067,38,,,1,99,,9062,38,,,1,100,,9065,38,,,1,100,,9060,38,,,1,97,,9063,38,,,1,98,,9068,38,,,1,100,,9064,38,,,1,99,,9070,38,,,1
10901,'Weekday',537,,9072,38,,,1,103,,9082,38,,,1,108,,9083,38,,,1,96,,9086,38,,,1,99,,9088,38,,,1,99,,9078,38,,,1,101,,9081,38,,,1,95,,9077,38,,,1,104,,9076,38,,,1,98,,9087,38,,,1,100,,9080,38,,,1,102,,9075,38,,,1,102,,9085,38,,,1,98,,9079,38,,,1,94,,9084,38,,,1,107,,9073,38,,,1,108,,9074,38,,,1,97,,9071,38,,,1
10901,'Saturday',738,,9089,38,,,1,102,,9102,38,,,1,102,,9095,38,,,1,105,,9100,38,,,1,100,,9091,38,,,1,102,,9090,38,,,1,100,,9103,38,,,1,100,,9094,38,,,1,100,,9098,38,,,1,98,,9092,38,,,1,100,,9093,38,,,1,98,,9101,38,,,1,98,,9096,38,,,1,99,,9099,38,,,1,99,,9097,38,,,1
28000,'Sunday',827,,10973,38,,,1,101,,10974,38,,,1,100,,10975,38,,,1,100,,10976,38,,,1,100,,10984,38,,,1,100,,10978,38,,,1,100,,10977,38,,,1,100,,10979,38,,,1,100,,10980,38,,,1,99,,10981,38,,,1,100,,10985,38,,,1,100,,10983,38,,,1,100,,10982,38,,,1
28000,'Weekday',526,,10986,38,,,1,105,,10987,38,,,1,75,,11004,15,,,1,33,,10988,38,,,1,70,,11003,15,,,1,29,,10990,38,,,1,71,,11009,15,,,1,29,,10991,38,,,1,100,,10992,38,,,1,101,,10989,38,,,1,100,,10993,38,,,1,100,,10995,38,,,1,76,,11005,15,,,1,25,,10996,38,,,1,77,,11008,15,,,1,23,,10997,38,,,1,76,,11007,15,,,1,23,,10994,38,,,1,77,,11006,15,,,1,28,,10999,38,,,1,94,,11000,38,,,1,93,,11001,38,,,1,100,,10998,38,,,1,99,,11002,38,,,1
28000,'Saturday',726,,11022,38,,,1,100,,11010,38,,,1,100,,11018,38,,,1,102,,11011,38,,,1,101,,11020,38,,,1,101,,11021,38,,,1,100,,11012,38,,,1,99,,11013,38,,,1,100,,11015,38,,,1,99,,11014,38,,,1,100,,11016,38,,,1,100,,11017,38,,,1,99,,11019,38,,,1,100,,11023,38,,,1
28001,'Sunday',744,,11025,15,,,1,100,,11024,15,,,1,101,,11026,15,,,1,100,,11035,15,,,1,100,,11027,15,,,1,100,,11028,15,,,1,100,,11029,15,,,1,100,,11030,15,,,1,100,,11031,15,,,1,100,,11036,15,,,1,100,,11033,15,,,1,100,,11032,15,,,1,100,,11034,15,,,1
28001,'Weekday',614,,11038,15,,,1,100,,11037,15,,,1,25,,11055,15,0,8 7,1,76,,11039,15,,,1,25,,11054,15,0,8 7,1,75,,11040,15,,,1,100,,11041,15,,,1,101,,11042,15,,,1,100,,11043,15,,,1,102,,11044,15,,,1,100,,11045,15,,,1,20,,11058,15,0,8 7,1,75,,11046,15,,,1,26,,11053,15,0,8 7,1,76,,11052,15,,,1,25,,11047,15,0,8 7,1,75,,11048,15,,,1,25,,11057,15,0,8 7,1,73,,11049,15,,,1,24,,11056,15,0,8 7,1,74,,11050,15,,,1,104,,11051,15,,,1
28001,'Saturday',744,,11067,15,,,1,100,,11059,15,,,1,100,,11070,15,,,1,102,,11065,15,,,1,100,,11068,15,,,1,100,,11066,15,,,1,101,,11064,15,,,1,100,,11061,15,,,1,100,,11063,15,,,1,100,,11060,15,,,1,99,,11062,15,,,1,99,,11069,15,,,1,100,,11071,15,,,1
90300,'Weekday',455,,12426,4,,,1,74,,12427,4,,,1,27,,12428,4,,,1,65,,12429,4,,,1,32,,12430,4,,,1,75,,12431,4,,,1,80,,12432,4,,,1
90301,'Weekday',1602,,12433,15,4,,1,32,,12434,15,4,,1,24,,12435,15,4,,1,70,,12436,15,4,,1,27,,12437,15,4,,1,69,,12438,15,4,,1,29,,12439,15,4,,1,73,,12440,15,4,,1,74,,12441,15,4,,1
