'KPOB-CS:221:1:Mon-Wed:1:25MAR:123',90100,51200,4,'',1,3000,4,'',1,7000,4,'',1,3000,4,'',1,7000,4,'',1,3000,4,'',1,7000,4,'',1,3000,4,'',1,7000,4,'',1
'KPOB-CS:222:1:Mon-Wed:1:25MAR:123',90100,51200,4,'',1,3000,4,'',1,7000,4,'',1,3000,4,'',1,7000,4,'',1,3000,4,'',1,7000,4,'',1,3000,4,'',1,7000,4,'',1
'KPOB-CS:251:2:Thu-Fri:1:25MAR:45',90100,51200,4,'',1,3000,4,'',1,7000,4,'',1,3000,4,'',1,7000,4,'',1,3000,4,'',1,7000,4,'',1,3000,4,'',1,7000,4,'',1
'KPOB-CS:252:2:Thu-Fri:1:25MAR:45',90100,51200,4,'',1,3000,4,'',1,7000,4,'',1,3000,4,'',1,7000,4,'',1,3000,4,'',1,7000,4,'',1,3000,4,'',1,7000,4,'',1
'KPOB-CS:221:1:Mon-Wed:1:25MAR:123',90300,52500,4,'',1,7500,4,'',1,3000,4,'',1,7000,4,'',1,3500,4,'',1,7500,4,'',1,4000,4,'',1
'KPOB-CS:222:1:Mon-Wed:1:25MAR:123',90300,52500,4,'',1,7500,4,'',1,3000,4,'',1,7000,4,'',1,3500,4,'',1,7500,4,'',1,4000,4,'',1
'KPOB-CS:251:2:Thu-Fri:1:25MAR:45',90300,52500,4,'',1,7500,4,'',1,3000,4,'',1,7000,4,'',1,3500,4,'',1,7500,4,'',1,4000,4,'',1
'KPOB-CS:252:2:Thu-Fri:1:25MAR:45',90300,52500,4,'',1,7500,4,'',1,3000,4,'',1,7000,4,'',1,3500,4,'',1,7500,4,'',1,4000,4,'',1
'KPOB-CS:221:1:Mon-Wed:1:25MAR:123',90400,44700,4,'',1,7000,4,'',1,3000,4,'',1,7000,4,'',1,3000,4,'',1,7000,4,'',1,3000,4,'',1,7000,4,'',1,3000,4,'',1,7000,4,'',1,3000,4,'',1
'KPOB-CS:222:1:Mon-Wed:1:25MAR:123',90400,44700,4,'',1,7000,4,'',1,3000,4,'',1,7000,4,'',1,3000,4,'',1,7000,4,'',1,3000,4,'',1,7000,4,'',1,3000,4,'',1,7000,4,'',1,3000,4,'',1
'KPOB-CS:251:2:Thu-Fri:1:25MAR:45',90400,44700,4,'',1,7000,4,'',1,3000,4,'',1,7000,4,'',1,3000,4,'',1,7000,4,'',1,3000,4,'',1,7000,4,'',1,3000,4,'',1,7000,4,'',1,3000,4,'',1
'KPOB-CS:252:2:Thu-Fri:1:25MAR:45',90400,44700,4,'',1,7000,4,'',1,3000,4,'',1,7000,4,'',1,3000,4,'',1,7000,4,'',1,3000,4,'',1,7000,4,'',1,3000,4,'',1,7000,4,'',1,3000,4,'',1
'KPOB-CS:221:1:Mon-Wed:1:25MAR:123',90500,52400,4,'',1,10300,4,'',1,7800,4,'',1,2800,4,'',1,7000,4,'',1,3500,4,'',1,9100,4,'',1,9700,4,'',1,10200,4,'',1,10000,4,'',1,9800,4,'',1,10200,4,'',1,10300,4,'',1,10000,4,'',1,10300,4,'',1,10200,4,'',1,9200,4,'',1,10000,4,'',1,9900,4,'',1,9900,4,'',1
'KPOB-CS:222:1:Mon-Wed:1:25MAR:123',90500,52400,4,'',1,10300,4,'',1,7800,4,'',1,2800,4,'',1,7000,4,'',1,3500,4,'',1,9100,4,'',1,9700,4,'',1,10200,4,'',1,10000,4,'',1,9800,4,'',1,10200,4,'',1,10300,4,'',1,10000,4,'',1,10300,4,'',1,10200,4,'',1,9200,4,'',1,10000,4,'',1,9900,4,'',1,9900,4,'',1
'KPOB-CS:251:2:Thu-Fri:1:25MAR:45',90500,52400,4,'',1,10300,4,'',1,7800,4,'',1,2800,4,'',1,7000,4,'',1,3500,4,'',1,9100,4,'',1,9700,4,'',1,10200,4,'',1,10000,4,'',1,9800,4,'',1,10200,4,'',1,10300,4,'',1,10000,4,'',1,10300,4,'',1,10200,4,'',1,9200,4,'',1,10000,4,'',1,9900,4,'',1,9900,4,'',1
'KPOB-CS:252:2:Thu-Fri:1:25MAR:45',90500,52400,4,'',1,10300,4,'',1,7800,4,'',1,2800,4,'',1,7000,4,'',1,3500,4,'',1,9100,4,'',1,9700,4,'',1,10200,4,'',1,10000,4,'',1,9800,4,'',1,10200,4,'',1,10300,4,'',1,10000,4,'',1,10300,4,'',1,10200,4,'',1,9200,4,'',1,10000,4,'',1,9900,4,'',1,9900,4,'',1
