10900,'H:113:6:Sunday',838,,13231,33,,,1,103,,13235,33,,,1,101,,13226,33,,,1,101,,13227,33,,,1,103,,13238,33,,,1,101,,13229,33,,,1,99,,13234,33,,,1,99,,13228,33,,,1,99,,13230,33,,,1,98,,13237,33,,,1,99,,13233,33,,,1,98,,13236,33,,,1,100,,13232,33,,,1,98,,13239,33,,,1
10900,'H:123:0:Weekday',534,,13253,33,,,1,108,,13247,33,,,1,108,,13243,33,,,1,96,,13249,33,,,1,103,,13256,33,,,1,100,,13241,33,,,1,100,,13255,33,,,1,101,,13254,33,,,1,100,,13246,33,,,1,103,,13252,33,,,1,101,,13244,33,,,1,100,,13248,33,,,1,99,,13251,33,,,1,98,,13245,33,,,1,96,,13242,33,,,1,98,,13240,33,,,1,100,,13250,33,,,1
10900,'H:173:5:Saturday',740,,13261,33,,,1,101,,13264,33,,,1,101,,13260,33,,,1,104,,13257,33,,,1,101,,13269,33,,,1,101,,13262,33,,,1,101,,13267,33,,,1,100,,13258,33,,,1,97,,13259,33,,,1,100,,13271,33,,,1,100,,13263,33,,,1,97,,13268,33,,,1,99,,13265,33,,,1,99,,13266,33,,,1,99,,13270,33,,,1
20100,'H:113:6:Sunday',813,,14400,33,,,1,101,,14402,33,,,1,101,,14403,33,,,1,40,,14401,33,,,1,80,,14404,33,,,1,80,,14399,33,,,1,40,,14405,33,,,1,80,,14406,33,,,1,80,,14407,33,,,1,40,,14408,33,,,1,80,,14410,33,,,1,80,,14411,33,,,1,40,,14412,33,,,1,80,,14414,33,,,1,79,,14415,33,,,1,40,,14416,33,,,1,80,,14417,33,,,1,80,,14418,33,,,1,100,,14409,33,,,1,100,,14413,33,,,1
20100,'H:123:0:Weekday',548,,14423,33,,,1,188,,14424,33,,,1,100,,14425,33,,,1,70,,14426,33,,,1,631,,14427,33,,,1,200,,14434,33,,,1,69,,14428,33,,,1,29,,14429,33,,,1,70,,14430,33,,,1,30,,14419,33,,,1,70,,14421,33,,,1,30,,14420,33,,,1,70,,14422,33,,,1,30,,14431,33,,,1,69,,14432,33,,,1,50,,14433,33,,,1
20100,'H:173:5:Saturday',713,,14447,33,,,1,100,,14437,33,,,1,101,,14446,33,,,1,101,,14438,33,,,1,40,,14439,33,,,1,80,,14444,33,,,1,80,,14445,33,,,1,40,,14436,33,,,1,80,,14448,33,,,1,80,,14440,33,,,1,40,,14435,33,,,1,80,,14449,33,,,1,80,,14441,33,,,1,40,,14443,33,,,1,80,,14452,33,,,1,80,,14453,33,,,1,40,,14454,33,,,1,80,,14451,33,,,1,79,,14455,33,,,1,99,,14442,33,,,1,100,,14450,33,,,1
20100,'KP:323:0:Weekday',630,,14473,33,,,1,76,,14470,33,,,1,100,,14469,33,,,1,130,,14472,33,,,1,70,,14471,33,,,1,30,,14463,33,,,1,70,,14457,33,,,1,30,,14464,33,,,1,70,,14462,33,,,1,30,,14467,33,,,1,70,,14468,33,,,1,30,,14465,33,,,1,70,,14456,33,,,1,30,,14458,33,,,1,70,,14460,33,,,1,101,,14459,33,,,1,30,,14461,33,,,1,70,,14466,33,,,1
20200,'H:113:6:Sunday',744,,14562,43,,,1,100,,14549,43,,,1,101,,14548,43,,,1,90,,14550,43,,,1,80,,14551,43,,,1,40,,14552,43,,,1,80,,14555,43,,,1,81,,14553,43,,,1,40,,14556,43,,,1,80,,14554,43,,,1,79,,14558,43,,,1,40,,14557,43,,,1,80,,14559,43,,,1,80,,14563,43,,,1,40,,14564,43,,,1,80,,14565,43,,,1,80,,14566,43,,,1,40,,14567,43,,,1,90,,14560,43,,,1,100,,14561,43,,,1
20200,'H:123:0:Weekday',454,,14583,4,,,1,75,,14568,43,,,1,81,,14571,43,,,1,40,,14575,43,,,1,71,,14576,43,,,1,130,,14577,43,,,1,70,,14578,43,,,1,530,,14579,43,,,1,171,,14580,43,,,1,31,,14581,43,,,1,70,,14582,43,,,1,127,,14574,43,,,1,70,,14572,43,,,1,30,,14569,43,,,1,70,,14570,43,,,1,30,,14573,43,,,1,70,,14584,43,,,1,30,,14585,43,,,1,74,,14586,43,,,1
20200,'H:173:5:Saturday',613,,14604,43,,,1,30,,14588,43,,,1,100,,14589,43,,,1,101,,14600,43,,,1,100,,14594,43,,,1,91,,14587,43,,,1,80,,14590,43,,,1,40,,14598,43,,,1,80,,14592,43,,,1,80,,14591,43,,,1,40,,14593,43,,,1,80,,14601,43,,,1,80,,14595,43,,,1,40,,14596,43,,,1,80,,14597,43,,,1,80,,14605,43,,,1,40,,14606,43,,,1,80,,14607,43,,,1,80,,14608,43,,,1,40,,14609,43,,,1,89,,14602,43,,,1,100,,14599,43,,,1,99,,14603,43,,,1
20200,'KP:323:0:Weekday',751,,14623,43,,,1,70,,14624,43,,,1,130,,14625,43,,,1,70,,14621,43,,,1,30,,14610,43,,,1,70,,14612,43,,,1,30,,14616,43,,,1,70,,14620,43,,,1,30,,14615,43,,,1,70,,14622,43,,,1,30,,14619,43,,,1,70,,14611,43,,,1,101,,14618,43,,,1,30,,14614,43,,,1,200,,14613,43,,,1,69,,14617,43,,,1
