11100,'Weekday',630,,9104,21,4,,1,70,,9105,21,4,,1
11101,'Weekday',1630,,9107,1,,,1,100,,9106,1,,,1
11200,'Sunday',720,,9108,39,4,,1,30,,9123,39,4,,1,70,,9109,39,4,,1,31,,9124,39,4,,1,70,,9110,39,4,,1,30,,9125,39,4,,1,70,,9111,39,4,,1,30,,9126,39,4,,1,71,,9114,39,4,,1,30,,9127,39,4,,1,70,,9115,39,4,,1,30,,9128,39,4,,1,70,,9117,39,4,,1,31,,9129,39,4,,1,70,,9113,39,4,,1,30,,9130,39,4,,1,70,,9112,39,4,,1,30,,9131,39,4,,1,70,,9118,39,4,,1,30,,9132,39,4,,1,70,,9116,39,4,,1,30,,9133,39,4,,1,70,,9119,39,4,,1,100,,9120,39,4,,1,98,,9121,39,4,,1,100,,9122,39,4,,1
11200,'Weekday',530,,9151,39,4,,1,70,,9152,39,4,,1,32,,9135,39,4,,1,71,,9164,39,4,,1,30,,9137,39,4,,1,20,,9161,39,4,,1,60,,9167,39,4,,1,20,,9136,39,4,,1,19,,9163,39,4,,1,60,,9168,39,4,,1,20,,9134,39,4,,1,70,,9160,39,4,,1,30,,9138,39,4,,1,70,,9153,39,4,,1,30,,9139,39,4,,1,71,,9155,39,4,,1,30,,9140,39,4,,1,70,,9157,39,4,,1,30,,9141,39,4,,1,71,,9156,39,4,,1,31,,9142,39,4,,1,20,,9159,39,4,,1,60,,9169,39,4,,1,20,,9143,39,4,,1,20,,9165,39,4,,1,60,,9170,39,4,,1,20,,9146,39,4,,1,20,,9162,39,4,,1,60,,9171,39,4,,1,20,,9147,39,4,,1,70,,9166,39,4,,1,30,,9144,39,4,,1,69,,9154,39,4,,1,29,,9145,39,4,,1,69,,9158,39,4,,1,30,,9148,39,4,,1,100,,9149,39,4,,1,99,,9150,39,4,,1
11200,'Saturday',721,,9175,39,4,,1,30,,9195,39,4,,1,70,,9177,39,4,,1,31,,9194,39,4,,1,70,,9174,39,4,,1,30,,9192,39,4,,1,70,,9172,39,4,,1,30,,9198,39,4,,1,70,,9176,39,4,,1,30,,9196,39,4,,1,70,,9178,39,4,,1,30,,9191,39,4,,1,71,,9179,39,4,,1,30,,9187,39,4,,1,71,,9181,39,4,,1,30,,9190,39,4,,1,70,,9183,39,4,,1,30,,9197,39,4,,1,70,,9180,39,4,,1,30,,9193,39,4,,1,70,,9184,39,4,,1,30,,9188,39,4,,1,70,,9182,39,4,,1,30,,9189,39,4,,1,69,,9185,39,4,,1,100,,9186,39,4,,1,99,,9173,39,4,,1
11201,'Sunday',655,,9200,1,,,1,70,,9214,1,,,1,29,,9201,1,,,1,70,,9215,1,,,1,30,,9202,1,,,1,70,,9216,1,,,1,30,,9199,1,,,1,69,,9217,1,,,1,30,,9203,1,,,1,70,,9218,1,,,1,30,,9204,1,,,1,70,,9220,1,,,1,30,,9205,1,,,1,70,,9221,1,,,1,30,,9206,1,,,1,70,,9222,1,,,1,30,,9208,1,,,1,70,,9219,1,,,1,30,,9210,1,,,1,70,,9223,1,,,1,30,,9211,1,,,1,70,,9224,1,,,1,30,,9207,1,,,1,100,,9212,1,,,1,101,,9209,1,,,1,100,,9213,1,,,1
11201,'Weekday',503,,9242,1,,,1,30,,9246,1,,,1,68,,9238,1,,,1,30,,9253,1,,,1,27,,9227,1,,,1,61,,9255,1,,,1,21,,9258,1,,,1,60,,9230,1,,,1,20,,9254,1,,,1,20,,9259,1,,,1,60,,9226,1,,,1,30,,9251,1,,,1,70,,9228,1,,,1,30,,9243,1,,,1,70,,9240,1,,,1,30,,9247,1,,,1,70,,9239,1,,,1,30,,9244,1,,,1,29,,9241,1,,,1,70,,9245,1,,,1,28,,9232,1,,,1,60,,9248,1,,,1,20,,9260,1,,,1,21,,9237,1,,,1,60,,9257,1,,,1,20,,9261,1,,,1,19,,9229,1,,,1,60,,9252,1,,,1,20,,9262,1,,,1,21,,9231,1,,,1,60,,9256,1,,,1,20,,9263,1,,,1,20,,9225,1,,,1,70,,9249,1,,,1,72,,9234,1,,,1,31,,9250,1,,,1,70,,9235,1,,,1,100,,9233,1,,,1,101,,9236,1,,,1
11201,'Saturday',655,,9265,1,,,1,70,,9281,1,,,1,29,,9264,1,,,1,70,,9285,1,,,1,30,,9268,1,,,1,70,,9284,1,,,1,29,,9266,1,,,1,70,,9286,1,,,1,30,,9267,1,,,1,69,,9280,1,,,1,30,,9274,1,,,1,70,,9289,1,,,1,30,,9275,1,,,1,70,,9287,1,,,1,30,,9272,1,,,1,70,,9288,1,,,1,30,,9269,1,,,1,70,,9283,1,,,1,30,,9270,1,,,1,70,,9290,1,,,1,30,,9271,1,,,1,70,,9282,1,,,1,30,,9273,1,,,1,70,,9279,1,,,1,30,,9276,1,,,1,101,,9277,1,,,1,101,,9278,1,,,1
11900,'Sunday',826,,9578,48,4,,1,102,,9569,48,4,,1,103,,9571,48,4,,1,100,,9573,48,4,,1,100,,9579,48,4,,1,100,,9574,48,4,,1,100,,9575,48,4,,1,100,,9572,48,4,,1,100,,9577,48,4,,1,100,,9570,48,4,,1,98,,9580,48,4,,1,98,,9576,48,4,,1,100,,9581,48,4,,1
11900,'Weekday',630,,9592,48,4,,1,72,,9598,48,4,,1,27,,9587,48,4,,1,76,,9599,48,4,,1,31,,9584,48,4,,1,71,,9600,48,4,,1,30,,9583,48,4,,1,68,,9604,48,4,,1,30,,9595,48,4,,1,70,,9605,48,4,,1,31,,9596,48,4,,1,71,,9606,48,4,,1,29,,9593,48,4,,1,70,,9607,48,4,,1,30,,9594,48,4,,1,71,,9608,48,4,,1,32,,9597,48,4,,1,71,,9609,48,4,,1,30,,9591,48,4,,1,69,,9603,48,4,,1,30,,9585,48,4,,1,71,,9601,48,4,,1,29,,9588,48,4,,1,69,,9602,48,4,,1,27,,9590,48,4,,1,99,,9589,48,4,,1,97,,9582,48,4,,1,99,,9586,48,4,,1,100,,9610,48,4,,1
11900,'Saturday',626,,9611,48,4,,1,100,,9612,48,4,,1,103,,9613,48,4,,1,102,,9614,48,4,,1,101,,9615,48,4,,1,100,,9616,48,4,,1,100,,9619,48,4,,1,102,,9617,48,4,,1,100,,9621,48,4,,1,99,,9618,48,4,,1,100,,9620,48,4,,1,99,,9623,48,4,,1,99,,9624,48,4,,1,99,,9622,48,4,,1,98,,9625,48,4,,1,100,,9626,48,4,,1
11901,'Sunday',805,,9628,1,,,1,100,,9627,1,,,1,100,,9629,1,,,1,100,,9630,1,,,1,100,,9631,1,,,1,100,,9632,1,,,1,100,,9633,1,,,1,100,,9634,1,,,1,100,,9635,1,,,1,100,,9636,1,,,1,100,,9637,1,,,1,100,,9638,1,,,1,100,,9639,1,,,1
11901,'Weekday',545,,9656,1,,,1,70,,9657,1,,,1,30,,9640,1,,,1,75,,9658,1,,,1,30,,9643,1,,,1,70,,9659,1,,,1,30,,9641,1,,,1,70,,9663,1,,,1,30,,9642,1,,,1,70,,9664,1,,,1,30,,9645,1,,,1,70,,9665,1,,,1,30,,9644,1,,,1,70,,9666,1,,,1,30,,9646,1,,,1,70,,9667,1,,,1,35,,9649,1,,,1,65,,9668,1,,,1,30,,9650,1,,,1,70,,9660,1,,,1,30,,9648,1,,,1,70,,9661,1,,,1,30,,9652,1,,,1,70,,9662,1,,,1,30,,9651,1,,,1,100,,9647,1,,,1,100,,9655,1,,,1,100,,9653,1,,,1,100,,9654,1,,,1
11901,'Saturday',605,,9672,1,,,1,100,,9673,1,,,1,100,,9669,1,,,1,100,,9671,1,,,1,100,,9674,1,,,1,100,,9676,1,,,1,100,,9670,1,,,1,100,,9679,1,,,1,100,,9675,1,,,1,100,,9680,1,,,1,100,,9677,1,,,1,100,,9683,1,,,1,100,,9684,1,,,1,100,,9678,1,,,1,100,,9681,1,,,1,100,,9682,1,,,1
90901,'Sunday',723,,12576,23,4,,1,80,,12577,23,4,,1,51,,12578,23,4,,1,85,,12579,23,4,,1,97,,12580,23,4,,1,91,,12581,23,4,,1,85,,12582,23,4,,1,46,,12583,23,4,,1,91,,12584,23,4,,1,85,,12585,23,4,,1,100,,12586,23,4,,1,79,,12587,23,4,,1,90,,12588,23,4,,1,39,,12589,23,4,,1,90,,12590,23,4,,1,84,,12591,23,4,,1,85,,12592,23,4,,1,43,,12593,23,4,,1,75,,12594,23,4,,1,89,,12595,23,4,,1,30,,12596,23,4,,1
90901,'Weekday',543,,12597,23,4,,1,87,,12598,23,4,,1,95,,12599,23,4,,1,82,,12600,23,4,,1,50,,12601,23,4,,1,85,,12602,23,4,,1,96,,12603,23,4,,1,91,,12604,23,4,,1,85,,12605,23,4,,1,45,,12606,23,4,,1,91,,12607,23,4,,1,86,,12608,23,4,,1,100,,12609,23,4,,1,80,,12610,23,4,,1,90,,12611,23,4,,1,40,,12612,23,4,,1,88,,12613,23,4,,1,84,,12614,23,4,,1,85,,12615,23,4,,1,44,,12616,23,4,,1,74,,12617,23,4,,1,118,,12618,23,4,,1,169,,12619,23,4,,1
90901,'Saturday',543,,12620,23,4,,1,85,,12621,23,4,,1,95,,12622,23,4,,1,81,,12623,23,4,,1,51,,12624,23,4,,1,86,,12625,23,4,,1,96,,12626,23,4,,1,91,,12627,23,4,,1,86,,12628,23,4,,1,86,,12629,23,4,,1,50,,12630,23,4,,1,85,,12631,23,4,,1,100,,12632,23,4,,1,79,,12633,23,4,,1,90,,12634,23,4,,1,40,,12635,23,4,,1,88,,12636,23,4,,1,85,,12637,23,4,,1,84,,12638,23,4,,1,45,,12639,23,4,,1,73,,12640,23,4,,1,90,,12641,23,4,,1,30,,12642,23,4,,1
