10901,'H:113:6:Sunday',819,,13272,24,,,1,101,,13284,24,,,1,101,,13276,24,,,1,101,,13281,24,,,1,101,,13273,24,,,1,100,,13274,24,,,1,100,,13282,24,,,1,101,,13277,24,,,1,100,,13280,24,,,1,100,,13275,24,,,1,98,,13278,24,,,1,99,,13283,24,,,1,100,,13279,24,,,1,99,,13285,24,,,1
10901,'H:123:0:Weekday',518,,13287,24,,,1,102,,13297,24,,,1,105,,13298,24,,,1,99,,13301,24,,,1,99,,13303,24,,,1,99,,13293,24,,,1,101,,13296,24,,,1,91,,13292,24,,,1,103,,13291,24,,,1,96,,13302,24,,,1,100,,13295,24,,,1,103,,13290,24,,,1,102,,13300,24,,,1,100,,13294,24,,,1,97,,13299,24,,,1,107,,13288,24,,,1,109,,13289,24,,,1,98,,13286,24,,,1
10901,'H:173:5:Saturday',719,,13304,24,,,1,102,,13317,24,,,1,101,,13310,24,,,1,101,,13315,24,,,1,100,,13306,24,,,1,101,,13305,24,,,1,101,,13318,24,,,1,100,,13309,24,,,1,100,,13313,24,,,1,100,,13307,24,,,1,100,,13308,24,,,1,99,,13316,24,,,1,99,,13311,24,,,1,100,,13314,24,,,1,99,,13312,24,,,1
27000,'H:123:0:Weekday',518,,15088,28,,,1,108,,15089,28,,,1,101,,15090,28,,,1,897,,15087,13,,,1,595,,15091,28,,,1
27100,'H:113:6:Sunday',747,,15096,42,,,1,100,,15097,42,,,1,102,,15107,42,,,1,101,,15098,42,,,1,100,,15099,42,,,1,102,,15100,42,,,1,101,,15101,42,,,1,101,,15102,42,,,1,100,,15109,42,,,1,100,,15103,42,,,1,98,,15104,42,,,1,100,,15105,42,,,1,98,,15106,42,,,1,98,,15108,42,,,1
27100,'H:123:0:Weekday',559,,15111,28,,,1,245,,15112,28,,,1,32,,15113,42,,,1,66,,15110,28,,,1,350,,15114,42,,,1,101,,15123,42,,,1,103,,15116,42,,,1,103,,15117,42,,,1,147,,15115,42,,,1,98,,15118,42,,,1,55,,15120,42,,,1,88,,15121,42,,,1,100,,15122,42,,,1,100,,15119,42,,,1
27100,'H:173:5:Saturday',748,,15133,42,,,1,100,,15125,42,,,1,104,,15134,42,,,1,101,,15126,42,,,1,101,,15132,42,,,1,100,,15124,42,,,1,100,,15131,42,,,1,100,,15127,42,,,1,100,,15135,42,,,1,99,,15128,42,,,1,99,,15130,42,,,1,98,,15129,42,,,1,99,,15136,42,,,1,100,,15137,42,,,1,100,,15138,42,,,1
27100,'KP:323:0:Weekday',702,,15141,28,,,1,250,,15139,42,,,1,101,,15142,42,,,1,99,,15140,42,,,1
90801,'H:123:0:Weekday',1636,,16725,24,,,1,96,,16727,24,,,1,196,,16726,24,,,1
90801,'KP:323:0:Weekday',1814,,16728,24,,,1,39,,16729,24,,,1
