20101,'MCOB-DO:113:6:Sunday:1:25SEP:1234567',824,,1832,,,1,100,,1834,,,1,90,,1835,,,1,40,,1837,,,1,80,,1838,,,1,80,,1836,,,1,40,,1833,,,1,80,,1840,,,1,80,,1841,,,1,40,,1842,,,1,80,,1843,,,1,80,,1839,,,1,40,,1846,,,1,80,,1847,,,1,80,,1848,,,1,40,,1849,,,1,80,,1850,,,1,90,,1844,,,1,100,,1845,,,1
20101,'MCOB-DO:123:0:Weekday:1:25SEP:12345',549,,1854,,,1,80,,1855,,,1,80,,1859,,,1,30,,1860,,,1,70,,1861,,,1,30,,1862,,,1,70,,1863,,,1,30,,1864,,,1,70,,1865,,,1,30,,1866,,,1,70,,1867,,,1,30,,1868,,,1,70,,1869,,,1,30,,1870,,,1,70,,1871,,,1,30,,1872,,,1,70,,1873,,,1,30,,1874,,,1,70,,1875,,,1,30,,1876,,,1,70,,1877,,,1,30,,1878,,,1,70,,1879,,,1,30,,1880,,,1,70,,1857,,,1,30,,1858,,,1,70,,1856,,,1,30,,1851,,,1,70,,1853,,,1,30,,1852,,,1,70,,1882,,,1,30,,1883,,,1,70,,1881,,,1
20101,'MCOB-DO:173:5:Saturday:1:25SEP:6',724,,1890,,,1,100,,1884,,,1,100,,1885,,,1,90,,1896,,,1,40,,1889,,,1,80,,1886,,,1,80,,1887,,,1,40,,1898,,,1,80,,1892,,,1,80,,1888,,,1,40,,1891,,,1,80,,1897,,,1,80,,1894,,,1,40,,1900,,,1,80,,1901,,,1,80,,1902,,,1,40,,1903,,,1,80,,1904,,,1,90,,1895,,,1,100,,1893,,,1,100,,1899,,,1
20201,'MCOB-DO:113:6:Sunday:1:25SEP:1234567',724,,1997,,,1,30,,1983,,,1,100,,1984,,,1,100,,1986,,,1,80,,1987,,,1,80,,1985,,,1,40,,1989,,,1,80,,1988,,,1,80,,1990,,,1,40,,1991,,,1,80,,1992,,,1,80,,1994,,,1,40,,1993,,,1,80,,1995,,,1,80,,1998,,,1,40,,1999,,,1,80,,2000,,,1,80,,2001,,,1,40,,2002,,,1,100,,1996,,,1
20201,'MCOB-DO:123:0:Weekday:1:25SEP:12345',449,,2003,,,1,80,,2004,,,1,80,,2007,,,1,40,,2029,,,1,75,,2030,,,1,30,,2031,,,1,70,,2032,,,1,30,,2033,,,1,70,,2009,,,1,30,,2010,,,1,70,,2011,,,1,30,,2013,,,1,70,,2028,,,1,30,,2014,,,1,70,,2015,,,1,30,,2012,,,1,70,,2016,,,1,30,,2017,,,1,70,,2027,,,1,30,,2019,,,1,70,,2020,,,1,30,,2021,,,1,70,,2018,,,1,30,,2022,,,1,70,,2023,,,1,30,,2024,,,1,70,,2025,,,1,30,,2026,,,1,70,,2008,,,1,30,,2006,,,1,70,,2005,,,1,30,,2034,,,1,70,,2035,,,1,30,,2036,,,1,91,,2037,,,1
20201,'MCOB-DO:173:5:Saturday:1:25SEP:6',654,,2052,,,1,100,,2043,,,1,100,,2045,,,1,100,,2051,,,1,80,,2040,,,1,80,,2039,,,1,40,,2048,,,1,80,,2049,,,1,80,,2041,,,1,40,,2038,,,1,80,,2042,,,1,80,,2044,,,1,40,,2046,,,1,80,,2047,,,1,80,,2054,,,1,40,,2055,,,1,80,,2056,,,1,80,,2057,,,1,40,,2058,,,1,100,,2050,,,1,100,,2053,,,1
51001,'KPOB-CS:223:1:Mon-Wed:1:25SEP:123',1503,,2696,,,1,20,,2682,,,1,33,,2686,,,1,64,,2684,,,1,17,,2693,,,1,20,,2688,,,1,56,,2683,,,1,15,,2681,,,1,15,,2685,,,1,15,,2687,,,1,50,,2689,,,1,12,,2692,,,1,12,,2690,,,1,11,,2695,,,1,16,,2694,,,1,63,,2691,,,1
51001,'KPOB-CS:253:2:Thu-Fri:1:25SEP:45',1503,,2712,,,1,20,,2698,,,1,33,,2702,,,1,64,,2700,,,1,17,,2709,,,1,20,,2704,,,1,56,,2699,,,1,15,,2697,,,1,15,,2701,,,1,15,,2703,,,1,50,,2705,,,1,12,,2708,,,1,12,,2706,,,1,11,,2711,,,1,16,,2710,,,1,63,,2707,,,1
51201,'KPOB-CS:213:6:Sunday:1:25SEP:1234567',634,,3066,,,1,15,,3021,,,1,55,,3015,,,1,15,,3010,,,1,15,,3006,,,1,15,,3067,,,1,55,,3022,,,1,15,,3016,,,1,15,,3011,,,1,15,,3027,,,1,55,,3068,,,1,15,,3007,,,1,15,,3023,,,1,15,,3017,,,1,55,,3028,,,1,15,,3012,,,1,15,,3048,,,1,16,,3069,,,1,55,,3008,,,1,15,,3024,,,1,15,,3018,,,1,15,,3029,,,1,55,,3013,,,1,15,,3049,,,1,16,,3070,,,1,15,,3009,,,1,55,,3025,,,1,15,,3019,,,1,15,,3030,,,1,15,,3014,,,1,55,,3050,,,1,15,,3071,,,1,15,,3026,,,1,15,,3020,,,1,55,,3059,,,1,15,,3043,,,1,15,,3051,,,1,15,,3037,,,1,55,,3031,,,1,15,,3002,,,1,15,,3053,,,1,14,,3060,,,1,55,,3044,,,1,15,,3052,,,1,15,,3038,,,1,15,,3032,,,1,55,,3003,,,1,15,,3054,,,1,15,,3061,,,1,15,,3045,,,1,55,,3039,,,1,15,,3033,,,1,15,,3004,,,1,14,,3055,,,1,55,,3062,,,1,15,,3046,,,1,15,,3040,,,1,15,,3034,,,1,55,,3005,,,1,15,,3056,,,1,15,,3063,,,1,15,,3047,,,1,55,,3041,,,1,26,,3035,,,1,74,,3057,,,1,35,,3064,,,1,72,,3036,,,1,32,,3042,,,1,71,,3058,0,8,1,30,,3065,0,8,1
51201,'KPOB-CS:223:1:Mon-Wed:1:25SEP:123',535,,3096,,,1,21,,3140,,,1,65,,3139,,,1,20,,3088,,,1,18,,3099,,,1,47,,3132,,,1,16,,3081,,,1,15,,3090,,,1,15,,3134,,,1,55,,3104,,,1,15,,3097,,,1,15,,3100,,,1,15,,3080,,,1,55,,3089,,,1,14,,3133,,,1,15,,3129,,,1,15,,3136,,,1,55,,3103,,,1,15,,3110,,,1,15,,3079,,,1,15,,3130,,,1,55,,3142,,,1,16,,3141,,,1,15,,3135,,,1,15,,3131,,,1,55,,3092,,,1,15,,3143,,,1,15,,3074,,,1,15,,3137,,,1,55,,3078,,,1,16,,3091,,,1,15,,3127,,,1,16,,3075,,,1,55,,3105,,,1,15,,3138,,,1,25,,3077,,,1,56,,3093,,,1,15,,3125,,,1,13,,3076,,,1,18,,3073,,,1,53,,3144,,,1,15,,3083,,,1,16,,3094,,,1,15,,3128,,,1,56,,3111,,,1,19,,3082,,,1,15,,3072,,,1,14,,3145,,,1,55,,3084,,,1,14,,3095,,,1,15,,3112,,,1,14,,3120,,,1,53,,3101,,,1,13,,3087,,,1,15,,3098,,,1,17,,3113,,,1,53,,3086,,,1,18,,3102,,,1,15,,3122,,,1,15,,3123,,,1,55,,3126,,,1,14,,3115,,,1,15,,3085,,,1,15,,3106,,,1,55,,3119,,,1,15,,3124,,,1,14,,3116,,,1,67,,3107,,,1,24,,3121,,,1,30,,3117,,,1,70,,3108,,,1,32,,3114,,,1,73,,3109,,,1,27,,3118,,,1
51201,'KPOB-CS:253:2:Thu-Fri:1:25SEP:45',535,,3170,,,1,21,,3208,,,1,65,,3207,,,1,20,,3162,,,1,18,,3173,,,1,47,,3204,,,1,16,,3153,,,1,15,,3164,,,1,15,,3206,,,1,55,,3178,,,1,15,,3171,,,1,15,,3174,,,1,15,,3154,,,1,55,,3163,,,1,14,,3205,,,1,15,,3201,,,1,15,,3218,,,1,55,,3177,,,1,15,,3184,,,1,15,,3155,,,1,15,,3202,,,1,55,,3211,,,1,16,,3209,,,1,15,,3217,,,1,15,,3203,,,1,55,,3166,,,1,15,,3210,,,1,15,,3148,,,1,15,,3216,,,1,55,,3151,,,1,16,,3165,,,1,15,,3198,,,1,16,,3149,,,1,55,,3179,,,1,15,,3219,,,1,25,,3152,,,1,56,,3167,,,1,15,,3199,,,1,13,,3150,,,1,18,,3146,,,1,53,,3212,,,1,15,,3157,,,1,16,,3168,,,1,15,,3197,,,1,56,,3185,,,1,19,,3156,,,1,15,,3147,,,1,14,,3213,,,1,55,,3158,,,1,14,,3169,,,1,15,,3186,,,1,14,,3193,,,1,53,,3176,,,1,13,,3161,,,1,15,,3172,,,1,17,,3187,,,1,53,,3159,,,1,18,,3175,,,1,15,,3195,,,1,15,,3215,,,1,55,,3200,,,1,14,,3192,,,1,15,,3160,,,1,15,,3183,,,1,55,,3194,,,1,15,,3214,,,1,14,,3191,,,1,67,,3180,,,1,24,,3196,,,1,30,,3190,,,1,70,,3181,,,1,32,,3189,,,1,73,,3182,,,1,27,,3188,,,1
51201,'KPOB-CS:273:5:Saturday:1:25SEP:6',529,,3224,,,1,30,,3228,,,1,60,,3220,,,1,15,,3281,,,1,15,,3225,,,1,55,,3285,,,1,15,,3229,,,1,15,,3244,,,1,16,,3238,,,1,55,,3221,,,1,16,,3282,,,1,15,,3286,,,1,15,,3290,,,1,55,,3230,,,1,15,,3245,,,1,15,,3222,,,1,15,,3240,,,1,55,,3283,,,1,15,,3287,,,1,16,,3231,,,1,15,,3250,,,1,55,,3246,,,1,15,,3223,,,1,15,,3284,,,1,15,,3242,,,1,56,,3288,,,1,15,,3232,,,1,15,,3247,,,1,16,,3239,,,1,55,,3275,,,1,16,,3291,,,1,15,,3289,,,1,15,,3226,,,1,55,,3233,,,1,15,,3248,,,1,15,,3276,,,1,15,,3241,,,1,54,,3292,,,1,15,,3269,,,1,15,,3234,,,1,15,,3251,,,1,55,,3249,,,1,15,,3277,,,1,15,,3293,,,1,15,,3243,,,1,55,,3270,,,1,15,,3235,,,1,15,,3253,,,1,15,,3261,,,1,55,,3278,,,1,14,,3263,,,1,15,,3271,,,1,15,,3227,,,1,55,,3236,,,1,14,,3254,,,1,14,,3279,,,1,14,,3260,,,1,55,,3264,,,1,15,,3272,,,1,15,,3237,,,1,15,,3255,,,1,55,,3252,,,1,15,,3280,,,1,15,,3265,,,1,14,,3262,,,1,62,,3273,,,1,25,,3256,,,1,65,,3266,,,1,25,,3274,,,1,30,,3257,,,1,69,,3267,,,1,32,,3258,,,1,72,,3268,,,1,28,,3259,,,1
53201,'KPOB-CS:223:1:Mon-Wed:1:25SEP:123',1514,,3418,,,1,32,,3420,,,1,76,,3421,,,1,29,,3412,,,1,57,,3415,,,1,16,,3413,,,1,25,,3417,,,1,55,,3419,,,1,18,,3414,,,1,28,,3422,,,1,87,,3416,,,1
53201,'KPOB-CS:253:2:Thu-Fri:1:25SEP:45',1514,,3430,,,1,32,,3431,,,1,76,,3432,,,1,29,,3423,,,1,57,,3426,,,1,16,,3424,,,1,25,,3428,,,1,55,,3429,,,1,18,,3425,,,1,28,,3433,,,1,87,,3427,,,1
90701,'MCOB-DO:123:0:Weekday:1:25SEP:12345',1436,,5017,,,1,69,,5018,,,1,36,,5019,,,1,90,,5016,,,1
