27000,'Weekday',507,,2444,20,,,1,107,,2445,20,,,1,103,,2446,20,,,1,893,,2443,5,,,1,602,,2447,20,,,1
27001,'Weekday',551,,2451,19,,,1,59,,2448,19,0,5,1,100,,2449,19,0,5,1,1004,,2450,19,0,5,1
27100,'Sunday',735,,2452,34,,,1,100,,2453,34,,,1,102,,2463,34,,,1,101,,2454,34,,,1,100,,2455,34,,,1,102,,2456,34,,,1,100,,2457,34,,,1,101,,2458,34,,,1,100,,2465,34,,,1,100,,2459,34,,,1,98,,2460,34,,,1,98,,2461,34,,,1,100,,2462,34,,,1,100,,2464,34,,,1
27100,'Weekday',547,,2467,20,,,1,103,,2468,20,,,1,101,,2469,20,,,1,72,,2470,34,,,1,28,,2466,20,,,1,88,,2471,34,,,1,100,,2472,34,,,1,100,,2473,34,,,1,100,,2474,34,,,1,100,,2476,34,,,1,103,,2477,34,,,1,100,,2478,34,,,1,110,,2475,34,,,1,96,,2479,34,,,1,98,,2481,34,,,1,88,,2482,34,,,1,100,,2483,34,,,1,100,,2480,34,,,1
27100,'Saturday',737,,2493,34,,,1,100,,2485,34,,,1,103,,2494,34,,,1,100,,2486,34,,,1,101,,2492,34,,,1,100,,2484,34,,,1,100,,2491,34,,,1,100,,2487,34,,,1,100,,2495,34,,,1,99,,2488,34,,,1,99,,2490,34,,,1,98,,2489,34,,,1,99,,2496,34,,,1,100,,2497,34,,,1,100,,2498,34,,,1
27101,'Sunday',729,,2512,19,,,1,111,,2502,19,,,1,101,,2499,19,,,1,100,,2500,19,,,1,100,,2501,19,,,1,101,,2503,19,,,1,100,,2510,19,,,1,100,,2504,19,,,1,99,,2505,19,,,1,100,,2507,19,,,1,100,,2506,19,,,1,100,,2508,19,,,1,100,,2511,19,,,1,99,,2509,19,,,1
27101,'Weekday',642,,2513,19,,,1,100,,2514,19,,,1,100,,2515,19,,,1,100,,2516,19,,,1,100,,2517,19,,,1,100,,2518,19,,,1,101,,2519,19,,,1,100,,2521,19,,,1,103,,2520,19,,,1,100,,2522,19,,,1,100,,2527,19,,,1,97,,2523,19,,,1,99,,2524,19,,,1,99,,2525,19,,,1,98,,2528,19,,,1,100,,2526,19,,,1
27101,'Saturday',730,,2529,19,,,1,110,,2535,19,,,1,101,,2532,19,,,1,101,,2536,19,,,1,101,,2533,19,,,1,100,,2538,19,,,1,100,,2534,19,,,1,99,,2539,19,,,1,100,,2531,19,,,1,100,,2537,19,,,1,100,,2530,19,,,1,99,,2540,19,,,1,100,,2541,19,,,1,100,,2542,19,,,1,100,,2543,19,,,1
42400,'Weekday',527,,2643,13,,,1,116,,2644,13,,,1
42401,'Weekday',1655,,2645,19,,,1,175,,2646,19,,,1
