20900,'H:113:6:Sunday',800,,14711,5,,,1,100,,14705,5,,,1,100,,14703,5,,,1,100,,14715,5,,,1,101,,14707,5,,,1,101,,14713,5,,,1,100,,14704,5,,,1,101,,14706,5,,,1,100,,14714,5,,,1,100,,14709,5,,,1,99,,14710,5,,,1,99,,14708,5,,,1,100,,14712,5,,,1
20900,'H:123:0:Weekday',603,,14728,5,,,1,101,,14729,5,,,1,100,,14731,5,,,1,100,,14730,5,,,1,100,,14727,5,,,1,100,,14723,5,,,1,101,,14721,5,,,1,97,,14725,5,,,1,100,,14719,5,,,1,100,,14724,5,,,1,100,,14726,5,,,1,100,,14718,5,,,1,100,,14720,5,,,1,99,,14722,5,,,1,100,,14716,5,,,1,100,,14717,5,,,1,99,,14732,5,,,1
20900,'H:173:5:Saturday',700,,14742,5,,,1,100,,14735,5,,,1,100,,14733,5,,,1,101,,14745,5,,,1,100,,14738,5,,,1,101,,14744,5,,,1,100,,14736,5,,,1,100,,14734,5,,,1,101,,14747,5,,,1,100,,14739,5,,,1,100,,14743,5,,,1,100,,14737,5,,,1,99,,14740,5,,,1,99,,14746,5,,,1,100,,14741,5,,,1
20901,'H:113:6:Sunday',813,,14749,28,,,1,101,,14748,28,,,1,101,,14760,28,,,1,100,,14752,28,,,1,101,,14757,28,,,1,100,,14750,28,,,1,101,,14751,28,,,1,100,,14758,28,,,1,99,,14753,28,,,1,100,,14756,28,,,1,99,,14754,28,,,1,100,,14755,28,,,1,100,,14759,28,,,1
20901,'H:123:0:Weekday',523,,14774,28,,,1,103,,14761,28,,,1,101,,14764,28,,,1,100,,14762,28,,,1,100,,14766,28,,,1,99,,14763,28,,,1,102,,14765,28,,,1,92,,14767,28,,,1,100,,14768,28,,,1,100,,14769,28,,,1,103,,14770,28,,,1,100,,14777,28,,,1,100,,14776,28,,,1,99,,14775,28,,,1,99,,14771,28,,,1,105,,14772,28,,,1,98,,14773,28,,,1,100,,14778,28,,,1
20901,'H:173:5:Saturday',713,,14781,28,,,1,101,,14779,28,,,1,102,,14792,28,,,1,101,,14786,28,,,1,101,,14790,28,,,1,101,,14782,28,,,1,101,,14780,28,,,1,99,,14793,28,,,1,100,,14785,28,,,1,99,,14788,28,,,1,100,,14784,28,,,1,99,,14783,28,,,1,98,,14791,28,,,1,100,,14787,28,,,1,99,,14789,28,,,1
22200,'H:113:6:Sunday',749,,14904,31,,,1,91,,14903,31,,,1,90,,14895,31,,,1,91,,14890,31,,,1,91,,14893,31,,,1,92,,14899,31,,,1,51,,14891,31,,,1,90,,14896,31,,,1,90,,14898,31,,,1,90,,14892,31,,,1,88,,14894,31,,,1,90,,14900,31,,,1,50,,14901,31,,,1,89,,14897,31,,,1,89,,14902,31,,,1
22200,'H:123:0:Weekday',642,,14907,31,,,1,83,,14905,31,,,1,93,,14908,31,,,1,95,,14906,31,,,1,91,,14909,31,,,1,50,,14911,31,,,1,91,,14912,31,,,1,90,,14913,31,,,1,91,,14910,31,,,1,90,,14915,31,,,1,90,,14916,31,,,1,52,,14917,31,,,1,90,,14914,31,,,1,86,,14918,31,,,1,89,,14920,31,,,1,88,,14921,31,,,1,90,,14919,31,,,1
22200,'H:173:5:Saturday',608,,14936,31,,,1,50,,14922,31,,,1,92,,14923,31,,,1,91,,14933,31,,,1,90,,14937,31,,,1,92,,14938,31,,,1,91,,14929,31,,,1,91,,14924,31,,,1,51,,14925,31,,,1,91,,14932,31,,,1,90,,14931,31,,,1,89,,14934,31,,,1,89,,14928,31,,,1,90,,14930,31,,,1,49,,14935,31,,,1,88,,14926,31,,,1,90,,14927,31,,,1,83,,14939,31,,,1
22201,'H:113:6:Sunday',715,,14940,19,,,1,90,,14943,19,,,1,50,,14941,19,,,1,90,,14944,19,,,1,90,,14942,19,,,1,90,,14945,19,,,1,90,,14946,19,,,1,90,,14949,19,,,1,50,,14950,19,,,1,90,,14947,19,,,1,90,,14951,19,,,1,90,,14952,19,,,1,90,,14953,19,,,1,90,,14948,19,,,1,50,,14954,19,,,1
22201,'H:123:0:Weekday',608,,14956,19,,,1,46,,14957,19,,,1,95,,14958,19,,,1,90,,14959,19,,,1,90,,14960,19,,,1,90,,14961,19,,,1,90,,14962,19,,,1,50,,14963,19,,,1,90,,14964,19,,,1,90,,14965,19,,,1,90,,14967,19,,,1,90,,14968,19,,,1,90,,14969,19,,,1,50,,14966,19,,,1,89,,14955,19,,,1,90,,14970,19,,,1,90,,14971,19,,,1,90,,14972,19,,,1,90,,14973,19,,,1
22201,'H:173:5:Saturday',715,,14977,19,,,1,90,,14978,19,,,1,50,,14979,19,,,1,90,,14980,19,,,1,90,,14981,19,,,1,90,,14982,19,,,1,90,,14983,19,,,1,90,,14985,19,,,1,50,,14987,19,,,1,90,,14984,19,,,1,90,,14988,19,,,1,90,,14986,19,,,1,90,,14989,19,,,1,90,,14990,19,,,1,50,,14991,19,,,1,90,,14974,19,,,1,90,,14975,19,,,1,90,,14976,19,,,1
