'MCOB-DO:113:6:Sunday:1:24MAR:1234567',20900,82800,,'',1,10100,,'',1,10200,,'',1,10100,,'',1,10200,,'',1,10100,,'',1,10100,,'',1,10100,,'',1,10000,,'',1,9900,,'',1,9900,,'',1,9900,,'',1,9700,,'',1
'MCOB-DO:113:6:Sunday:2:24MAR:1234567',20900,82800,,'',1,10100,,'',1,10200,,'',1,10100,,'',1,10200,,'',1,10100,,'',1,10100,,'',1,10100,,'',1,10000,,'',1,9900,,'',1,9900,,'',1,9900,,'',1,9700,,'',1
'MCOB-DO:113:6:Sunday:3:24MAR:1234567',20900,82800,,'',1,10100,,'',1,10200,,'',1,10100,,'',1,10200,,'',1,10100,,'',1,10100,,'',1,10100,,'',1,10000,,'',1,9900,,'',1,9900,,'',1,9900,,'',1,9700,,'',1
'MCOB-DO:123:0:Weekday:2:24MAR:12345',20900,63300,,'',1,10200,,'',1,10000,,'',1,10000,,'',1,10300,,'',1,10100,,'',1,10000,,'',1,9600,,'',1,10200,,'',1,10100,,'',1,10000,,'',1,9700,,'',1,9800,,'',1,9600,,'',1,10000,,'',1,10000,,'',1,10000,,'',1
'MCOB-DO:123:0:Weekday:3:24MAR:12345',20900,63300,,'',1,10200,,'',1,10000,,'',1,10000,,'',1,10300,,'',1,10100,,'',1,10000,,'',1,9600,,'',1,10200,,'',1,10100,,'',1,10000,,'',1,9700,,'',1,9800,,'',1,9600,,'',1,10000,,'',1,10000,,'',1,10000,,'',1
'MCOB-DO:123:0:Weekday:4:24MAR:12345',20900,63300,,'',1,10200,,'',1,10000,,'',1,10000,,'',1,10300,,'',1,10100,,'',1,10000,,'',1,9600,,'',1,10200,,'',1,10100,,'',1,10000,,'',1,9700,,'',1,9800,,'',1,9600,,'',1,10000,,'',1,10000,,'',1,10000,,'',1
'MCOB-DO:173:5:Saturday:1:24MAR:6',20900,72900,,'',1,10000,,'',1,10000,,'',1,10400,,'',1,10200,,'',1,10200,,'',1,10100,,'',1,10000,,'',1,10100,,'',1,10200,,'',1,10000,,'',1,9600,,'',1,9700,,'',1,9900,,'',1,9900,,'',1
'MCOB-DO:173:5:Saturday:2:24MAR:6',20900,72900,,'',1,10000,,'',1,10000,,'',1,10400,,'',1,10200,,'',1,10200,,'',1,10100,,'',1,10000,,'',1,10100,,'',1,10200,,'',1,10000,,'',1,9600,,'',1,9700,,'',1,9900,,'',1,9900,,'',1
'MCOB-DO:173:5:Saturday:3:24MAR:6',20900,72900,,'',1,10000,,'',1,10000,,'',1,10400,,'',1,10200,,'',1,10200,,'',1,10100,,'',1,10000,,'',1,10100,,'',1,10200,,'',1,10000,,'',1,9600,,'',1,9700,,'',1,9900,,'',1,9900,,'',1
'MCOB-DO:113:6:Sunday:1:24MAR:1234567',28000,82400,0,'Everett',1,10000,0,'Everett',1,10000,0,'Everett',1,10100,0,'Everett',1,10000,0,'Everett',1,10000,0,'Everett',1,9900,0,'Everett',1,10000,0,'Everett',1,10000,0,'Everett',1,10000,0,'Everett',1,10000,0,'Everett',1,10000,0,'Everett',1,10000,0,'Everett',1
'MCOB-DO:113:6:Sunday:2:24MAR:1234567',28000,82400,0,'Everett',1,10000,0,'Everett',1,10000,0,'Everett',1,10100,0,'Everett',1,10000,0,'Everett',1,10000,0,'Everett',1,9900,0,'Everett',1,10000,0,'Everett',1,10000,0,'Everett',1,10000,0,'Everett',1,10000,0,'Everett',1,10000,0,'Everett',1,10000,0,'Everett',1
'MCOB-DO:113:6:Sunday:3:24MAR:1234567',28000,82400,0,'Everett',1,10000,0,'Everett',1,10000,0,'Everett',1,10100,0,'Everett',1,10000,0,'Everett',1,10000,0,'Everett',1,9900,0,'Everett',1,10000,0,'Everett',1,10000,0,'Everett',1,10000,0,'Everett',1,10000,0,'Everett',1,10000,0,'Everett',1,10000,0,'Everett',1
'MCOB-DO:123:0:Weekday:2:24MAR:12345',28000,52300,,'',1,10100,0,'Everett',1,11000,0,'Everett',1,10000,0,'Everett',1,10100,0,'Everett',1,10000,0,'Everett',1,10000,0,'Everett',1,10000,0,'Everett',1,10000,0,'Everett',1,10100,0,'Everett',1,10000,0,'Everett',1,10000,0,'Everett',1,10500,0,'Everett',1,9400,0,'Everett',1,9300,0,'Everett',1,9900,0,'Everett',1,10000,0,'Everett',1
'MCOB-DO:123:0:Weekday:3:24MAR:12345',28000,52300,,'',1,10100,0,'Everett',1,11000,0,'Everett',1,10000,0,'Everett',1,10100,0,'Everett',1,10000,0,'Everett',1,10000,0,'Everett',1,10000,0,'Everett',1,10000,0,'Everett',1,10100,0,'Everett',1,10000,0,'Everett',1,10000,0,'Everett',1,10500,0,'Everett',1,9400,0,'Everett',1,9300,0,'Everett',1,9900,0,'Everett',1,10000,0,'Everett',1
'MCOB-DO:123:0:Weekday:4:24MAR:12345',28000,52300,,'',1,10100,0,'Everett',1,11000,0,'Everett',1,10000,0,'Everett',1,10100,0,'Everett',1,10000,0,'Everett',1,10000,0,'Everett',1,10000,0,'Everett',1,10000,0,'Everett',1,10100,0,'Everett',1,10000,0,'Everett',1,10000,0,'Everett',1,10500,0,'Everett',1,9400,0,'Everett',1,9300,0,'Everett',1,9900,0,'Everett',1,10000,0,'Everett',1
'MCOB-DO:173:5:Saturday:1:24MAR:6',28000,72200,0,'Everett',1,10000,0,'Everett',1,10100,0,'Everett',1,10100,0,'Everett',1,10100,0,'Everett',1,10000,0,'Everett',1,10000,0,'Everett',1,10000,0,'Everett',1,10000,0,'Everett',1,10000,0,'Everett',1,10000,0,'Everett',1,10000,0,'Everett',1,9800,0,'Everett',1,10000,0,'Everett',1
'MCOB-DO:173:5:Saturday:2:24MAR:6',28000,72200,0,'Everett',1,10000,0,'Everett',1,10100,0,'Everett',1,10100,0,'Everett',1,10100,0,'Everett',1,10000,0,'Everett',1,10000,0,'Everett',1,10000,0,'Everett',1,10000,0,'Everett',1,10000,0,'Everett',1,10000,0,'Everett',1,10000,0,'Everett',1,9800,0,'Everett',1,10000,0,'Everett',1
'MCOB-DO:173:5:Saturday:3:24MAR:6',28000,72200,0,'Everett',1,10000,0,'Everett',1,10100,0,'Everett',1,10100,0,'Everett',1,10100,0,'Everett',1,10000,0,'Everett',1,10000,0,'Everett',1,10000,0,'Everett',1,10000,0,'Everett',1,10000,0,'Everett',1,10000,0,'Everett',1,10000,0,'Everett',1,9800,0,'Everett',1,10000,0,'Everett',1
