10900,'H:113:6:Sunday',807,,13231,15,,,1,101,,13235,15,,,1,100,,13226,15,,,1,100,,13227,15,,,1,100,,13238,15,,,1,101,,13229,15,,,1,100,,13234,15,,,1,100,,13228,15,,,1,99,,13230,15,,,1,100,,13237,15,,,1,100,,13233,15,,,1,100,,13236,15,,,1,100,,13232,15,,,1,99,,13239,15,,,1
10900,'H:123:0:Weekday',504,,13253,15,,,1,102,,13247,15,,,1,102,,13243,15,,,1,100,,13249,15,,,1,105,,13256,15,,,1,100,,13241,15,,,1,100,,13255,15,,,1,100,,13254,15,,,1,100,,13246,15,,,1,100,,13252,15,,,1,101,,13244,15,,,1,100,,13248,15,,,1,100,,13251,15,,,1,99,,13245,15,,,1,99,,13242,15,,,1,99,,13240,15,,,1,100,,13250,15,,,1
10900,'H:173:5:Saturday',708,,13261,15,,,1,100,,13264,15,,,1,101,,13260,15,,,1,101,,13257,15,,,1,100,,13269,15,,,1,101,,13262,15,,,1,100,,13267,15,,,1,100,,13258,15,,,1,99,,13259,15,,,1,100,,13271,15,,,1,99,,13263,15,,,1,100,,13268,15,,,1,100,,13265,15,,,1,99,,13266,15,,,1,100,,13270,15,,,1
27001,'H:123:0:Weekday',537,,15094,10,,,1,121,,15092,10,0,5,1,1042,,15093,10,0,5,1
27001,'KP:323:0:Weekday',558,,15095,10,0,5,1
27101,'H:113:6:Sunday',718,,15156,10,,,1,110,,15146,10,,,1,100,,15143,10,,,1,100,,15144,10,,,1,100,,15145,10,,,1,100,,15147,10,,,1,100,,15154,10,,,1,100,,15148,10,,,1,100,,15149,10,,,1,100,,15151,10,,,1,100,,15150,10,,,1,100,,15152,10,,,1,100,,15155,10,,,1,100,,15153,10,,,1
27101,'H:123:0:Weekday',628,,15157,10,,,1,400,,15158,10,,,1,100,,15169,10,,,1,101,,15159,10,,,1,100,,15161,10,,,1,100,,15160,10,,,1,100,,15162,10,,,1,100,,15167,10,,,1,100,,15163,10,,,1,100,,15164,10,,,1,100,,15165,10,,,1,99,,15168,10,,,1,100,,15166,10,,,1
27101,'H:173:5:Saturday',718,,15170,10,,,1,110,,15176,10,,,1,100,,15173,10,,,1,101,,15177,10,,,1,100,,15174,10,,,1,100,,15179,10,,,1,100,,15175,10,,,1,100,,15180,10,,,1,100,,15172,10,,,1,100,,15178,10,,,1,100,,15171,10,,,1,99,,15181,10,,,1,100,,15182,10,,,1,100,,15183,10,,,1,100,,15184,10,,,1
27101,'KP:323:0:Weekday',728,,15185,10,,,1,100,,15187,10,,,1,100,,15186,10,,,1
90800,'H:123:0:Weekday',432,,16720,4,,,1
90800,'KP:323:0:Weekday',502,,16722,4,,,1,55,,16721,4,,,1,75,,16724,4,,,1,110,,16723,4,,,1
