20101,'H:113:6:Sunday',808,,14488,39,4,,1,100,,14474,39,4,,1,101,,14476,39,4,,1,50,,14477,39,4,,1,82,,14479,39,4,,1,80,,14480,39,4,,1,81,,14478,39,4,,1,40,,14475,39,4,,1,80,,14482,39,4,,1,80,,14483,39,4,,1,40,,14484,39,4,,1,81,,14485,39,4,,1,80,,14481,39,4,,1,40,,14489,39,4,,1,80,,14490,39,4,,1,79,,14491,39,4,,1,39,,14492,39,4,,1,79,,14493,39,4,,1,87,,14486,39,4,,1,99,,14487,39,4,,1
20101,'H:123:0:Weekday',633,,14497,39,4,,1,82,,14498,39,4,,1,40,,14502,39,4,,1,577,,14503,39,4,,1,272,,14510,39,4,,1,129,,14504,39,4,,1,68,,14505,39,4,,1,26,,14506,39,4,,1,30,,14500,39,4,,1,68,,14501,39,4,,1,30,,14499,39,4,,1,69,,14494,39,4,,1,30,,14496,39,4,,1,68,,14495,39,4,,1,30,,14508,39,4,,1,68,,14509,39,4,,1,29,,14507,39,4,,1
20101,'H:173:5:Saturday',805,,14517,39,4,,1,103,,14511,39,4,,1,101,,14512,39,4,,1,93,,14523,39,4,,1,41,,14516,39,4,,1,80,,14513,39,4,,1,81,,14514,39,4,,1,41,,14525,39,4,,1,80,,14519,39,4,,1,80,,14515,39,4,,1,39,,14518,39,4,,1,80,,14524,39,4,,1,80,,14521,39,4,,1,40,,14527,39,4,,1,80,,14528,39,4,,1,77,,14529,39,4,,1,40,,14530,39,4,,1,77,,14531,39,4,,1,90,,14522,39,4,,1,99,,14520,39,4,,1,97,,14526,39,4,,1
20101,'KP:323:0:Weekday',824,,14546,39,4,,1,30,,14547,39,4,,1,70,,14542,39,4,,1,30,,14532,39,4,,1,72,,14544,39,4,,1,31,,14539,39,4,,1,72,,14536,39,4,,1,30,,14545,39,4,,1,72,,14541,39,4,,1,71,,14533,39,4,,1,101,,14540,39,4,,1,30,,14535,39,4,,1,70,,14538,39,4,,1,31,,14543,39,4,,1,100,,14534,39,4,,1,70,,14537,39,4,,1
20201,'H:113:6:Sunday',719,,14645,47,4,,1,120,,14626,47,4,,1,100,,14627,47,4,,1,102,,14629,47,4,,1,80,,14630,47,4,,1,81,,14628,47,4,,1,40,,14632,47,4,,1,80,,14631,47,4,,1,80,,14633,47,4,,1,40,,14634,47,4,,1,80,,14635,47,4,,1,80,,14637,47,4,,1,40,,14636,47,4,,1,80,,14638,47,4,,1,80,,14640,47,4,,1,40,,14641,47,4,,1,79,,14642,47,4,,1,80,,14643,47,4,,1,40,,14644,47,4,,1,98,,14639,47,4,,1
20201,'H:123:0:Weekday',532,,14646,47,4,,1,82,,14647,47,4,,1,122,,14662,47,4,,1,684,,14652,47,4,,1,102,,14661,47,4,,1,31,,14654,47,4,,1,101,,14655,47,4,,1,70,,14653,47,4,,1,29,,14656,47,4,,1,66,,14657,47,4,,1,27,,14658,47,4,,1,67,,14659,47,4,,1,29,,14660,47,4,,1,70,,14651,47,4,,1,29,,14649,47,4,,1,69,,14648,47,4,,1,29,,14663,47,4,,1,70,,14664,47,4,,1,30,,14665,47,4,,1,90,,14650,47,4,,1
20201,'H:173:5:Saturday',650,,14687,47,4,,1,70,,14680,47,4,,1,120,,14671,47,4,,1,101,,14673,47,4,,1,101,,14679,47,4,,1,82,,14668,47,4,,1,80,,14667,47,4,,1,41,,14676,47,4,,1,81,,14677,47,4,,1,80,,14669,47,4,,1,40,,14666,47,4,,1,80,,14670,47,4,,1,79,,14672,47,4,,1,40,,14674,47,4,,1,80,,14675,47,4,,1,80,,14682,47,4,,1,39,,14683,47,4,,1,77,,14684,47,4,,1,80,,14685,47,4,,1,40,,14686,47,4,,1,99,,14678,47,4,,1,100,,14681,47,4,,1
20201,'KP:323:0:Weekday',655,,14699,47,4,,1,157,,14700,47,4,,1,30,,14697,47,4,,1,72,,14702,47,4,,1,30,,14690,47,4,,1,70,,14693,47,4,,1,31,,14695,47,4,,1,70,,14698,47,4,,1,31,,14701,47,4,,1,71,,14696,47,4,,1,31,,14688,47,4,,1,70,,14691,47,4,,1,30,,14694,47,4,,1,102,,14692,47,4,,1,173,,14689,47,4,,1
20901,'H:113:6:Sunday',828,,14749,32,4,,1,102,,14748,32,4,,1,101,,14760,32,4,,1,100,,14752,32,4,,1,101,,14757,32,4,,1,100,,14750,32,4,,1,101,,14751,32,4,,1,100,,14758,32,4,,1,99,,14753,32,4,,1,100,,14756,32,4,,1,99,,14754,32,4,,1,100,,14755,32,4,,1,100,,14759,32,4,,1
20901,'H:123:0:Weekday',539,,14774,32,4,,1,104,,14761,32,4,,1,101,,14764,32,4,,1,102,,14762,32,4,,1,101,,14766,32,4,,1,99,,14763,32,4,,1,102,,14765,32,4,,1,93,,14767,32,4,,1,100,,14768,32,4,,1,100,,14769,32,4,,1,102,,14770,32,4,,1,100,,14777,32,4,,1,100,,14776,32,4,,1,99,,14775,32,4,,1,99,,14771,32,4,,1,102,,14772,32,4,,1,97,,14773,32,4,,1,99,,14778,32,4,,1
20901,'H:173:5:Saturday',730,,14781,32,4,,1,101,,14779,32,4,,1,102,,14792,32,4,,1,101,,14786,32,4,,1,102,,14790,32,4,,1,101,,14782,32,4,,1,101,,14780,32,4,,1,99,,14793,32,4,,1,100,,14785,32,4,,1,98,,14788,32,4,,1,100,,14784,32,4,,1,99,,14783,32,4,,1,98,,14791,32,4,,1,99,,14787,32,4,,1,99,,14789,32,4,,1
22000,'H:113:6:Sunday',733,,14794,26,4,,1,101,,14795,26,4,,1,101,,14796,26,4,,1,100,,14797,26,4,,1,101,,14798,26,4,,1,101,,14801,26,4,,1,100,,14802,26,4,,1,100,,14799,26,4,,1,100,,14800,26,4,,1,100,,14803,26,4,,1,99,,14804,26,4,,1,100,,14805,26,4,,1,99,,14806,26,4,,1,100,,14807,26,4,,1
22000,'H:123:0:Weekday',532,,14824,26,4,,1,102,,14808,26,4,,1,100,,14810,26,4,,1,107,,14811,26,4,,1,100,,14809,26,4,,1,103,,14812,26,4,,1,102,,14816,26,4,,1,101,,14814,26,4,,1,100,,14815,26,4,,1,104,,14818,26,4,,1,101,,14819,26,4,,1,100,,14820,26,4,,1,95,,14817,26,4,,1,99,,14813,26,4,,1,92,,14822,26,4,,1,99,,14821,26,4,,1,100,,14823,26,4,,1,100,,14825,26,4,,1
22000,'H:173:5:Saturday',632,,14826,26,4,,1,100,,14827,26,4,,1,103,,14829,26,4,,1,101,,14828,26,4,,1,101,,14831,26,4,,1,102,,14833,26,4,,1,100,,14830,26,4,,1,100,,14835,26,4,,1,99,,14836,26,4,,1,100,,14838,26,4,,1,100,,14834,26,4,,1,100,,14837,26,4,,1,99,,14832,26,4,,1,97,,14839,26,4,,1,99,,14840,26,4,,1,100,,14841,26,4,,1
23000,'H:123:0:Weekday',749,,14992,58,4,,1,1273,,14993,58,4,,1
24001,'H:113:6:Sunday',735,,15054,43,4,,1,100,,15047,43,4,,1,100,,15042,43,4,,1,95,,15048,43,4,,1,105,,15041,43,4,,1,100,,15049,43,4,,1,100,,15043,43,4,,1,100,,15050,43,4,,1,95,,15044,43,4,,1,100,,15051,43,4,,1,100,,15045,43,4,,1,105,,15052,43,4,,1,100,,15046,43,4,,1,100,,15053,43,4,,1
24001,'H:123:0:Weekday',638,,15069,43,4,,1,100,,15055,43,4,,1,100,,15058,43,4,,1,100,,15056,43,4,,1,105,,15057,43,4,,1,100,,15061,43,4,,1,100,,15060,43,4,,1,100,,15062,43,4,,1,100,,15063,43,4,,1,102,,15059,43,4,,1,98,,15064,43,4,,1,100,,15068,43,4,,1,100,,15065,43,4,,1,100,,15066,43,4,,1,100,,15067,43,4,,1,100,,15070,43,4,,1,100,,15071,43,4,,1
24001,'H:173:5:Saturday',735,,15078,43,4,,1,100,,15080,43,4,,1,95,,15074,43,4,,1,100,,15079,43,4,,1,100,,15073,43,4,,1,105,,15081,43,4,,1,100,,15076,43,4,,1,100,,15083,43,4,,1,95,,15077,43,4,,1,100,,15082,43,4,,1,100,,15084,43,4,,1,105,,15075,43,4,,1,100,,15072,43,4,,1,100,,15085,43,4,,1,100,,15086,43,4,,1
