'MCOB-DO:113:6:Sunday:3:25MAR:1234567',22000,71600,,'',1,10000,,'',1,10100,,'',1,10000,,'',1,10000,,'',1,10000,,'',1,10000,,'',1,10000,,'',1,10000,,'',1,10000,,'',1,10000,,'',1,10000,,'',1,9900,,'',1,10000,,'',1
'MCOB-DO:113:6:Sunday:3:25MAR:1234567',22001,71400,4,'',1,10000,4,'',1,10100,4,'',1,10000,4,'',1,10000,4,'',1,10000,4,'',1,10000,4,'',1,10000,4,'',1,10000,4,'',1,10000,4,'',1,10000,4,'',1,10000,4,'',1,9900,4,'',1,10000,4,'',1
'MCOB-DO:113:6:Sunday:4:25MAR:1234567',22000,71600,,'',1,10000,,'',1,10100,,'',1,10000,,'',1,10000,,'',1,10000,,'',1,10000,,'',1,10000,,'',1,10000,,'',1,10000,,'',1,10000,,'',1,10000,,'',1,9900,,'',1,10000,,'',1
'MCOB-DO:113:6:Sunday:4:25MAR:1234567',22001,71400,4,'',1,10000,4,'',1,10100,4,'',1,10000,4,'',1,10000,4,'',1,10000,4,'',1,10000,4,'',1,10000,4,'',1,10000,4,'',1,10000,4,'',1,10000,4,'',1,10000,4,'',1,9900,4,'',1,10000,4,'',1
'MCOB-DO:123:0:Weekday:3:25MAR:12345',22000,51300,,'',1,10000,,'',1,10300,,'',1,10100,,'',1,10000,,'',1,10400,,'',1,10000,,'',1,10000,,'',1,10300,,'',1,10000,,'',1,10000,,'',1,10000,,'',1,9900,,'',1,9800,,'',1,9400,,'',1,10000,,'',1,10000,,'',1,10000,,'',1
'MCOB-DO:123:0:Weekday:3:25MAR:12345',22001,51100,4,'',1,10000,4,'',1,10300,4,'',1,10100,4,'',1,10000,4,'',1,10400,4,'',1,10000,4,'',1,10000,4,'',1,10300,4,'',1,10000,4,'',1,10000,4,'',1,10000,4,'',1,9900,4,'',1,9800,4,'',1,9400,4,'',1,10000,4,'',1,10000,4,'',1,10000,4,'',1
'MCOB-DO:123:0:Weekday:4:25MAR:12345',22000,51300,,'',1,10000,,'',1,10300,,'',1,10100,,'',1,10000,,'',1,10400,,'',1,10000,,'',1,10000,,'',1,10300,,'',1,10000,,'',1,10000,,'',1,10000,,'',1,9900,,'',1,9800,,'',1,9400,,'',1,10000,,'',1,10000,,'',1,10000,,'',1
'MCOB-DO:123:0:Weekday:4:25MAR:12345',22001,51100,4,'',1,10000,4,'',1,10300,4,'',1,10100,4,'',1,10000,4,'',1,10400,4,'',1,10000,4,'',1,10000,4,'',1,10300,4,'',1,10000,4,'',1,10000,4,'',1,10000,4,'',1,9900,4,'',1,9800,4,'',1,9400,4,'',1,10000,4,'',1,10000,4,'',1,10000,4,'',1
'MCOB-DO:173:5:Saturday:3:25MAR:6',22000,61400,,'',1,10000,,'',1,10200,,'',1,10100,,'',1,10000,,'',1,10100,,'',1,10000,,'',1,10000,,'',1,10000,,'',1,10000,,'',1,10000,,'',1,10000,,'',1,9900,,'',1,9900,,'',1,9900,,'',1,10000,,'',1
'MCOB-DO:173:5:Saturday:3:25MAR:6',22001,61200,4,'',1,10000,4,'',1,10200,4,'',1,10100,4,'',1,10000,4,'',1,10100,4,'',1,10000,4,'',1,10000,4,'',1,10000,4,'',1,10000,4,'',1,10000,4,'',1,10000,4,'',1,9900,4,'',1,9900,4,'',1,9900,4,'',1,10000,4,'',1
'MCOB-DO:173:5:Saturday:4:25MAR:6',22000,61400,,'',1,10000,,'',1,10200,,'',1,10100,,'',1,10000,,'',1,10100,,'',1,10000,,'',1,10000,,'',1,10000,,'',1,10000,,'',1,10000,,'',1,10000,,'',1,9900,,'',1,9900,,'',1,9900,,'',1,10000,,'',1
'MCOB-DO:173:5:Saturday:4:25MAR:6',22001,61200,4,'',1,10000,4,'',1,10200,4,'',1,10100,4,'',1,10000,4,'',1,10100,4,'',1,10000,4,'',1,10000,4,'',1,10000,4,'',1,10000,4,'',1,10000,4,'',1,10000,4,'',1,9900,4,'',1,9900,4,'',1,9900,4,'',1,10000,4,'',1
