10901,'H:113:6:Sunday',753,,13272,6,,,1,100,,13284,6,,,1,100,,13276,6,,,1,100,,13281,6,,,1,100,,13273,6,,,1,100,,13274,6,,,1,100,,13282,6,,,1,100,,13277,6,,,1,100,,13280,6,,,1,100,,13275,6,,,1,100,,13278,6,,,1,100,,13283,6,,,1,100,,13279,6,,,1,100,,13285,6,,,1
10901,'H:123:0:Weekday',453,,13287,6,,,1,100,,13297,6,,,1,100,,13298,6,,,1,100,,13301,6,,,1,100,,13303,6,,,1,100,,13293,6,,,1,100,,13296,6,,,1,90,,13292,6,,,1,100,,13291,6,,,1,95,,13302,6,,,1,100,,13295,6,,,1,100,,13290,6,,,1,100,,13300,6,,,1,105,,13294,6,,,1,100,,13299,6,,,1,110,,13288,6,,,1,150,,13289,6,,,1,100,,13286,6,,,1
10901,'H:173:5:Saturday',653,,13304,6,,,1,100,,13317,6,,,1,100,,13310,6,,,1,100,,13315,6,,,1,100,,13306,6,,,1,100,,13305,6,,,1,100,,13318,6,,,1,100,,13309,6,,,1,100,,13313,6,,,1,100,,13307,6,,,1,100,,13308,6,,,1,100,,13316,6,,,1,100,,13311,6,,,1,100,,13314,6,,,1,100,,13312,6,,,1
20101,'H:113:6:Sunday',712,,14488,7,,,1,100,,14474,7,,,1,100,,14476,7,,,1,90,,14477,7,,,1,40,,14479,7,,,1,80,,14480,7,,,1,80,,14478,7,,,1,40,,14475,7,,,1,80,,14482,7,,,1,80,,14483,7,,,1,40,,14484,7,,,1,80,,14485,7,,,1,80,,14481,7,,,1,40,,14489,7,,,1,80,,14490,7,,,1,80,,14491,7,,,1,40,,14492,7,,,1,80,,14493,7,,,1,90,,14486,7,,,1,100,,14487,7,,,1
20101,'H:123:0:Weekday',537,,14497,7,,,1,80,,14498,7,,,1,39,,14502,7,,,1,570,,14503,7,,,1,226,,14510,7,,,1,170,,14504,7,,,1,30,,14505,7,,,1,71,,14506,7,,,1,32,,14500,7,,,1,70,,14501,7,,,1,30,,14499,7,,,1,71,,14494,7,,,1,31,,14496,7,,,1,70,,14495,7,,,1,30,,14508,7,,,1,70,,14509,7,,,1,30,,14507,7,,,1
20101,'H:173:5:Saturday',712,,14517,7,,,1,100,,14511,7,,,1,100,,14512,7,,,1,90,,14523,7,,,1,39,,14516,7,,,1,80,,14513,7,,,1,80,,14514,7,,,1,40,,14525,7,,,1,80,,14519,7,,,1,80,,14515,7,,,1,40,,14518,7,,,1,80,,14524,7,,,1,80,,14521,7,,,1,40,,14527,7,,,1,80,,14528,7,,,1,80,,14529,7,,,1,41,,14530,7,,,1,80,,14531,7,,,1,90,,14522,7,,,1,100,,14520,7,,,1,100,,14526,7,,,1
20101,'KP:323:0:Weekday',726,,14546,7,,,1,30,,14547,7,,,1,70,,14542,7,,,1,30,,14532,7,,,1,70,,14544,7,,,1,30,,14539,7,,,1,70,,14536,7,,,1,30,,14545,7,,,1,70,,14541,7,,,1,30,,14533,7,,,1,100,,14540,7,,,1,70,,14535,7,,,1,28,,14538,7,,,1,69,,14543,7,,,1,99,,14534,7,,,1,30,,14537,7,,,1
20201,'H:113:6:Sunday',622,,14645,7,,,1,120,,14626,7,,,1,100,,14627,7,,,1,100,,14629,7,,,1,80,,14630,7,,,1,80,,14628,7,,,1,40,,14632,7,,,1,80,,14631,7,,,1,80,,14633,7,,,1,40,,14634,7,,,1,80,,14635,7,,,1,80,,14637,7,,,1,40,,14636,7,,,1,80,,14638,7,,,1,80,,14640,7,,,1,40,,14641,7,,,1,80,,14642,7,,,1,80,,14643,7,,,1,40,,14644,7,,,1,100,,14639,7,,,1
20201,'H:123:0:Weekday',438,,14646,7,,,1,80,,14647,7,,,1,119,,14662,7,,,1,674,,14652,7,,,1,97,,14661,7,,,1,30,,14654,7,,,1,99,,14655,7,,,1,70,,14653,7,,,1,30,,14656,7,,,1,70,,14657,7,,,1,32,,14658,7,,,1,71,,14659,7,,,1,30,,14660,7,,,1,71,,14651,7,,,1,30,,14649,7,,,1,71,,14648,7,,,1,30,,14663,7,,,1,70,,14664,7,,,1,30,,14665,7,,,1,91,,14650,7,,,1
20201,'H:173:5:Saturday',552,,14687,7,,,1,70,,14680,7,,,1,120,,14671,7,,,1,100,,14673,7,,,1,100,,14679,7,,,1,80,,14668,7,,,1,79,,14667,7,,,1,40,,14676,7,,,1,80,,14677,7,,,1,80,,14669,7,,,1,40,,14666,7,,,1,80,,14670,7,,,1,80,,14672,7,,,1,40,,14674,7,,,1,80,,14675,7,,,1,80,,14682,7,,,1,40,,14683,7,,,1,80,,14684,7,,,1,81,,14685,7,,,1,40,,14686,7,,,1,100,,14678,7,,,1,100,,14681,7,,,1
20201,'KP:323:0:Weekday',557,,14699,7,,,1,154,,14700,7,,,1,30,,14697,7,,,1,70,,14702,7,,,1,30,,14690,7,,,1,70,,14693,7,,,1,30,,14695,7,,,1,70,,14698,7,,,1,30,,14701,7,,,1,70,,14696,7,,,1,30,,14688,7,,,1,70,,14691,7,,,1,30,,14694,7,,,1,99,,14692,7,,,1,167,,14689,7,,,1
