10901,'H:113:6:Sunday',751,,13272,3,,,1,100,,13284,3,,,1,100,,13276,3,,,1,100,,13281,3,,,1,100,,13273,3,,,1,100,,13274,3,,,1,100,,13282,3,,,1,100,,13277,3,,,1,100,,13280,3,,,1,100,,13275,3,,,1,100,,13278,3,,,1,100,,13283,3,,,1,100,,13279,3,,,1,100,,13285,3,,,1
10901,'H:123:0:Weekday',451,,13287,3,,,1,100,,13297,3,,,1,100,,13298,3,,,1,100,,13301,3,,,1,100,,13303,3,,,1,100,,13293,3,,,1,100,,13296,3,,,1,90,,13292,3,,,1,100,,13291,3,,,1,95,,13302,3,,,1,100,,13295,3,,,1,100,,13290,3,,,1,100,,13300,3,,,1,105,,13294,3,,,1,100,,13299,3,,,1,110,,13288,3,,,1,150,,13289,3,,,1,100,,13286,3,,,1
10901,'H:173:5:Saturday',651,,13304,3,,,1,100,,13317,3,,,1,100,,13310,3,,,1,100,,13315,3,,,1,100,,13306,3,,,1,100,,13305,3,,,1,100,,13318,3,,,1,100,,13309,3,,,1,100,,13313,3,,,1,100,,13307,3,,,1,100,,13308,3,,,1,100,,13316,3,,,1,100,,13311,3,,,1,100,,13314,3,,,1,100,,13312,3,,,1
20101,'H:113:6:Sunday',710,,14488,4,,,1,100,,14474,4,,,1,100,,14476,4,,,1,90,,14477,4,,,1,40,,14479,4,,,1,80,,14480,4,,,1,80,,14478,4,,,1,39,,14475,4,,,1,80,,14482,4,,,1,40,,14483,4,,,1,80,,14484,4,,,1,80,,14485,4,,,1,40,,14481,4,,,1,80,,14489,4,,,1,80,,14490,4,,,1,40,,14491,4,,,1,80,,14492,4,,,1,80,,14493,4,,,1,91,,14486,4,,,1,100,,14487,4,,,1
20101,'H:123:0:Weekday',534,,14497,4,,,1,80,,14498,4,,,1,39,,14502,4,,,1,570,,14503,4,,,1,226,,14510,4,,,1,169,,14504,4,,,1,30,,14505,4,,,1,71,,14506,4,,,1,32,,14500,4,,,1,70,,14501,4,,,1,30,,14499,4,,,1,72,,14494,4,,,1,31,,14496,4,,,1,70,,14495,4,,,1,30,,14508,4,,,1,70,,14509,4,,,1,30,,14507,4,,,1
20101,'H:173:5:Saturday',710,,14517,4,,,1,100,,14511,4,,,1,100,,14512,4,,,1,49,,14523,4,,,1,79,,14516,4,,,1,80,,14513,4,,,1,40,,14514,4,,,1,80,,14525,4,,,1,80,,14519,4,,,1,40,,14515,4,,,1,80,,14518,4,,,1,80,,14524,4,,,1,40,,14521,4,,,1,80,,14527,4,,,1,80,,14528,4,,,1,40,,14529,4,,,1,81,,14530,4,,,1,80,,14531,4,,,1,90,,14522,4,,,1,101,,14520,4,,,1,100,,14526,4,,,1
20101,'KP:323:0:Weekday',723,,14546,4,,,1,30,,14547,4,,,1,70,,14542,4,,,1,30,,14532,4,,,1,70,,14544,4,,,1,30,,14539,4,,,1,70,,14536,4,,,1,30,,14545,4,,,1,70,,14541,4,,,1,30,,14533,4,,,1,100,,14540,4,,,1,70,,14535,4,,,1,28,,14538,4,,,1,69,,14543,4,,,1,98,,14534,4,,,1,30,,14537,4,,,1
20201,'H:113:6:Sunday',620,,14645,4,,,1,120,,14626,4,,,1,100,,14627,4,,,1,100,,14629,4,,,1,80,,14630,4,,,1,80,,14628,4,,,1,40,,14632,4,,,1,79,,14631,4,,,1,40,,14633,4,,,1,80,,14634,4,,,1,80,,14635,4,,,1,40,,14637,4,,,1,80,,14636,4,,,1,80,,14638,4,,,1,40,,14640,4,,,1,80,,14641,4,,,1,80,,14642,4,,,1,40,,14643,4,,,1,80,,14644,4,,,1,101,,14639,4,,,1
20201,'H:123:0:Weekday',436,,14646,4,,,1,79,,14647,4,,,1,119,,14662,4,,,1,674,,14652,4,,,1,97,,14661,4,,,1,30,,14654,4,,,1,98,,14655,4,,,1,70,,14653,4,,,1,30,,14656,4,,,1,70,,14657,4,,,1,32,,14658,4,,,1,71,,14659,4,,,1,30,,14660,4,,,1,72,,14651,4,,,1,30,,14649,4,,,1,71,,14648,4,,,1,30,,14663,4,,,1,70,,14664,4,,,1,30,,14665,4,,,1,91,,14650,4,,,1
20201,'H:173:5:Saturday',550,,14687,4,,,1,70,,14680,4,,,1,120,,14671,4,,,1,100,,14673,4,,,1,100,,14679,4,,,1,79,,14668,4,,,1,39,,14667,4,,,1,80,,14676,4,,,1,80,,14677,4,,,1,40,,14669,4,,,1,80,,14666,4,,,1,80,,14670,4,,,1,40,,14672,4,,,1,80,,14674,4,,,1,80,,14675,4,,,1,40,,14682,4,,,1,80,,14683,4,,,1,80,,14684,4,,,1,41,,14685,4,,,1,80,,14686,4,,,1,100,,14678,4,,,1,101,,14681,4,,,1
20201,'KP:323:0:Weekday',554,,14699,4,,,1,154,,14700,4,,,1,30,,14697,4,,,1,70,,14702,4,,,1,30,,14690,4,,,1,70,,14693,4,,,1,30,,14695,4,,,1,70,,14698,4,,,1,30,,14701,4,,,1,70,,14696,4,,,1,30,,14688,4,,,1,70,,14691,4,,,1,30,,14694,4,,,1,99,,14692,4,,,1,166,,14689,4,,,1
