10900,'H:113:6:Sunday',836,,13231,31,,,1,103,,13235,31,,,1,100,,13226,31,,,1,101,,13227,31,,,1,103,,13238,31,,,1,101,,13229,31,,,1,99,,13234,31,,,1,99,,13228,31,,,1,99,,13230,31,,,1,98,,13237,31,,,1,99,,13233,31,,,1,99,,13236,31,,,1,100,,13232,31,,,1,98,,13239,31,,,1
10900,'H:123:0:Weekday',532,,13253,31,,,1,107,,13247,31,,,1,108,,13243,31,,,1,95,,13249,31,,,1,104,,13256,31,,,1,100,,13241,31,,,1,100,,13255,31,,,1,100,,13254,31,,,1,100,,13246,31,,,1,103,,13252,31,,,1,101,,13244,31,,,1,101,,13248,31,,,1,99,,13251,31,,,1,97,,13245,31,,,1,97,,13242,31,,,1,98,,13240,31,,,1,100,,13250,31,,,1
10900,'H:173:5:Saturday',737,,13261,31,,,1,101,,13264,31,,,1,101,,13260,31,,,1,104,,13257,31,,,1,101,,13269,31,,,1,101,,13262,31,,,1,101,,13267,31,,,1,100,,13258,31,,,1,97,,13259,31,,,1,100,,13271,31,,,1,100,,13263,31,,,1,97,,13268,31,,,1,99,,13265,31,,,1,99,,13266,31,,,1,99,,13270,31,,,1
20100,'H:113:6:Sunday',812,,14400,31,,,1,101,,14402,31,,,1,100,,14403,31,,,1,40,,14401,31,,,1,80,,14404,31,,,1,80,,14399,31,,,1,40,,14405,31,,,1,80,,14406,31,,,1,80,,14407,31,,,1,40,,14408,31,,,1,80,,14410,31,,,1,80,,14411,31,,,1,40,,14412,31,,,1,80,,14414,31,,,1,80,,14415,31,,,1,40,,14416,31,,,1,80,,14417,31,,,1,80,,14418,31,,,1,100,,14409,31,,,1,100,,14413,31,,,1
20100,'H:123:0:Weekday',547,,14423,31,,,1,187,,14424,31,,,1,100,,14425,31,,,1,70,,14426,31,,,1,631,,14427,31,,,1,200,,14434,31,,,1,69,,14428,31,,,1,29,,14429,31,,,1,70,,14430,31,,,1,30,,14419,31,,,1,70,,14421,31,,,1,30,,14420,31,,,1,70,,14422,31,,,1,30,,14431,31,,,1,70,,14432,31,,,1,50,,14433,31,,,1
20100,'H:173:5:Saturday',712,,14447,31,,,1,100,,14437,31,,,1,101,,14446,31,,,1,100,,14438,31,,,1,40,,14439,31,,,1,80,,14444,31,,,1,80,,14445,31,,,1,40,,14436,31,,,1,80,,14448,31,,,1,80,,14440,31,,,1,40,,14435,31,,,1,80,,14449,31,,,1,80,,14441,31,,,1,40,,14443,31,,,1,80,,14452,31,,,1,80,,14453,31,,,1,40,,14454,31,,,1,80,,14451,31,,,1,80,,14455,31,,,1,99,,14442,31,,,1,100,,14450,31,,,1
20100,'KP:323:0:Weekday',628,,14473,31,,,1,76,,14470,31,,,1,100,,14469,31,,,1,130,,14472,31,,,1,70,,14471,31,,,1,30,,14463,31,,,1,70,,14457,31,,,1,30,,14464,31,,,1,70,,14462,31,,,1,30,,14467,31,,,1,70,,14468,31,,,1,30,,14465,31,,,1,70,,14456,31,,,1,30,,14458,31,,,1,70,,14460,31,,,1,101,,14459,31,,,1,30,,14461,31,,,1,70,,14466,31,,,1
20200,'H:113:6:Sunday',742,,14562,41,,,1,100,,14549,41,,,1,101,,14548,41,,,1,90,,14550,41,,,1,80,,14551,41,,,1,40,,14552,41,,,1,80,,14555,41,,,1,81,,14553,41,,,1,40,,14556,41,,,1,80,,14554,41,,,1,79,,14558,41,,,1,40,,14557,41,,,1,80,,14559,41,,,1,80,,14563,41,,,1,40,,14564,41,,,1,80,,14565,41,,,1,80,,14566,41,,,1,40,,14567,41,,,1,90,,14560,41,,,1,100,,14561,41,,,1
20200,'H:123:0:Weekday',453,,14583,2,,,1,74,,14568,41,,,1,81,,14571,41,,,1,40,,14575,41,,,1,71,,14576,41,,,1,130,,14577,41,,,1,70,,14578,41,,,1,530,,14579,41,,,1,171,,14580,41,,,1,31,,14581,41,,,1,70,,14582,41,,,1,127,,14574,41,,,1,70,,14572,41,,,1,30,,14569,41,,,1,70,,14570,41,,,1,30,,14573,41,,,1,70,,14584,41,,,1,30,,14585,41,,,1,74,,14586,41,,,1
20200,'H:173:5:Saturday',611,,14604,41,,,1,30,,14588,41,,,1,100,,14589,41,,,1,101,,14600,41,,,1,100,,14594,41,,,1,91,,14587,41,,,1,80,,14590,41,,,1,40,,14598,41,,,1,80,,14592,41,,,1,80,,14591,41,,,1,40,,14593,41,,,1,80,,14601,41,,,1,80,,14595,41,,,1,40,,14596,41,,,1,80,,14597,41,,,1,80,,14605,41,,,1,40,,14606,41,,,1,80,,14607,41,,,1,80,,14608,41,,,1,40,,14609,41,,,1,89,,14602,41,,,1,100,,14599,41,,,1,99,,14603,41,,,1
20200,'KP:323:0:Weekday',749,,14623,41,,,1,70,,14624,41,,,1,130,,14625,41,,,1,70,,14621,41,,,1,30,,14610,41,,,1,70,,14612,41,,,1,30,,14616,41,,,1,70,,14620,41,,,1,30,,14615,41,,,1,70,,14622,41,,,1,30,,14619,41,,,1,70,,14611,41,,,1,101,,14618,41,,,1,30,,14614,41,,,1,200,,14613,41,,,1,69,,14617,41,,,1
