20101,'Sunday',807,,10273,38,,,1,100,,10259,38,,,1,101,,10261,38,,,1,50,,10262,38,,,1,82,,10264,38,,,1,80,,10265,38,,,1,81,,10263,38,,,1,40,,10260,38,,,1,80,,10267,38,,,1,80,,10268,38,,,1,40,,10269,38,,,1,81,,10270,38,,,1,80,,10266,38,,,1,40,,10274,38,,,1,80,,10275,38,,,1,79,,10276,38,,,1,39,,10277,38,,,1,79,,10278,38,,,1,87,,10271,38,,,1,99,,10272,38,,,1
20101,'Weekday',632,,10282,38,,,1,82,,10283,38,,,1,40,,10287,38,,,1,69,,10288,38,,,1,30,,10289,38,,,1,70,,10290,38,,,1,30,,10291,38,,,1,72,,10292,38,,,1,31,,10293,38,,,1,72,,10294,38,,,1,30,,10295,38,,,1,72,,10296,38,,,1,71,,10297,38,,,1,30,,10298,38,,,1,71,,10299,38,,,1,30,,10300,38,,,1,70,,10301,38,,,1,31,,10302,38,,,1,70,,10303,38,,,1,30,,10304,38,,,1,70,,10305,38,,,1,29,,10306,38,,,1,68,,10307,38,,,1,26,,10308,38,,,1,30,,10285,38,,,1,68,,10286,38,,,1,30,,10284,38,,,1,69,,10279,38,,,1,30,,10281,38,,,1,68,,10280,38,,,1,30,,10310,38,,,1,68,,10311,38,,,1,29,,10309,38,,,1
20101,'Saturday',805,,10318,38,,,1,102,,10312,38,,,1,101,,10313,38,,,1,93,,10324,38,,,1,41,,10317,38,,,1,80,,10314,38,,,1,81,,10315,38,,,1,41,,10326,38,,,1,80,,10320,38,,,1,80,,10316,38,,,1,39,,10319,38,,,1,80,,10325,38,,,1,80,,10322,38,,,1,40,,10328,38,,,1,80,,10329,38,,,1,77,,10330,38,,,1,40,,10331,38,,,1,77,,10332,38,,,1,90,,10323,38,,,1,99,,10321,38,,,1,98,,10327,38,,,1
20201,'Sunday',718,,10430,46,,,1,120,,10411,46,,,1,100,,10412,46,,,1,102,,10414,46,,,1,80,,10415,46,,,1,81,,10413,46,,,1,40,,10417,46,,,1,80,,10416,46,,,1,80,,10418,46,,,1,40,,10419,46,,,1,80,,10420,46,,,1,80,,10422,46,,,1,40,,10421,46,,,1,80,,10423,46,,,1,80,,10425,46,,,1,40,,10426,46,,,1,79,,10427,46,,,1,80,,10428,46,,,1,40,,10429,46,,,1,98,,10424,46,,,1
20201,'Weekday',531,,10431,46,,,1,82,,10432,46,,,1,41,,10436,46,,,1,81,,10458,46,,,1,76,,10459,46,,,1,30,,10460,46,,,1,72,,10461,46,,,1,30,,10462,46,,,1,70,,10438,46,,,1,31,,10439,46,,,1,70,,10440,46,,,1,31,,10442,46,,,1,71,,10457,46,,,1,31,,10443,46,,,1,70,,10444,46,,,1,30,,10441,46,,,1,72,,10445,46,,,1,30,,10446,46,,,1,72,,10456,46,,,1,31,,10448,46,,,1,70,,10449,46,,,1,31,,10450,46,,,1,70,,10447,46,,,1,29,,10451,46,,,1,66,,10452,46,,,1,27,,10453,46,,,1,67,,10454,46,,,1,29,,10455,46,,,1,70,,10437,46,,,1,29,,10434,46,,,1,69,,10433,46,,,1,29,,10463,46,,,1,70,,10464,46,,,1,30,,10465,46,,,1,90,,10435,46,,,1
20201,'Saturday',649,,10487,46,,,1,70,,10480,46,,,1,120,,10471,46,,,1,101,,10473,46,,,1,101,,10479,46,,,1,82,,10468,46,,,1,80,,10467,46,,,1,41,,10476,46,,,1,81,,10477,46,,,1,80,,10469,46,,,1,40,,10466,46,,,1,80,,10470,46,,,1,79,,10472,46,,,1,40,,10474,46,,,1,80,,10475,46,,,1,80,,10482,46,,,1,39,,10483,46,,,1,77,,10484,46,,,1,80,,10485,46,,,1,40,,10486,46,,,1,99,,10478,46,,,1,100,,10481,46,,,1
20901,'Sunday',828,,10534,31,,,1,101,,10533,31,,,1,101,,10545,31,,,1,100,,10537,31,,,1,101,,10542,31,,,1,100,,10535,31,,,1,101,,10536,31,,,1,100,,10543,31,,,1,99,,10538,31,,,1,100,,10541,31,,,1,99,,10539,31,,,1,100,,10540,31,,,1,100,,10544,31,,,1
20901,'Weekday',538,,10559,31,,,1,104,,10546,31,,,1,101,,10549,31,,,1,102,,10547,31,,,1,101,,10551,31,,,1,99,,10548,31,,,1,102,,10550,31,,,1,93,,10552,31,,,1,100,,10553,31,,,1,100,,10554,31,,,1,102,,10555,31,,,1,100,,10562,31,,,1,100,,10561,31,,,1,99,,10560,31,,,1,99,,10556,31,,,1,102,,10557,31,,,1,97,,10558,31,,,1,100,,10563,31,,,1
20901,'Saturday',729,,10566,31,,,1,101,,10564,31,,,1,102,,10577,31,,,1,101,,10571,31,,,1,102,,10575,31,,,1,101,,10567,31,,,1,101,,10565,31,,,1,99,,10578,31,,,1,100,,10570,31,,,1,98,,10573,31,,,1,100,,10569,31,,,1,99,,10568,31,,,1,98,,10576,31,,,1,99,,10572,31,,,1,99,,10574,31,,,1
24001,'Sunday',734,,10839,42,,,1,100,,10832,42,,,1,100,,10826,42,,,1,95,,10833,42,,,1,105,,10827,42,,,1,100,,10834,42,,,1,100,,10828,42,,,1,100,,10835,42,,,1,95,,10829,42,,,1,100,,10836,42,,,1,100,,10830,42,,,1,105,,10837,42,,,1,100,,10831,42,,,1,100,,10838,42,,,1
24001,'Weekday',637,,10854,42,,,1,100,,10840,42,,,1,100,,10843,42,,,1,100,,10841,42,,,1,105,,10842,42,,,1,99,,10846,42,,,1,100,,10845,42,,,1,100,,10847,42,,,1,100,,10848,42,,,1,102,,10844,42,,,1,98,,10849,42,,,1,100,,10853,42,,,1,100,,10850,42,,,1,101,,10851,42,,,1,100,,10852,42,,,1,100,,10855,42,,,1,100,,10856,42,,,1
24001,'Saturday',734,,10862,42,,,1,100,,10865,42,,,1,95,,10859,42,,,1,100,,10864,42,,,1,99,,10858,42,,,1,105,,10866,42,,,1,100,,10860,42,,,1,101,,10868,42,,,1,95,,10861,42,,,1,100,,10867,42,,,1,100,,10869,42,,,1,105,,10863,42,,,1,100,,10857,42,,,1,100,,10870,42,,,1,100,,10871,42,,,1
90500,'Weekday',442,,12470,7,,,1,102,,12469,7,,,1,70,,12474,7,,,1,30,,12473,7,,,1,70,,12472,7,,,1,30,,12471,7,,,1,100,,12478,7,,,1,100,,12465,7,,,1,100,,12463,7,,,1,100,,12464,7,,,1,100,,12476,7,,,1,100,,12479,7,,,1,100,,12467,7,,,1,100,,12468,7,,,1,100,,12481,7,,,1,100,,12466,7,,,1,100,,12480,7,,,1,100,,12482,7,,,1,100,,12477,7,,,1,100,,12475,7,,,1
90501,'Weekday',618,,12492,5,,,1,100,,12491,5,,,1,99,,12490,5,,,1,100,,12488,5,,,1,100,,12489,5,,,1,102,,12499,5,,,1,100,,12497,5,,,1,100,,12498,5,,,1,102,,12500,5,,,1,92,,12496,5,,,1,102,,12493,5,,,1,36,,12485,5,,,1,70,,12487,5,,,1,26,,12484,5,,,1,77,,12483,5,,,1,95,,12486,5,,,1,99,,12495,5,,,1,100,,12494,5,,,1
90701,'Weekday',1509,,12506,11,,,1,26,,12507,11,,,1,77,,12508,11,,,1,90,,12505,11,,,1
