10901,'Sunday',750,,9057,1,,,1,100,,9069,1,,,1,100,,9061,1,,,1,100,,9066,1,,,1,100,,9058,1,,,1,100,,9059,1,,,1,100,,9067,1,,,1,100,,9062,1,,,1,100,,9065,1,,,1,100,,9060,1,,,1,100,,9063,1,,,1,100,,9068,1,,,1,100,,9064,1,,,1,100,,9070,1,,,1
10901,'Weekday',450,,9072,1,,,1,100,,9082,1,,,1,100,,9083,1,,,1,100,,9086,1,,,1,100,,9088,1,,,1,100,,9078,1,,,1,100,,9081,1,,,1,90,,9077,1,,,1,100,,9076,1,,,1,95,,9087,1,,,1,100,,9080,1,,,1,100,,9075,1,,,1,100,,9085,1,,,1,105,,9079,1,,,1,100,,9084,1,,,1,110,,9073,1,,,1,150,,9074,1,,,1,100,,9071,1,,,1
10901,'Saturday',650,,9089,1,,,1,100,,9102,1,,,1,100,,9095,1,,,1,100,,9100,1,,,1,100,,9091,1,,,1,100,,9090,1,,,1,100,,9103,1,,,1,100,,9094,1,,,1,100,,9098,1,,,1,100,,9092,1,,,1,100,,9093,1,,,1,100,,9101,1,,,1,100,,9096,1,,,1,100,,9099,1,,,1,100,,9097,1,,,1
11200,'Sunday',655,,9108,1,,,1,70,,9123,1,,,1,29,,9109,1,,,1,70,,9124,1,,,1,29,,9110,1,,,1,69,,9125,1,,,1,30,,9111,1,,,1,70,,9126,1,,,1,30,,9114,1,,,1,69,,9127,1,,,1,30,,9115,1,,,1,70,,9128,1,,,1,30,,9117,1,,,1,70,,9129,1,,,1,30,,9113,1,,,1,70,,9130,1,,,1,30,,9112,1,,,1,70,,9131,1,,,1,30,,9118,1,,,1,70,,9132,1,,,1,30,,9116,1,,,1,70,,9133,1,,,1,31,,9119,1,,,1,100,,9120,1,,,1,101,,9121,1,,,1,100,,9122,1,,,1
11200,'Weekday',502,,9151,1,,,1,30,,9152,1,,,1,69,,9135,1,,,1,29,,9164,1,,,1,70,,9137,1,,,1,20,,9161,1,,,1,20,,9167,1,,,1,19,,9136,1,,,1,59,,9163,1,,,1,20,,9168,1,,,1,20,,9134,1,,,1,71,,9160,1,,,1,30,,9138,1,,,1,70,,9153,1,,,1,30,,9139,1,,,1,70,,9155,1,,,1,30,,9140,1,,,1,69,,9157,1,,,1,29,,9141,1,,,1,70,,9156,1,,,1,30,,9142,1,,,1,60,,9159,1,,,1,20,,9169,1,,,1,19,,9143,1,,,1,60,,9165,1,,,1,20,,9170,1,,,1,20,,9146,1,,,1,59,,9162,1,,,1,20,,9171,1,,,1,20,,9147,1,,,1,70,,9166,1,,,1,30,,9144,1,,,1,72,,9154,1,,,1,30,,9145,1,,,1,72,,9158,1,,,1,71,,9148,1,,,1,101,,9149,1,,,1,100,,9150,1,,,1
11200,'Saturday',654,,9175,1,,,1,70,,9195,1,,,1,30,,9177,1,,,1,70,,9194,1,,,1,29,,9174,1,,,1,69,,9192,1,,,1,30,,9172,1,,,1,70,,9198,1,,,1,30,,9176,1,,,1,69,,9196,1,,,1,30,,9178,1,,,1,70,,9191,1,,,1,29,,9179,1,,,1,70,,9187,1,,,1,30,,9181,1,,,1,70,,9190,1,,,1,30,,9183,1,,,1,70,,9197,1,,,1,30,,9180,1,,,1,70,,9193,1,,,1,30,,9184,1,,,1,71,,9188,1,,,1,30,,9182,1,,,1,70,,9189,1,,,1,30,,9185,1,,,1,101,,9186,1,,,1,101,,9173,1,,,1
11900,'Sunday',755,,9578,1,,,1,100,,9569,1,,,1,100,,9571,1,,,1,100,,9573,1,,,1,100,,9579,1,,,1,100,,9574,1,,,1,100,,9575,1,,,1,100,,9572,1,,,1,100,,9577,1,,,1,100,,9570,1,,,1,100,,9580,1,,,1,100,,9576,1,,,1,100,,9581,1,,,1
11900,'Weekday',555,,9592,1,,,1,70,,9598,1,,,1,20,,9587,1,,,1,80,,9599,1,,,1,30,,9584,1,,,1,70,,9600,1,,,1,30,,9583,1,,,1,70,,9604,1,,,1,30,,9595,1,,,1,70,,9605,1,,,1,30,,9596,1,,,1,70,,9606,1,,,1,30,,9593,1,,,1,70,,9607,1,,,1,30,,9594,1,,,1,70,,9608,1,,,1,30,,9597,1,,,1,70,,9609,1,,,1,30,,9591,1,,,1,70,,9603,1,,,1,30,,9585,1,,,1,70,,9601,1,,,1,30,,9588,1,,,1,70,,9602,1,,,1,30,,9590,1,,,1,100,,9589,1,,,1,100,,9582,1,,,1,100,,9586,1,,,1,100,,9610,1,,,1
11900,'Saturday',555,,9611,1,,,1,100,,9612,1,,,1,100,,9613,1,,,1,100,,9614,1,,,1,100,,9615,1,,,1,100,,9616,1,,,1,100,,9619,1,,,1,100,,9617,1,,,1,100,,9621,1,,,1,100,,9618,1,,,1,100,,9620,1,,,1,100,,9623,1,,,1,100,,9624,1,,,1,100,,9622,1,,,1,100,,9625,1,,,1,100,,9626,1,,,1
12100,'Sunday',655,,9809,1,,,1,100,,9810,1,,,1,100,,9811,1,,,1,100,,9812,1,,,1,100,,9813,1,,,1,100,,9814,1,,,1,100,,9815,1,,,1,100,,9816,1,,,1,100,,9817,1,,,1,100,,9818,1,,,1,100,,9819,1,,,1,100,,9820,1,,,1,100,,9821,1,,,1,100,,9822,1,,,1
12100,'Weekday',525,,9842,1,,,1,25,,9840,1,,,1,65,,9847,1,,,1,25,,9841,1,,,1,65,,9846,1,,,1,25,,9838,1,,,1,25,,9843,1,,,1,70,,9848,1,,,1,25,,9850,1,,,1,70,,9844,1,,,1,95,,9845,1,,,1,90,,9839,1,,,1,50,,9830,1,,,1,90,,9837,1,,,1,90,,9828,1,,,1,95,,9835,1,,,1,70,,9834,1,,,1,30,,9836,1,,,1,70,,9831,1,,,1,30,,9833,1,,,1,75,,9832,1,,,1,35,,9829,1,,,1,70,,9823,1,,,1,30,,9849,1,,,1,75,,9827,1,,,1,100,,9826,1,,,1,100,,9824,1,,,1,100,,9825,1,,,1
12100,'Saturday',555,,9851,1,,,1,100,,9852,1,,,1,100,,9853,1,,,1,100,,9854,1,,,1,100,,9855,1,,,1,100,,9856,1,,,1,100,,9857,1,,,1,100,,9858,1,,,1,100,,9859,1,,,1,100,,9860,1,,,1,100,,9861,1,,,1,100,,9862,1,,,1,100,,9863,1,,,1,100,,9864,1,,,1,100,,9865,1,,,1
16600,'Sunday',653,,10051,28,,,1,98,,10052,28,,,1,99,,10053,28,,,1,98,,10054,28,,,1,98,,10055,28,,,1,98,,10056,28,,,1,99,,10057,28,,,1,99,,10058,28,,,1,100,,10059,28,,,1,101,,10060,28,,,1,101,,10061,28,,,1,102,,10062,28,,,1,101,,10063,28,,,1,101,,10064,28,,,1,101,,10065,28,,,1,101,,10066,28,,,1
16600,'Weekday',500,,10100,28,,,1,30,,10083,28,,,1,27,,10097,28,,,1,70,,10082,28,,,1,29,,10098,28,,,1,69,,10077,28,,,1,30,,10089,28,,,1,70,,10076,28,,,1,30,,10088,28,,,1,69,,10075,28,,,1,30,,10094,28,,,1,70,,10074,28,,,1,30,,10087,28,,,1,70,,10072,28,,,1,29,,10084,28,,,1,68,,10073,28,,,1,30,,10090,28,,,1,70,,10071,28,,,1,30,,10093,28,,,1,69,,10070,28,,,1,30,,10091,28,,,1,69,,10069,28,,,1,30,,10086,28,,,1,69,,10080,28,,,1,29,,10085,28,,,1,70,,10067,28,,,1,32,,10092,28,,,1,72,,10068,28,,,1,30,,10096,28,,,1,73,,10079,28,,,1,31,,10078,28,,,1,100,,10081,28,,,1,102,,10095,28,,,1,102,,10099,28,,,1
16600,'Saturday',553,,10101,28,,,1,99,,10102,28,,,1,98,,10104,28,,,1,99,,10105,28,,,1,96,,10106,28,,,1,100,,10103,28,,,1,98,,10107,28,,,1,98,,10109,28,,,1,99,,10110,28,,,1,99,,10114,28,,,1,101,,10112,28,,,1,101,,10115,28,,,1,102,,10113,28,,,1,101,,10111,28,,,1,104,,10116,28,,,1,101,,10108,28,,,1,101,,10117,28,,,1
16601,'Sunday',723,,10118,35,,,1,101,,10119,35,,,1,101,,10120,35,,,1,102,,10121,35,,,1,101,,10122,35,,,1,101,,10123,35,,,1,101,,10124,35,,,1,100,,10125,35,,,1,100,,10126,35,,,1,100,,10127,35,,,1,100,,10129,35,,,1,99,,10131,35,,,1,99,,10128,35,,,1,99,,10132,35,,,1,99,,10130,35,,,1
16601,'Weekday',531,,10152,35,,,1,71,,10149,35,,,1,31,,10153,35,,,1,70,,10147,35,,,1,31,,10154,35,,,1,70,,10144,35,,,1,31,,10155,35,,,1,70,,10143,35,,,1,30,,10156,35,,,1,70,,10141,35,,,1,30,,10157,35,,,1,71,,10140,35,,,1,30,,10158,35,,,1,70,,10142,35,,,1,30,,10159,35,,,1,72,,10137,35,,,1,30,,10160,35,,,1,70,,10145,35,,,1,30,,10161,35,,,1,71,,10139,35,,,1,30,,10162,35,,,1,71,,10136,35,,,1,31,,10163,35,,,1,70,,10148,35,,,1,32,,10164,35,,,1,67,,10138,35,,,1,29,,10165,35,,,1,69,,10134,35,,,1,28,,10151,35,,,1,70,,10135,35,,,1,30,,10133,35,,,1,99,,10146,35,,,1,98,,10150,35,,,1,99,,10166,35,,,1
16601,'Saturday',623,,10169,35,,,1,101,,10167,35,,,1,102,,10168,35,,,1,101,,10171,35,,,1,101,,10174,35,,,1,101,,10170,35,,,1,101,,10175,35,,,1,100,,10173,35,,,1,102,,10172,35,,,1,101,,10177,35,,,1,100,,10178,35,,,1,99,,10179,35,,,1,99,,10176,35,,,1,99,,10180,35,,,1,98,,10181,35,,,1,99,,10182,35,,,1,98,,10183,35,,,1
