'KPOB-CS:221:1:Mon-Wed:1:25SEP:123',53200,45000,4,'',1,10200,4,'',1,7400,4,'',1,8000,4,'',1,1900,4,'',1,1600,4,'',1,1700,4,'',1,5600,4,'',1,2200,4,'',1,1900,4,'',1,6000,4,'',1,2000,4,'',1
'KPOB-CS:221:1:Mon-Wed:1:25SEP:123',53201,140500,,'',1,3000,,'',1,7000,,'',1,2500,,'',1,1500,,'',1,5500,,'',1,2500,,'',1,1500,,'',1,6000,,'',1,3500,,'',1,10000,,'',1
'KPOB-CS:251:2:Thu-Fri:1:25SEP:45',53200,45000,4,'',1,10200,4,'',1,7400,4,'',1,8000,4,'',1,1900,4,'',1,1600,4,'',1,1700,4,'',1,5600,4,'',1,2200,4,'',1,1900,4,'',1,6000,4,'',1,2000,4,'',1
'KPOB-CS:251:2:Thu-Fri:1:25SEP:45',53201,140500,,'',1,3000,,'',1,7000,,'',1,2500,,'',1,1500,,'',1,5500,,'',1,2500,,'',1,1500,,'',1,6000,,'',1,3500,,'',1,10000,,'',1
'KPOB-CS:221:1:Mon-Wed:1:25SEP:123',53500,52600,4,'',1,8400,4,'',1,3300,4,'',1,7600,4,'',1,3400,4,'',1,7500,4,'',1,7200,4,'',1,2900,4,'',1,2700,4,'',1,6900,4,'',1,2600,4,'',1,6800,4,'',1,2800,4,'',1,7000,4,'',1,3000,4,'',1,7100,4,'',1,3100,4,'',1,7000,4,'',1,3000,4,'',1,7000,4,'',1,3200,4,'',1,7100,4,'',1,3000,4,'',1,7100,4,'',1,3000,4,'',1,6900,4,'',1,2900,4,'',1,6700,4,'',1,9800,4,'',1,9600,4,'',1,9900,4,'',1
'KPOB-CS:221:1:Mon-Wed:1:25SEP:123',53501,55000,,'',1,7000,,'',1,3000,,'',1,7000,,'',1,3000,,'',1,7000,,'',1,3000,,'',1,7000,,'',1,3000,,'',1,7000,,'',1,3000,,'',1,7000,,'',1,3000,,'',1,7000,,'',1,3000,,'',1,7000,,'',1,3000,,'',1,7000,,'',1,3000,,'',1,7000,,'',1,3000,,'',1,7000,,'',1,3000,,'',1,7000,,'',1,3000,,'',1,7000,,'',1,3000,,'',1,7000,,'',1,10000,,'',1,10000,,'',1,10000,,'',1
'KPOB-CS:251:2:Thu-Fri:1:25SEP:45',53500,52600,4,'',1,8400,4,'',1,3300,4,'',1,7600,4,'',1,3400,4,'',1,7500,4,'',1,7200,4,'',1,2900,4,'',1,2700,4,'',1,6900,4,'',1,2600,4,'',1,6800,4,'',1,2800,4,'',1,7000,4,'',1,3000,4,'',1,7100,4,'',1,3100,4,'',1,7000,4,'',1,3000,4,'',1,7000,4,'',1,3200,4,'',1,7100,4,'',1,3000,4,'',1,7100,4,'',1,3000,4,'',1,6900,4,'',1,2900,4,'',1,6700,4,'',1,9800,4,'',1,9600,4,'',1,9900,4,'',1
'KPOB-CS:251:2:Thu-Fri:1:25SEP:45',53501,55000,,'',1,7000,,'',1,3000,,'',1,7000,,'',1,3000,,'',1,7000,,'',1,3000,,'',1,7000,,'',1,3000,,'',1,7000,,'',1,3000,,'',1,7000,,'',1,3000,,'',1,7000,,'',1,3000,,'',1,7000,,'',1,3000,,'',1,7000,,'',1,3000,,'',1,7000,,'',1,3000,,'',1,7000,,'',1,3000,,'',1,7000,,'',1,3000,,'',1,7000,,'',1,3000,,'',1,7000,,'',1,10000,,'',1,10000,,'',1,10000,,'',1
'KPOB-CS:271:5:Saturday:1:25SEP:6',53500,75900,4,'',1,14100,4,'',1,10300,4,'',1,10000,4,'',1,10400,4,'',1,10100,4,'',1,10200,4,'',1,10200,4,'',1,10000,4,'',1,9900,4,'',1,9700,4,'',1,10000,4,'',1,9400,4,'',1,9800,4,'',1,5900,4,'',1
'KPOB-CS:271:5:Saturday:1:25SEP:6',53501,80500,,'',1,10000,,'',1,10000,,'',1,10000,,'',1,10000,,'',1,10000,,'',1,10000,,'',1,10000,,'',1,10000,,'',1,10000,,'',1,10000,,'',1,10500,,'',1,10000,,'',1,10000,,'',1,10000,,'',1
