10600,'Sunday',711,,8925,34,,,1,101,,8912,34,,,1,102,,8913,34,,,1,101,,8914,34,,,1,101,,8915,34,,,1,100,,8916,34,,,1,101,,8917,34,,,1,101,,8918,34,,,1,100,,8920,34,,,1,98,,8919,34,,,1,100,,8921,34,,,1,100,,8922,34,,,1,99,,8923,34,,,1,99,,8924,34,,,1,99,,8926,34,,,1
10600,'Weekday',525,,8927,34,,,1,103,,8928,34,,,1,102,,8929,34,,,1,103,,8930,34,,,1,100,,8931,34,,,1,99,,8932,34,,,1,100,,8933,34,,,1,100,,8934,34,,,1,101,,8935,34,,,1,102,,8936,34,,,1,100,,8937,34,,,1,102,,8938,34,,,1,100,,8939,34,,,1,96,,8940,34,,,1,97,,8941,34,,,1,98,,8942,34,,,1,99,,8943,34,,,1
10600,'Saturday',610,,8957,34,,,1,100,,8958,34,,,1,102,,8944,34,,,1,101,,8945,34,,,1,103,,8946,34,,,1,101,,8947,34,,,1,100,,8948,34,,,1,101,,8949,34,,,1,100,,8951,34,,,1,100,,8952,34,,,1,99,,8954,34,,,1,100,,8950,34,,,1,100,,8955,34,,,1,99,,8956,34,,,1,98,,8953,34,,,1,98,,8959,34,,,1,100,,8960,34,,,1
10601,'Sunday',705,,8975,11,,,1,100,,8961,11,,,1,100,,8962,11,,,1,100,,8963,11,,,1,100,,8964,11,,,1,100,,8965,11,,,1,100,,8966,11,,,1,100,,8967,11,,,1,100,,8969,11,,,1,100,,8970,11,,,1,100,,8971,11,,,1,100,,8968,11,,,1,100,,8972,11,,,1,100,,8973,11,,,1,100,,8974,11,,,1
10601,'Weekday',520,,8976,11,,,1,103,,8977,11,,,1,100,,8978,11,,,1,101,,8979,11,,,1,100,,8980,11,,,1,99,,8981,11,,,1,100,,8983,11,,,1,100,,8984,11,,,1,101,,8985,11,,,1,100,,8982,11,,,1,101,,8987,11,,,1,100,,8988,11,,,1,100,,8989,11,,,1,100,,8986,11,,,1,99,,8990,11,,,1,99,,8991,11,,,1,99,,8992,11,,,1,99,,8993,11,,,1
10601,'Saturday',605,,9007,11,,,1,100,,9008,11,,,1,100,,8994,11,,,1,100,,8995,11,,,1,100,,8996,11,,,1,100,,8997,11,,,1,100,,8999,11,,,1,100,,9000,11,,,1,100,,9001,11,,,1,100,,8998,11,,,1,100,,9002,11,,,1,100,,9003,11,,,1,100,,9004,11,,,1,100,,9005,11,,,1,100,,9006,11,,,1,100,,9009,11,,,1,100,,9010,11,,,1
12000,'Sunday',735,,9687,11,,,1,100,,9688,11,,,1,100,,9689,11,,,1,99,,9686,11,,,1,100,,9690,11,,,1,98,,9691,11,,,1,100,,9692,11,,,1,100,,9693,11,,,1,100,,9694,11,,,1,100,,9695,11,,,1,100,,9696,11,,,1,100,,9697,11,,,1,102,,9685,11,,,1,100,,9698,11,,,1
12000,'Weekday',429,,9716,11,,,1,84,,9717,11,,,1,28,,9703,11,,,1,68,,9718,11,,,1,28,,9701,11,,,1,70,,9719,11,,,1,29,,9699,11,,,1,71,,9720,11,,,1,30,,9700,11,,,1,70,,9725,11,,,1,33,,9702,11,,,1,70,,9726,11,,,1,30,,9706,11,,,1,70,,9727,11,,,1,30,,9704,11,,,1,70,,9728,11,,,1,29,,9707,11,,,1,69,,9729,11,,,1,30,,9705,11,,,1,70,,9730,11,,,1,29,,9709,11,,,1,67,,9721,11,,,1,29,,9710,11,,,1,70,,9722,11,,,1,29,,9708,11,,,1,71,,9723,11,,,1,32,,9715,11,,,1,70,,9724,11,,,1,34,,9713,11,,,1,99,,9714,11,,,1,101,,9711,11,,,1,102,,9712,11,,,1
12000,'Saturday',536,,9736,11,,,1,100,,9735,11,,,1,98,,9739,11,,,1,99,,9738,11,,,1,100,,9741,11,,,1,100,,9740,11,,,1,99,,9737,11,,,1,99,,9743,11,,,1,100,,9744,11,,,1,100,,9742,11,,,1,100,,9746,11,,,1,101,,9745,11,,,1,101,,9734,11,,,1,100,,9732,11,,,1,101,,9731,11,,,1,101,,9733,11,,,1,101,,9747,11,,,1
12001,'Sunday',739,,9761,32,,,1,100,,9751,32,,,1,100,,9749,32,,,1,101,,9752,32,,,1,101,,9760,32,,,1,100,,9750,32,,,1,100,,9755,32,,,1,100,,9753,32,,,1,100,,9756,32,,,1,100,,9754,32,,,1,100,,9758,32,,,1,100,,9759,32,,,1,99,,9757,32,,,1,99,,9748,32,,,1
12001,'Weekday',544,,9779,32,,,1,70,,9780,32,,,1,31,,9763,32,,,1,71,,9781,32,,,1,33,,9778,32,,,1,71,,9782,32,,,1,29,,9776,32,,,1,69,,9783,32,,,1,29,,9777,32,,,1,69,,9787,32,,,1,29,,9765,32,,,1,70,,9788,32,,,1,31,,9766,32,,,1,70,,9789,32,,,1,30,,9767,32,,,1,71,,9790,32,,,1,30,,9768,32,,,1,70,,9791,32,,,1,31,,9769,32,,,1,70,,9792,32,,,1,31,,9770,32,,,1,71,,9784,32,,,1,30,,9762,32,,,1,70,,9785,32,,,1,31,,9764,32,,,1,68,,9786,32,,,1,28,,9771,32,,,1,100,,9775,32,,,1,97,,9774,32,,,1,100,,9772,32,,,1,98,,9773,32,,,1
12001,'Saturday',639,,9794,32,,,1,100,,9793,32,,,1,101,,9795,32,,,1,101,,9798,32,,,1,100,,9806,32,,,1,100,,9802,32,,,1,100,,9804,32,,,1,100,,9807,32,,,1,100,,9805,32,,,1,101,,9797,32,,,1,100,,9803,32,,,1,100,,9799,32,,,1,100,,9801,32,,,1,99,,9796,32,,,1,99,,9808,32,,,1,100,,9800,32,,,1
