20101,'H:113:6:Sunday',744,,14488,20,,,1,100,,14474,20,,,1,101,,14476,20,,,1,90,,14477,20,,,1,81,,14479,20,,,1,40,,14480,20,,,1,80,,14478,20,,,1,80,,14475,20,,,1,40,,14482,20,,,1,80,,14483,20,,,1,80,,14484,20,,,1,40,,14485,20,,,1,80,,14481,20,,,1,80,,14489,20,,,1,40,,14490,20,,,1,80,,14491,20,,,1,80,,14492,20,,,1,40,,14493,20,,,1,89,,14486,20,,,1,99,,14487,20,,,1
20101,'H:123:0:Weekday',610,,14497,20,,,1,41,,14498,20,,,1,80,,14502,20,,,1,572,,14503,20,,,1,232,,14510,20,,,1,170,,14504,20,,,1,29,,14505,20,,,1,68,,14506,20,,,1,30,,14500,20,,,1,69,,14501,20,,,1,30,,14499,20,,,1,70,,14494,20,,,1,30,,14496,20,,,1,70,,14495,20,,,1,30,,14508,20,,,1,70,,14509,20,,,1,29,,14507,20,,,1
20101,'H:173:5:Saturday',746,,14517,20,,,1,100,,14511,20,,,1,100,,14512,20,,,1,91,,14523,20,,,1,80,,14516,20,,,1,40,,14513,20,,,1,81,,14514,20,,,1,81,,14525,20,,,1,40,,14519,20,,,1,80,,14515,20,,,1,79,,14518,20,,,1,40,,14524,20,,,1,80,,14521,20,,,1,80,,14527,20,,,1,40,,14528,20,,,1,78,,14529,20,,,1,80,,14530,20,,,1,40,,14531,20,,,1,90,,14522,20,,,1,100,,14520,20,,,1,100,,14526,20,,,1
20101,'KP:323:0:Weekday',801,,14546,20,,,1,30,,14547,20,,,1,70,,14542,20,,,1,30,,14532,20,,,1,70,,14544,20,,,1,30,,14539,20,,,1,70,,14536,20,,,1,30,,14545,20,,,1,71,,14541,20,,,1,31,,14533,20,,,1,101,,14540,20,,,1,70,,14535,20,,,1,30,,14538,20,,,1,71,,14543,20,,,1,100,,14534,20,,,1,30,,14537,20,,,1
20201,'H:113:6:Sunday',654,,14645,20,,,1,160,,14626,20,,,1,100,,14627,20,,,1,101,,14629,20,,,1,40,,14630,20,,,1,81,,14628,20,,,1,80,,14632,20,,,1,40,,14631,20,,,1,80,,14633,20,,,1,80,,14634,20,,,1,40,,14635,20,,,1,80,,14637,20,,,1,80,,14636,20,,,1,40,,14638,20,,,1,80,,14640,20,,,1,80,,14641,20,,,1,40,,14642,20,,,1,80,,14643,20,,,1,80,,14644,20,,,1,98,,14639,20,,,1
20201,'H:123:0:Weekday',509,,14646,20,,,1,40,,14647,20,,,1,162,,14662,20,,,1,638,,14652,20,,,1,101,,14661,20,,,1,70,,14654,20,,,1,100,,14655,20,,,1,30,,14653,20,,,1,70,,14656,20,,,1,28,,14657,20,,,1,69,,14658,20,,,1,30,,14659,20,,,1,69,,14660,20,,,1,30,,14651,20,,,1,70,,14649,20,,,1,30,,14648,20,,,1,70,,14663,20,,,1,30,,14664,20,,,1,70,,14665,20,,,1,90,,14650,20,,,1
20201,'H:173:5:Saturday',626,,14687,20,,,1,30,,14680,20,,,1,160,,14671,20,,,1,100,,14673,20,,,1,100,,14679,20,,,1,41,,14668,20,,,1,80,,14667,20,,,1,81,,14676,20,,,1,41,,14677,20,,,1,80,,14669,20,,,1,80,,14666,20,,,1,40,,14670,20,,,1,79,,14672,20,,,1,80,,14674,20,,,1,40,,14675,20,,,1,80,,14682,20,,,1,79,,14683,20,,,1,39,,14684,20,,,1,80,,14685,20,,,1,80,,14686,20,,,1,100,,14678,20,,,1,100,,14681,20,,,1
20201,'KP:323:0:Weekday',630,,14699,20,,,1,116,,14700,20,,,1,70,,14697,20,,,1,30,,14702,20,,,1,70,,14690,20,,,1,30,,14693,20,,,1,70,,14695,20,,,1,30,,14698,20,,,1,70,,14701,20,,,1,31,,14696,20,,,1,71,,14688,20,,,1,30,,14691,20,,,1,70,,14694,20,,,1,101,,14692,20,,,1,131,,14689,20,,,1
22200,'H:113:6:Sunday',726,,14904,2,,,1,90,,14903,2,,,1,90,,14895,2,,,1,50,,14890,2,,,1,90,,14893,2,,,1,90,,14899,2,,,1,90,,14891,2,,,1,90,,14896,2,,,1,90,,14898,2,,,1,50,,14892,2,,,1,90,,14894,2,,,1,90,,14900,2,,,1,90,,14901,2,,,1,90,,14897,2,,,1,90,,14902,2,,,1
22200,'H:123:0:Weekday',616,,14907,2,,,1,40,,14905,2,,,1,95,,14908,2,,,1,95,,14906,2,,,1,90,,14909,2,,,1,90,,14911,2,,,1,90,,14912,2,,,1,90,,14913,2,,,1,50,,14910,2,,,1,90,,14915,2,,,1,90,,14916,2,,,1,90,,14917,2,,,1,90,,14914,2,,,1,90,,14918,2,,,1,50,,14920,2,,,1,90,,14921,2,,,1,90,,14919,2,,,1
22200,'H:173:5:Saturday',546,,14936,2,,,1,90,,14922,2,,,1,90,,14923,2,,,1,90,,14933,2,,,1,90,,14937,2,,,1,50,,14938,2,,,1,90,,14929,2,,,1,90,,14924,2,,,1,90,,14925,2,,,1,90,,14932,2,,,1,90,,14931,2,,,1,50,,14934,2,,,1,90,,14928,2,,,1,90,,14930,2,,,1,90,,14935,2,,,1,90,,14926,2,,,1,90,,14927,2,,,1,45,,14939,2,,,1
22201,'H:113:6:Sunday',743,,14940,50,4,,1,90,,14943,50,4,,1,91,,14941,50,4,,1,91,,14944,50,4,,1,91,,14942,50,4,,1,50,,14945,50,4,,1,92,,14946,50,4,,1,92,,14949,50,4,,1,90,,14950,50,4,,1,90,,14947,50,4,,1,90,,14951,50,4,,1,90,,14952,50,4,,1,50,,14953,50,4,,1,89,,14948,50,4,,1,89,,14954,50,4,,1
22201,'H:123:0:Weekday',641,,14956,50,4,,1,88,,14957,50,4,,1,93,,14958,50,4,,1,90,,14959,50,4,,1,89,,14960,50,4,,1,50,,14961,50,4,,1,91,,14962,50,4,,1,92,,14963,50,4,,1,91,,14964,50,4,,1,91,,14965,50,4,,1,91,,14967,50,4,,1,93,,14968,50,4,,1,47,,14969,50,4,,1,90,,14966,50,4,,1,87,,14955,50,4,,1,88,,14970,50,4,,1,89,,14971,50,4,,1,48,,14972,50,4,,1,90,,14973,50,4,,1
22201,'H:173:5:Saturday',743,,14977,50,4,,1,91,,14978,50,4,,1,91,,14979,50,4,,1,90,,14980,50,4,,1,91,,14981,50,4,,1,51,,14982,50,4,,1,91,,14983,50,4,,1,91,,14985,50,4,,1,91,,14987,50,4,,1,90,,14984,50,4,,1,90,,14988,50,4,,1,90,,14986,50,4,,1,50,,14989,50,4,,1,90,,14990,50,4,,1,90,,14991,50,4,,1,88,,14974,50,4,,1,87,,14975,50,4,,1,50,,14976,50,4,,1
