10100,2105,1,0
10100,1553,2,0
10100,1554,3,0
10100,808,4,0
10100,807,5,0
10100,1513,6,0
10100,1518,7,0
10100,1514,8,0
10100,1519,9,0
10100,1497,10,0
10100,1493,11,0
10100,1498,12,0
10100,1512,13,0
10100,1499,14,0
10100,1500,15,0
10100,1501,16,0
10100,1521,17,0
10100,1502,18,0
10100,1495,19,0
10100,1503,20,0
10100,1504,21,0
10100,1505,22,0
10100,1506,23,0
10100,1507,24,0
10100,1508,25,0
10100,1509,26,0
10100,1510,27,0
10100,1511,28,0
10100,1516,29,0
10100,1517,30,0
10100,2089,31,0
10100,2877,32,1
10101,3312,1,0
10101,2405,2,0
10101,1017,3,0
10101,1023,4,0
10101,1016,5,0
10101,1015,6,0
10101,1014,7,0
10101,1022,8,0
10101,2237,9,0
10101,1013,10,0
10101,1012,11,0
10101,1011,12,0
10101,1010,13,0
10101,1009,14,0
10101,1008,15,0
10101,1007,16,0
10101,997,17,0
10101,1006,18,0
10101,1018,19,0
10101,1005,20,0
10101,1004,21,0
10101,1003,22,0
10101,1002,23,0
10101,1001,24,0
10101,998,25,0
10101,1000,26,0
10101,1020,27,0
10101,1021,28,0
10101,1024,29,0
10101,1301,30,0
10101,1299,31,0
10101,168,32,0
10101,167,33,0
10101,2106,34,1
10200,2107,1,0
10200,1637,2,0
10200,1191,3,0
10200,1196,4,0
10200,3340,5,0
10200,3337,6,0
10200,1658,7,0
10200,1659,8,0
10200,1507,9,0
10200,763,10,0
10200,1663,11,0
10200,2284,12,0
10200,1662,13,0
10200,1664,14,0
10200,1821,15,0
10200,1822,16,0
10200,1827,17,0
10200,1819,18,0
10200,1828,19,0
10200,1823,20,0
10200,1776,21,0
10200,1773,22,0
10200,1775,23,0
10200,1774,24,0
10200,1778,25,0
10200,2915,26,1
10201,2918,1,0
10201,2727,2,0
10201,406,3,0
10201,733,4,0
10201,457,5,0
10201,459,6,0
10201,460,7,0
10201,467,8,0
10201,466,9,0
10201,461,10,0
10201,468,11,0
10201,284,12,0
10201,283,13,0
10201,286,14,0
10201,2662,15,0
10201,1242,16,0
10201,1012,17,0
10201,281,18,0
10201,280,19,0
10201,3335,20,0
10201,3338,21,0
10201,3336,22,0
10201,710,23,0
10201,709,24,0
10201,83,25,0
10201,257,26,0
10201,2035,27,1
10300,3136,1,0
10300,3146,2,0
10300,3141,3,0
10300,3143,4,0
10300,3185,5,0
10300,2486,6,0
10300,1457,7,0
10300,1458,8,0
10300,1459,9,0
10300,1393,10,0
10300,1150,11,0
10300,2424,12,0
10300,1148,13,0
10300,1149,14,0
10300,1770,15,0
10300,846,16,0
10300,1389,17,0
10300,1391,18,0
10300,1392,19,0
10300,1390,20,0
10300,432,21,0
10300,433,22,0
10300,435,23,0
10300,1462,24,0
10300,1310,25,0
10300,1313,26,0
10300,1309,27,0
10300,1312,28,0
10300,1307,29,0
10300,2871,30,0
10300,1308,31,0
10300,180,32,0
10300,179,33,0
10300,2641,34,0
10300,181,35,0
10300,1097,36,0
10300,1098,37,0
10300,1101,38,0
10300,1102,39,0
10300,1103,40,0
10300,1104,41,0
10300,1107,42,0
10300,2737,43,0
10300,1602,44,0
10300,1607,45,0
10300,1608,46,0
10300,1143,47,0
10300,1142,48,0
10300,1613,49,0
10300,1614,50,0
10300,1155,51,0
10300,1156,52,0
10300,2035,53,1
10301,2117,1,0
10301,2171,2,0
10301,226,3,0
10301,227,4,0
10301,650,5,0
10301,3344,6,0
10301,216,7,0
10301,222,8,0
10301,610,9,0
10301,1601,10,0
10301,619,11,0
10301,2617,12,0
10301,623,13,0
10301,617,14,0
10301,616,15,0
10301,613,16,0
10301,611,17,0
10301,614,18,0
10301,1568,19,0
10301,2642,20,0
10301,1566,21,0
10301,1567,22,0
10301,2483,23,0
10301,819,24,0
10301,823,25,0
10301,820,26,0
10301,824,27,0
10301,818,28,0
10301,817,29,0
10301,821,30,0
10301,966,31,0
10301,1802,32,0
10301,1801,33,0
10301,1803,34,0
10301,895,35,0
10301,897,36,0
10301,896,37,0
10301,898,38,0
10301,401,39,0
10301,402,40,0
10301,665,41,0
10301,667,42,0
10301,1551,43,0
10301,2423,44,0
10301,666,45,0
10301,894,46,0
10301,975,47,0
10301,965,48,0
10301,3198,49,0
10301,2485,50,0
10301,3138,51,0
10301,3139,52,0
10301,3147,53,0
10301,3135,54,1
10600,2103,1,0
10600,165,2,0
10600,169,3,0
10600,1473,4,0
10600,2650,5,0
10600,2942,6,0
10600,2943,7,0
10600,2944,8,0
10600,2945,9,0
10600,1542,10,0
10600,1538,11,0
10600,1537,12,0
10600,1541,13,0
10600,2564,14,0
10600,2562,15,0
10600,3058,16,0
10600,1099,17,0
10600,1100,18,0
10600,1589,19,0
10600,1584,20,0
10600,1590,21,0
10600,1085,22,0
10600,1087,23,0
10600,1330,24,0
10600,1329,25,0
10600,1600,26,0
10600,2863,27,0
10600,1476,28,0
10600,1477,29,0
10600,1478,30,0
10600,1479,31,0
10600,3063,32,0
10600,2207,33,0
10600,2134,34,0
10600,1481,35,0
10600,1482,36,0
10600,2958,37,0
10600,1475,38,0
10600,3162,39,0
10600,2744,40,0
10600,2219,41,0
10600,2220,42,0
10600,372,43,0
10600,2229,44,1
10601,2229,1,0
10601,1744,2,0
10601,2903,3,0
10601,2904,4,0
10601,2745,5,0
10601,980,6,0
10601,2746,7,0
10601,991,8,0
10601,992,9,0
10601,989,10,0
10601,2134,11,0
10601,986,12,0
10601,985,13,0
10601,984,14,0
10601,990,15,0
10601,983,16,0
10601,982,17,0
10601,981,18,0
10601,979,19,0
10601,215,20,0
10601,838,21,0
10601,839,22,0
10601,837,23,0
10601,597,24,0
10601,198,25,0
10601,199,26,0
10601,200,27,0
10601,203,28,0
10601,615,29,0
10601,612,30,0
10601,3059,31,0
10601,2563,32,0
10601,2565,33,0
10601,1044,34,0
10601,1045,35,0
10601,1039,36,0
10601,1040,37,0
10601,2940,38,0
10601,2941,39,0
10601,2646,40,0
10601,2645,41,0
10601,2137,42,0
10601,1552,43,0
10601,2106,44,1
10900,2666,1,0
10900,2669,2,0
10900,2670,3,0
10900,3176,4,0
10900,3177,5,0
10900,3178,6,0
10900,3192,7,0
10900,1728,8,0
10900,2987,9,0
10900,3126,10,0
10900,3123,11,0
10900,2607,12,0
10900,3128,13,0
10900,1353,14,0
10900,1351,15,0
10900,1350,16,0
10900,1352,17,0
10900,3196,18,0
10900,3195,19,0
10900,1565,20,0
10900,1562,21,0
10900,1560,22,0
10900,3130,23,0
10900,1559,24,0
10900,1558,25,0
10900,1557,26,0
10900,1564,27,0
10900,2137,28,0
10900,1552,29,0
10900,2106,30,0
10900,2457,31,0
10900,2997,32,0
10900,2998,33,0
10900,2999,34,0
10900,3000,35,0
10900,2981,36,1
10901,2162,1,0
10901,3062,2,0
10901,2993,3,0
10901,2994,4,0
10901,2995,5,0
10901,3004,6,0
10901,2456,7,0
10901,2104,8,0
10901,165,9,0
10901,169,10,0
10901,3159,11,0
10901,3016,12,0
10901,171,13,0
10901,172,14,0
10901,173,15,0
10901,3129,16,0
10901,174,17,0
10901,175,18,0
10901,32,19,0
10901,3193,20,0
10901,3194,21,0
10901,3125,22,0
10901,858,23,0
10901,859,24,0
10901,860,25,0
10901,857,26,0
10901,3127,27,0
10901,2606,28,0
10901,3124,29,0
10901,2988,30,0
10901,2989,31,0
10901,353,32,0
10901,2226,33,0
10901,3172,34,0
10901,3173,35,0
10901,3174,36,0
10901,3175,37,0
10901,2671,38,0
10901,3108,39,0
10901,2982,40,1
11100,2188,1,0
11100,1316,2,0
11100,2775,3,0
11100,2776,4,0
11100,603,5,0
11100,604,6,0
11100,1687,7,0
11100,1681,8,0
11100,1685,9,0
11100,1682,10,0
11100,1683,11,0
11100,2774,12,0
11100,1160,13,0
11100,1161,14,0
11100,1695,15,0
11100,1696,16,0
11100,1697,17,0
11100,1698,18,0
11100,1699,19,0
11100,2644,20,0
11100,2097,21,1
11101,2097,1,0
11101,322,2,0
11101,321,3,0
11101,320,4,0
11101,319,5,0
11101,324,6,0
11101,675,7,0
11101,2771,8,0
11101,2763,9,0
11101,312,10,0
11101,310,11,0
11101,309,12,0
11101,305,13,0
11101,304,14,0
11101,2188,15,0
11101,1316,16,0
11101,2775,17,0
11101,2776,18,0
11101,603,19,0
11101,604,20,0
11101,1687,21,1
11200,2162,1,0
11200,1577,2,0
11200,1575,3,0
11200,1573,4,0
11200,2873,5,0
11200,1582,6,0
11200,1127,7,0
11200,1140,8,0
11200,1141,9,0
11200,1128,10,0
11200,1129,11,0
11200,1130,12,0
11200,1131,13,0
11200,1146,14,0
11200,1143,15,0
11200,1142,16,0
11200,1613,17,0
11200,1614,18,0
11200,1155,19,0
11200,1156,20,0
11200,2168,21,0
11200,1126,22,0
11200,1133,23,0
11200,1144,24,0
11200,1134,25,0
11200,1135,26,0
11200,1136,27,0
11200,1145,28,0
11200,1137,29,0
11200,1138,30,0
11200,1332,31,0
11200,1701,32,0
11200,1695,33,0
11200,1696,34,0
11200,1697,35,0
11200,1698,36,0
11200,1699,37,0
11200,2644,38,0
11200,2097,39,1
11201,2097,1,0
11201,322,2,0
11201,321,3,0
11201,320,4,0
11201,319,5,0
11201,324,6,0
11201,318,7,0
11201,842,8,0
11201,844,9,0
11201,661,10,0
11201,655,11,0
11201,654,12,0
11201,660,13,0
11201,659,14,0
11201,653,15,0
11201,652,16,0
11201,651,17,0
11201,662,18,0
11201,2110,19,0
11201,2171,20,0
11201,226,21,0
11201,227,22,0
11201,650,23,0
11201,649,24,0
11201,648,25,0
11201,656,26,0
11201,647,27,0
11201,658,28,0
11201,646,29,0
11201,645,30,0
11201,657,31,0
11201,195,32,0
11201,2872,33,0
11201,197,34,0
11201,189,35,0
11201,2169,36,0
11201,2981,37,1
11400,2116,1,0
11400,1637,2,0
11400,1638,3,0
11400,1639,4,0
11400,1640,5,0
11400,1642,6,0
11400,1641,7,0
11400,2125,8,0
11400,1240,9,0
11400,1656,10,0
11400,2756,11,0
11400,1663,12,0
11400,2284,13,0
11400,1662,14,0
11400,1664,15,0
11400,1276,16,0
11400,1271,17,0
11400,1272,18,0
11400,1273,19,0
11400,1278,20,0
11400,1274,21,0
11400,1275,22,0
11400,1277,23,0
11400,1279,24,0
11400,1280,25,0
11400,328,26,0
11400,2089,27,0
11400,2877,28,1
11401,3312,1,0
11401,2405,2,0
11401,1017,3,0
11401,1704,4,0
11401,787,5,0
11401,789,6,0
11401,786,7,0
11401,785,8,0
11401,784,9,0
11401,783,10,0
11401,782,11,0
11401,781,12,0
11401,780,13,0
11401,284,14,0
11401,283,15,0
11401,286,16,0
11401,2662,17,0
11401,2755,18,0
11401,277,19,0
11401,755,20,0
11401,3316,21,0
11401,255,22,0
11401,253,23,0
11401,260,24,0
11401,259,25,0
11401,252,26,0
11401,251,27,0
11401,257,28,0
11401,2035,29,1
11700,3264,1,0
11700,3275,2,0
11700,1455,3,0
11700,3281,4,0
11700,1472,5,0
11700,1470,6,0
11700,1468,7,0
11700,1469,8,0
11700,1456,9,0
11700,1457,10,0
11700,1458,11,0
11700,1459,12,0
11700,1466,13,0
11700,1461,14,0
11700,1464,15,0
11700,1462,16,0
11700,1460,17,0
11700,1467,18,0
11700,2433,19,0
11700,1303,20,0
11700,1305,21,0
11700,1742,22,0
11700,1743,23,0
11700,1635,24,0
11700,2035,25,1
11701,2119,1,0
11701,250,2,0
11701,262,3,0
11701,371,4,0
11701,370,5,0
11701,814,6,0
11701,2431,7,0
11701,2432,8,0
11701,970,9,0
11701,966,10,0
11701,969,11,0
11701,974,12,0
11701,975,13,0
11701,965,14,0
11701,964,15,0
11701,963,16,0
11701,973,17,0
11701,967,18,0
11701,972,19,0
11701,968,20,0
11701,3280,21,0
11701,3274,22,0
11701,3264,23,1
11900,2162,1,0
11900,2454,2,0
11900,2450,3,0
11900,2449,4,0
11900,3220,5,0
11900,2447,6,0
11900,2445,7,0
11900,2443,8,0
11900,1568,9,0
11900,2642,10,0
11900,1566,11,0
11900,1567,12,0
11900,1185,13,0
11900,1186,14,0
11900,1187,15,0
11900,1188,16,0
11900,1197,17,0
11900,1586,18,0
11900,1587,19,0
11900,1430,20,0
11900,1427,21,0
11900,2930,22,0
11900,2929,23,0
11900,2928,24,0
11900,2931,25,0
11900,2932,26,0
11900,3061,27,0
11900,1251,28,0
11900,1252,29,0
11900,1253,30,0
11900,1254,31,0
11900,1263,32,0
11900,1255,33,0
11900,1264,34,0
11900,1256,35,0
11900,291,36,0
11900,298,37,0
11900,1222,38,0
11900,1223,39,0
11900,1224,40,0
11900,1225,41,0
11900,306,42,0
11900,313,43,0
11900,1207,44,0
11900,1203,45,0
11900,1699,46,0
11900,2644,47,0
11900,2097,48,1
11901,2097,1,0
11901,322,2,0
11901,726,3,0
11901,720,4,0
11901,1689,5,0
11901,741,6,0
11901,742,7,0
11901,740,8,0
11901,739,9,0
11901,1667,10,0
11901,1675,11,0
11901,769,12,0
11901,764,13,0
11901,768,14,0
11901,774,15,0
11901,767,16,0
11901,773,17,0
11901,766,18,0
11901,2933,19,0
11901,2934,20,0
11901,2935,21,0
11901,2927,22,0
11901,2926,23,0
11901,2925,24,0
11901,940,25,0
11901,934,26,0
11901,204,27,0
11901,202,28,0
11901,705,29,0
11901,704,30,0
11901,703,31,0
11901,2733,32,0
11901,701,33,0
11901,180,34,0
11901,179,35,0
11901,2641,36,0
11901,181,37,0
11901,2442,38,0
11901,2697,39,0
11901,2444,40,0
11901,2446,41,0
11901,2610,42,0
11901,2448,43,0
11901,2451,44,0
11901,2453,45,0
11901,2455,46,0
11901,2981,47,1
12000,2229,1,0
12000,1744,2,0
12000,2903,3,0
12000,2904,4,0
12000,2745,5,0
12000,980,6,0
12000,2746,7,0
12000,991,8,0
12000,992,9,0
12000,989,10,0
12000,2134,11,0
12000,288,12,0
12000,3164,13,0
12000,3165,14,0
12000,3166,15,0
12000,3167,16,0
12000,2211,17,0
12000,2222,18,0
12000,1680,19,0
12000,2749,20,0
12000,2751,21,0
12000,2757,22,0
12000,2406,23,0
12000,2407,24,0
12000,2408,25,0
12000,2409,26,0
12000,638,27,0
12000,630,28,0
12000,629,29,0
12000,3434,30,0
12000,3436,31,0
12000,3432,32,0
12000,3435,33,0
12000,1815,34,0
12000,855,35,0
12000,856,36,0
12000,1649,37,0
12000,1646,38,0
12000,1648,39,0
12000,1650,40,0
12000,2970,41,0
12000,2035,42,1
12001,2108,1,0
12001,269,2,0
12001,268,3,0
12001,264,4,0
12001,263,5,0
12001,1348,6,0
12001,1347,7,0
12001,436,8,0
12001,453,9,0
12001,3431,10,0
12001,3437,11,0
12001,3433,12,0
12001,1114,13,0
12001,1115,14,0
12001,1116,15,0
12001,2410,16,0
12001,2411,17,0
12001,2759,18,0
12001,2758,19,0
12001,2752,20,0
12001,2750,21,0
12001,308,22,0
12001,303,23,0
12001,2221,24,0
12001,2228,25,0
12001,3168,26,0
12001,3169,27,0
12001,3170,28,0
12001,3171,29,0
12001,2207,30,0
12001,2134,31,0
12001,1481,32,0
12001,1482,33,0
12001,2958,34,0
12001,1475,35,0
12001,3162,36,0
12001,2744,37,0
12001,2219,38,0
12001,2220,39,0
12001,372,40,0
12001,2229,41,1
12100,2162,1,0
12100,187,2,0
12100,193,3,0
12100,191,4,0
12100,3383,5,0
12100,3384,6,0
12100,3385,7,0
12100,3386,8,0
12100,3391,9,0
12100,3392,10,0
12100,3393,11,0
12100,1479,12,0
12100,3063,13,0
12100,2207,14,0
12100,2135,15,0
12100,288,16,0
12100,3164,17,0
12100,3165,18,0
12100,3166,19,0
12100,3167,20,0
12100,2211,21,0
12100,2212,22,0
12100,2214,23,0
12100,470,24,0
12100,1110,25,0
12100,2215,26,0
12100,2476,27,0
12100,2234,28,0
12100,2325,29,0
12100,2229,30,1
12101,2229,1,0
12101,815,2,0
12101,2233,3,0
12101,2475,4,0
12101,2216,5,0
12101,624,6,0
12101,1834,7,0
12101,1836,8,0
12101,2213,9,0
12101,2228,10,0
12101,3168,11,0
12101,3169,12,0
12101,3170,13,0
12101,3171,14,0
12101,2207,15,0
12101,2135,16,0
12101,986,17,0
12101,985,18,0
12101,3394,19,0
12101,3395,20,0
12101,3396,21,0
12101,3397,22,0
12101,3387,23,0
12101,3388,24,0
12101,3389,25,0
12101,3390,26,0
12101,1574,27,0
12101,1579,28,0
12101,142,29,0
12101,1581,30,0
12101,2169,31,0
12101,2981,32,1
13000,2115,1,0
13000,1637,2,0
13000,1191,3,0
13000,1196,4,0
13000,1192,5,0
13000,1193,6,0
13000,1666,7,0
13000,2922,8,0
13000,1206,9,0
13000,1202,10,0
13000,1209,11,0
13000,1207,12,0
13000,1203,13,0
13000,1699,14,0
13000,2644,15,0
13000,1694,16,0
13000,906,17,0
13000,907,18,0
13000,1684,19,0
13000,1686,20,0
13000,1257,21,0
13000,1258,22,0
13000,1259,23,0
13000,1260,24,0
13000,1261,25,0
13000,39,26,0
13000,40,27,0
13000,41,28,0
13000,3312,29,0
13000,2405,30,0
13000,1710,31,0
13000,1708,32,0
13000,1709,33,0
13000,1707,34,0
13000,881,35,0
13000,880,36,0
13000,575,37,0
13000,576,38,0
13000,3354,39,0
13000,3355,40,0
13000,3356,41,0
13000,3357,42,0
13000,3358,43,0
13000,3341,44,0
13000,1776,45,0
13000,1773,46,0
13000,1775,47,0
13000,1774,48,0
13000,1778,49,0
13000,2915,50,1
13000,1436,51,1
13001,1436,1,0
13001,1435,2,0
13001,408,3,0
13001,2727,4,0
13001,406,5,0
13001,3408,6,0
13001,1285,7,0
13001,3350,8,0
13001,3351,9,0
13001,3352,10,0
13001,3353,11,0
13001,3406,12,0
13001,1056,13,0
13001,1054,14,0
13001,1058,15,0
13001,1380,16,0
13001,1379,17,0
13001,273,18,0
13001,271,19,0
13001,270,20,0
13001,274,21,0
13001,2089,22,0
13001,3312,23,0
13001,37,24,0
13001,3160,25,0
13001,772,26,0
13001,2618,27,0
13001,771,28,0
13001,775,29,0
13001,770,30,0
13001,307,31,0
13001,311,32,0
13001,82,33,0
13001,1401,34,0
13001,325,35,0
13001,322,36,0
13001,726,37,0
13001,720,38,0
13001,719,39,0
13001,718,40,0
13001,725,41,0
13001,2921,42,0
13001,289,43,0
13001,714,44,0
13001,711,45,0
13001,710,46,0
13001,709,47,0
13001,83,48,0
13001,257,49,0
13001,2035,50,1
16600,2621,1,0
16600,942,2,0
16600,151,3,0
16600,153,4,0
16600,154,5,0
16600,155,6,0
16600,156,7,0
16600,157,8,0
16600,2558,9,0
16600,2559,10,0
16600,2726,11,0
16600,1842,12,0
16600,2937,13,0
16600,1843,14,0
16600,2969,15,0
16600,1844,16,0
16600,1832,17,0
16600,2967,18,0
16600,1580,19,0
16600,1576,20,0
16600,1578,21,0
16600,1574,22,0
16600,1579,23,0
16600,142,24,0
16600,1581,25,0
16600,2169,26,0
16600,2162,27,0
16600,1577,28,0
16600,2459,29,0
16600,2433,30,0
16600,1303,31,0
16600,1305,32,0
16600,2427,33,0
16600,2426,34,0
16600,2429,35,0
16600,2713,36,0
16600,2109,37,0
16600,2171,38,0
16600,2975,39,0
16600,1616,40,0
16600,1623,41,0
16600,1617,42,0
16600,1618,43,0
16600,1625,44,0
16600,1619,45,0
16600,1620,46,0
16600,1621,47,0
16600,1622,48,0
16600,1840,49,0
16600,1286,50,0
16600,1769,51,0
16600,1768,52,0
16600,1096,53,0
16600,1095,54,0
16600,1093,55,0
16600,1094,56,0
16600,1778,57,0
16600,2915,58,1
16601,2916,1,0
16601,2727,2,0
16601,609,3,0
16601,606,4,0
16601,608,5,0
16601,605,6,0
16601,607,7,0
16601,399,8,0
16601,400,9,0
16601,794,10,0
16601,478,11,0
16601,238,12,0
16601,234,13,0
16601,233,14,0
16601,232,15,0
16601,235,16,0
16601,231,17,0
16601,230,18,0
16601,237,19,0
16601,239,20,0
16601,236,21,0
16601,3197,22,0
16601,1156,23,0
16601,2167,24,0
16601,2663,25,0
16601,2428,26,0
16601,2425,27,0
16601,2430,28,0
16601,814,29,0
16601,2431,30,0
16601,2432,31,0
16601,2458,32,0
16601,189,33,0
16601,2169,34,0
16601,2162,35,0
16601,187,36,0
16601,193,37,0
16601,191,38,0
16601,194,39,0
16601,143,40,0
16601,190,41,0
16601,192,42,0
16601,2568,43,0
16601,2966,44,0
16601,480,45,0
16601,479,46,0
16601,2968,47,0
16601,482,48,0
16601,2938,49,0
16601,481,50,0
16601,2725,51,0
16601,2560,52,0
16601,2557,53,0
16601,145,54,0
16601,146,55,0
16601,147,56,0
16601,148,57,0
16601,149,58,0
16601,150,59,0
16601,3195,60,0
16601,2621,61,1
20100,1847,1,0
20100,1448,2,0
20100,2090,3,0
20100,1450,4,0
20100,1447,5,0
20100,2762,6,0
20100,2891,7,0
20100,2890,8,0
20100,2477,9,0
20100,2729,10,0
20100,2474,11,0
20100,2480,12,0
20100,1522,13,0
20100,23,14,0
20100,1527,15,0
20100,1529,16,0
20100,1526,17,0
20100,1531,18,0
20100,1528,19,0
20100,1530,20,0
20100,1525,21,0
20100,1524,22,0
20100,1523,23,0
20100,1328,24,0
20100,1318,25,0
20100,2886,26,0
20100,2343,27,0
20100,2367,28,0
20100,2366,29,0
20100,2106,30,0
20100,2457,31,0
20100,2997,32,0
20100,2998,33,0
20100,2999,34,0
20100,3000,35,0
20100,2131,36,0
20100,2035,37,1
20101,2543,1,0
20101,2163,2,0
20101,3062,3,0
20101,2993,4,0
20101,2994,5,0
20101,2995,6,0
20101,3004,7,0
20101,2456,8,0
20101,2104,9,0
20101,2364,10,0
20101,3219,11,0
20101,2768,12,0
20101,2887,13,0
20101,3218,14,0
20101,836,15,0
20101,1034,16,0
20101,1026,17,0
20101,1027,18,0
20101,1035,19,0
20101,1033,20,0
20101,1028,21,0
20101,1029,22,0
20101,1030,23,0
20101,1031,24,0
20101,1032,25,0
20101,2690,26,0
20101,2479,27,0
20101,2473,28,0
20101,3073,29,0
20101,2728,30,0
20101,2478,31,0
20101,2888,32,0
20101,2889,33,0
20101,954,34,0
20101,959,35,0
20101,960,36,0
20101,955,37,0
20101,956,38,0
20101,2058,39,1
20200,1847,1,0
20200,208,2,0
20200,3369,3,0
20200,3366,4,0
20200,3367,5,0
20200,3368,6,0
20200,1173,7,0
20200,1182,8,0
20200,1184,9,0
20200,1177,10,0
20200,1176,11,0
20200,1175,12,0
20200,1180,13,0
20200,1181,14,0
20200,1179,15,0
20200,1183,16,0
20200,1178,17,0
20200,3438,18,0
20200,1174,19,0
20200,1443,20,0
20200,1445,21,0
20200,1444,22,0
20200,1522,23,0
20200,23,24,0
20200,1527,25,0
20200,1529,26,0
20200,1526,27,0
20200,1531,28,0
20200,1528,29,0
20200,1530,30,0
20200,1525,31,0
20200,1524,32,0
20200,1523,33,0
20200,1328,34,0
20200,1318,35,0
20200,2886,36,0
20200,2343,37,0
20200,2367,38,0
20200,2366,39,0
20200,2106,40,0
20200,2457,41,0
20200,2997,42,0
20200,2998,43,0
20200,2999,44,0
20200,3000,45,0
20200,2131,46,0
20200,2035,47,1
20201,2543,1,0
20201,2163,2,0
20201,3062,3,0
20201,2993,4,0
20201,2994,5,0
20201,2995,6,0
20201,3004,7,0
20201,2456,8,0
20201,2104,9,0
20201,2364,10,0
20201,3219,11,0
20201,2768,12,0
20201,2887,13,0
20201,3218,14,0
20201,836,15,0
20201,1034,16,0
20201,1026,17,0
20201,1027,18,0
20201,1035,19,0
20201,1033,20,0
20201,1028,21,0
20201,1029,22,0
20201,1030,23,0
20201,1031,24,0
20201,1032,25,0
20201,950,26,0
20201,951,27,0
20201,696,28,0
20201,3439,29,0
20201,697,30,0
20201,688,31,0
20201,689,32,0
20201,690,33,0
20201,691,34,0
20201,692,35,0
20201,693,36,0
20201,694,37,0
20201,695,38,0
20201,698,39,0
20201,699,40,0
20201,3359,41,0
20201,3342,42,0
20201,3360,43,0
20201,3361,44,0
20201,3363,45,0
20201,956,46,0
20201,2058,47,1
20900,1847,1,0
20900,1594,2,0
20900,3334,3,0
20900,3345,4,0
20900,2675,5,0
20900,2503,6,0
20900,2354,7,0
20900,2368,8,0
20900,2358,9,0
20900,2198,10,0
20900,2199,11,0
20900,2200,12,0
20900,21,13,0
20900,2464,14,0
20900,343,15,0
20900,344,16,0
20900,342,17,0
20900,358,18,0
20900,357,19,0
20900,359,20,0
20900,356,21,0
20900,3093,22,0
20900,2494,23,0
20900,2493,24,0
20900,2491,25,0
20900,3423,26,0
20900,3424,27,0
20900,3425,28,0
20900,3426,29,0
20900,3427,30,0
20900,3428,31,0
20900,3429,32,0
20900,3430,33,0
20900,1491,34,0
20900,1492,35,0
20900,2982,36,1
20901,2665,1,0
20901,995,2,0
20901,994,3,0
20901,3422,4,0
20901,3421,5,0
20901,3420,6,0
20901,3419,7,0
20901,3418,8,0
20901,3417,9,0
20901,3416,10,0
20901,3415,11,0
20901,3414,12,0
20901,2495,13,0
20901,2497,14,0
20901,2498,15,0
20901,1732,16,0
20901,1730,17,0
20901,1731,18,0
20901,3440,19,0
20901,1720,20,0
20901,1721,21,0
20901,2465,22,0
20901,3060,23,0
20901,2194,24,0
20901,2195,25,0
20901,2196,26,0
20901,2340,27,0
20901,2675,28,0
20901,3149,29,0
20901,3333,30,0
20901,956,31,0
20901,2058,32,1
22000,3008,1,0
22000,2418,2,0
22000,2846,3,0
22000,2847,4,0
22000,161,5,0
22000,162,6,0
22000,1535,7,0
22000,2570,8,0
22000,1652,9,0
22000,2143,10,0
22000,1647,11,0
22000,2627,12,0
22000,1651,13,0
22000,2525,14,0
22000,2524,15,0
22000,2523,16,0
22000,2527,17,0
22000,2624,18,0
22000,2526,19,0
22000,2623,20,0
22000,1611,21,0
22000,2482,22,0
22000,1451,23,0
22000,2520,24,0
22000,1453,25,0
22000,2058,26,1
22001,486,1,0
22001,953,2,0
22001,958,3,0
22001,2530,4,0
22001,2531,5,0
22001,2521,6,0
22001,2625,7,0
22001,2522,8,0
22001,2528,9,0
22001,2529,10,0
22001,265,11,0
22001,266,12,0
22001,2626,13,0
22001,267,14,0
22001,595,15,0
22001,840,16,0
22001,2569,17,0
22001,1037,18,0
22001,1550,19,0
22001,1549,20,0
22001,930,21,0
22001,2849,22,0
22001,834,23,0
22001,3008,24,1
22200,1786,1,0
22200,1033,2,0
22200,416,3,0
22200,417,4,0
22200,423,5,0
22200,415,6,0
22200,1230,7,0
22200,1233,8,0
22200,1232,9,0
22200,3093,10,0
22200,2494,11,0
22200,2493,12,0
22200,2491,13,0
22200,3092,14,0
22200,3091,15,0
22200,3090,16,0
22200,3089,17,0
22200,3088,18,0
22200,3083,19,0
22200,3084,20,0
22200,3085,21,0
22200,3086,22,0
22200,2946,23,0
22200,2947,24,0
22200,2948,25,0
22200,1739,26,0
22200,3346,27,0
22200,2463,28,0
22200,2721,29,0
22200,2340,30,0
22200,2675,31,0
22200,2503,32,0
22200,2354,33,0
22200,2368,34,0
22200,2358,35,0
22200,2198,36,0
22200,2199,37,0
22200,2200,38,0
22200,3060,39,0
22200,1,40,0
22200,7,41,0
22200,2616,42,0
22200,2612,43,0
22200,2613,44,0
22200,9,45,0
22200,2615,46,0
22200,2201,47,0
22200,2202,48,0
22200,2203,49,0
22200,2204,50,0
22200,2956,51,0
22200,2205,52,0
22200,10,53,1
22201,10,1,0
22201,2955,2,0
22201,2957,3,0
22201,12,4,0
22201,13,5,0
22201,14,6,0
22201,15,7,0
22201,2614,8,0
22201,17,9,0
22201,2611,10,0
22201,18,11,0
22201,19,12,0
22201,20,13,0
22201,3060,14,0
22201,2194,15,0
22201,2195,16,0
22201,2196,17,0
22201,2340,18,0
22201,2675,19,0
22201,2503,20,0
22201,2354,21,0
22201,2368,22,0
22201,2358,23,0
22201,2461,24,0
22201,2949,25,0
22201,2950,26,0
22201,3109,27,0
22201,3097,28,0
22201,3098,29,0
22201,3099,30,0
22201,3100,31,0
22201,3101,32,0
22201,3102,33,0
22201,3103,34,0
22201,3104,35,0
22201,3105,36,0
22201,3106,37,0
22201,2495,38,0
22201,2497,39,0
22201,2498,40,0
22201,3107,41,0
22201,85,42,0
22201,749,43,0
22201,1791,44,0
22201,1794,45,0
22201,1790,46,0
22201,1788,47,0
22201,1787,48,0
22201,1786,49,0
22201,1033,50,1
23000,2864,1,0
23000,886,2,0
23000,926,3,0
23000,927,4,0
23000,1845,5,0
23000,1873,6,0
23000,1865,7,0
23000,1874,8,0
23000,1871,9,0
23000,1875,10,0
23000,1864,11,0
23000,1888,12,0
23000,1866,13,0
23000,1887,14,0
23000,1863,15,0
23000,1879,16,0
23000,1877,17,0
23000,1882,18,0
23000,1889,19,0
23000,1869,20,0
23000,1891,21,0
23000,1880,22,0
23000,1881,23,0
23000,1862,24,0
23000,1884,25,0
23000,1868,26,0
23000,1883,27,0
23000,1872,28,0
23000,1870,29,0
23000,1878,30,0
23000,1867,31,0
23000,1885,32,0
23000,1755,33,0
23000,2418,34,0
23000,2846,35,0
23000,2847,36,0
23000,161,37,0
23000,162,38,0
23000,1535,39,0
23000,2570,40,0
23000,1652,41,0
23000,2143,42,0
23000,1647,43,0
23000,2627,44,0
23000,1651,45,0
23000,2525,46,0
23000,2524,47,0
23000,2523,48,0
23000,2527,49,0
23000,2624,50,0
23000,2526,51,0
23000,2623,52,0
23000,1611,53,0
23000,2482,54,0
23000,1451,55,0
23000,2520,56,0
23000,1453,57,0
23000,2058,58,1
23001,486,1,0
23001,953,2,0
23001,958,3,0
23001,2530,4,0
23001,2531,5,0
23001,2521,6,0
23001,2625,7,0
23001,2522,8,0
23001,2528,9,0
23001,2529,10,0
23001,265,11,0
23001,266,12,0
23001,2626,13,0
23001,267,14,0
23001,595,15,0
23001,840,16,0
23001,2569,17,0
23001,1037,18,0
23001,1550,19,0
23001,1549,20,0
23001,930,21,0
23001,2849,22,0
23001,834,23,0
23001,384,24,0
23001,518,25,0
23001,504,26,0
23001,505,27,0
23001,506,28,0
23001,513,29,0
23001,521,30,0
23001,519,31,0
23001,524,32,0
23001,507,33,0
23001,527,34,0
23001,508,35,0
23001,499,36,0
23001,516,37,0
23001,514,38,0
23001,509,39,0
23001,510,40,0
23001,515,41,0
23001,528,42,0
23001,500,43,0
23001,522,44,0
23001,520,45,0
23001,502,46,0
23001,529,47,0
23001,517,48,0
23001,501,49,0
23001,511,50,0
23001,523,51,0
23001,525,52,0
23001,526,53,0
23001,22,54,0
23001,483,55,0
23001,1420,56,0
23001,1419,57,0
23001,1354,58,0
23001,886,59,0
23001,2864,60,1
24000,486,1,0
24000,1594,2,0
24000,1592,3,0
24000,3122,4,0
24000,2619,5,0
24000,1591,6,0
24000,1593,7,0
24000,1595,8,0
24000,1812,9,0
24000,1806,10,0
24000,1808,11,0
24000,3347,12,0
24000,1814,13,0
24000,1809,14,0
24000,1810,15,0
24000,1813,16,0
24000,1807,17,0
24000,1811,18,0
24000,2923,19,0
24000,916,20,0
24000,2964,21,0
24000,917,22,0
24000,915,23,0
24000,913,24,0
24000,914,25,0
24000,912,26,0
24000,911,27,0
24000,1711,28,0
24000,477,29,0
24000,762,30,0
24000,760,31,0
24000,2963,32,0
24000,2962,33,0
24000,2939,34,0
24000,1717,35,0
24000,2959,36,0
24000,2550,37,0
24000,2551,38,0
24000,2552,39,0
24000,2553,40,0
24000,3326,41,1
24001,2554,1,0
24001,2555,2,0
24001,336,3,0
24001,333,4,0
24001,335,5,0
24001,334,6,0
24001,340,7,0
24001,2936,8,0
24001,2960,9,0
24001,2961,10,0
24001,1246,11,0
24001,1244,12,0
24001,1245,13,0
24001,1243,14,0
24001,36,15,0
24001,332,16,0
24001,1407,17,0
24001,1405,18,0
24001,1406,19,0
24001,1410,20,0
24001,1409,21,0
24001,1403,22,0
24001,2965,23,0
24001,1408,24,0
24001,2472,25,0
24001,445,26,0
24001,444,27,0
24001,447,28,0
24001,449,29,0
24001,451,30,0
24001,442,31,0
24001,450,32,0
24001,446,33,0
24001,452,34,0
24001,443,35,0
24001,448,36,0
24001,209,37,0
24001,206,38,0
24001,205,39,0
24001,3121,40,0
24001,1711,41,0
24001,207,42,0
24001,956,43,0
24001,2058,44,1
27000,570,1,0
27000,439,2,0
27000,440,3,0
27000,1053,4,0
27000,1914,5,0
27000,1913,6,0
27000,1916,7,0
27000,1925,8,0
27000,1921,9,0
27000,1929,10,0
27000,1830,11,0
27000,778,12,0
27000,1123,13,0
27000,1912,14,0
27000,1917,15,0
27000,1923,16,0
27000,1918,17,0
27000,1920,18,0
27000,1915,19,0
27000,3250,20,0
27000,1052,21,0
27000,1928,22,0
27000,1922,23,0
27000,1740,24,0
27000,1628,25,0
27000,3131,26,0
27000,1629,27,0
27000,1626,28,0
27000,858,29,0
27000,859,30,0
27000,860,31,0
27000,857,32,0
27000,3127,33,0
27000,2606,34,0
27000,3124,35,0
27000,2988,36,0
27000,2989,37,0
27000,825,38,0
27000,2906,39,0
27000,2861,40,1
27001,2344,1,0
27001,3006,2,0
27001,1314,3,0
27001,2987,4,0
27001,3126,5,0
27001,3123,6,0
27001,2607,7,0
27001,3128,8,0
27001,1353,9,0
27001,1351,10,0
27001,1350,11,0
27001,1352,12,0
27001,242,13,0
27001,241,14,0
27001,243,15,0
27001,244,16,0
27001,369,17,0
27001,552,18,0
27001,1928,19,0
27001,3250,20,0
27001,1052,21,0
27001,549,22,0
27001,553,23,0
27001,557,24,0
27001,556,25,0
27001,555,26,0
27001,558,27,0
27001,639,28,0
27001,548,29,0
27001,550,30,0
27001,551,31,0
27001,560,32,0
27001,570,33,0
27001,439,34,0
27001,440,35,0
27001,1053,36,1
27100,570,1,0
27100,439,2,0
27100,440,3,0
27100,1053,4,0
27100,1914,5,0
27100,1913,6,0
27100,1916,7,0
27100,1925,8,0
27100,1921,9,0
27100,1830,10,0
27100,778,11,0
27100,1123,12,0
27100,1912,13,0
27100,1917,14,0
27100,1923,15,0
27100,1918,16,0
27100,3068,17,0
27100,3069,18,0
27100,1826,19,0
27100,2583,20,0
27100,2581,21,0
27100,2578,22,0
27100,28,23,0
27100,2866,24,0
27100,1583,25,0
27100,3064,26,0
27100,2602,27,0
27100,3066,28,0
27100,2599,29,0
27100,2597,30,0
27100,589,31,0
27100,585,32,0
27100,1915,33,0
27100,3250,34,0
27100,1052,35,0
27100,1928,36,0
27100,1922,37,0
27100,1740,38,0
27100,1628,39,0
27100,3131,40,0
27100,1629,41,0
27100,1626,42,0
27100,858,43,0
27100,859,44,0
27100,860,45,0
27100,857,46,0
27100,3127,47,0
27100,2606,48,0
27100,3124,49,0
27100,2988,50,0
27100,2989,51,0
27100,825,52,0
27100,2906,53,0
27100,2861,54,1
27101,2344,1,0
27101,3006,2,0
27101,1314,3,0
27101,2987,4,0
27101,3126,5,0
27101,3123,6,0
27101,2607,7,0
27101,3128,8,0
27101,1353,9,0
27101,1351,10,0
27101,1350,11,0
27101,1352,12,0
27101,242,13,0
27101,241,14,0
27101,243,15,0
27101,244,16,0
27101,369,17,0
27101,552,18,0
27101,1928,19,0
27101,3250,20,0
27101,1052,21,0
27101,1073,22,0
27101,1070,23,0
27101,2596,24,0
27101,2598,25,0
27101,3067,26,0
27101,2603,27,0
27101,3065,28,0
27101,188,29,0
27101,2865,30,0
27101,458,31,0
27101,2231,32,0
27101,2580,33,0
27101,2582,34,0
27101,3071,35,0
27101,553,36,0
27101,557,37,0
27101,556,38,0
27101,555,39,0
27101,558,40,0
27101,639,41,0
27101,548,42,0
27101,550,43,0
27101,551,44,0
27101,560,45,0
27101,570,46,0
27101,439,47,0
27101,440,48,0
27101,1053,49,1
28000,890,1,0
28000,1932,2,0
28000,1933,3,0
28000,1934,4,0
28000,2628,5,0
28000,1904,6,0
28000,3152,7,0
28000,3153,8,0
28000,3154,9,0
28000,1902,10,0
28000,1897,11,0
28000,1895,12,0
28000,1899,13,0
28000,1898,14,0
28000,1900,15,0
28000,1893,16,0
28000,1896,17,0
28000,1894,18,0
28000,1387,19,0
28000,1386,20,0
28000,1385,21,0
28000,2579,22,0
28000,2576,23,0
28000,2575,24,0
28000,2573,25,0
28000,581,26,0
28000,1633,27,0
28000,1632,28,0
28000,1631,29,0
28000,1630,30,0
28000,1805,31,0
28000,1816,32,0
28000,1817,33,0
28000,1491,34,0
28000,1492,35,0
28000,2666,36,0
28000,2669,37,0
28000,2670,38,0
28000,2671,39,0
28000,3108,40,0
28000,1833,41,0
28000,3118,42,0
28000,3120,43,0
28000,1290,44,0
28000,1288,45,0
28000,1289,46,0
28000,3116,47,0
28000,3115,48,0
28000,3082,49,0
28000,2906,50,0
28000,2861,51,1
28001,2342,1,0
28001,3006,2,0
28001,3087,3,0
28001,3114,4,0
28001,3117,5,0
28001,800,6,0
28001,2532,7,0
28001,801,8,0
28001,3113,9,0
28001,3119,10,0
28001,469,11,0
28001,2666,12,0
28001,2669,13,0
28001,2670,14,0
28001,2671,15,0
28001,3108,16,0
28001,995,17,0
28001,454,18,0
28001,456,19,0
28001,455,20,0
28001,441,21,0
28001,245,22,0
28001,248,23,0
28001,249,24,0
28001,2225,25,0
28001,2574,26,0
28001,2577,27,0
28001,581,28,0
28001,888,29,0
28001,889,30,0
28001,887,31,0
28001,532,32,0
28001,534,33,0
28001,539,34,0
28001,533,35,0
28001,536,36,0
28001,540,37,0
28001,538,38,0
28001,541,39,0
28001,537,40,0
28001,3150,41,0
28001,3151,42,0
28001,3155,43,0
28001,543,44,0
28001,544,45,0
28001,2622,46,0
28001,1302,47,0
28001,1839,48,0
28001,890,49,1
42400,1349,1,0
42400,3128,2,0
42400,1353,3,0
42400,1351,4,0
42400,1350,5,0
42400,1352,6,0
42400,242,7,0
42400,241,8,0
42400,243,9,0
42400,244,10,0
42400,369,11,0
42400,552,12,0
42400,1928,13,0
42400,1073,14,0
42400,1070,15,0
42400,1071,16,0
42400,1072,17,0
42400,28,18,0
42400,2866,19,0
42400,1583,20,0
42400,2705,21,0
42400,2851,22,0
42400,1859,23,0
42400,1909,24,0
42400,1908,25,0
42400,1907,26,0
42400,1079,27,0
42400,2909,28,0
42400,2631,29,0
42400,2349,30,1
42401,640,1,0
42401,635,2,0
42401,2638,3,0
42401,641,4,0
42401,2976,5,0
42401,473,6,0
42401,476,7,0
42401,497,8,0
42401,2850,9,0
42401,2704,10,0
42401,188,11,0
42401,2865,12,0
42401,587,13,0
42401,586,14,0
42401,588,15,0
42401,589,16,0
42401,585,17,0
42401,1915,18,0
42401,3250,19,0
42401,1052,20,0
42401,1928,21,0
42401,1922,22,0
42401,1740,23,0
42401,1628,24,0
42401,3131,25,0
42401,1629,26,0
42401,1626,27,0
42401,858,28,0
42401,859,29,0
42401,860,30,0
42401,857,31,0
42401,3127,32,0
42401,861,33,1
51000,2986,1,0
51000,2440,2,0
51000,2355,3,0
51000,2359,4,0
51000,2345,5,0
51000,2367,6,0
51000,2868,7,0
51000,2765,8,0
51000,1909,9,0
51000,1908,10,0
51000,2698,11,0
51000,2700,12,0
51000,2702,13,0
51000,2290,14,0
51000,2706,15,1
51001,640,1,0
51001,635,2,0
51001,2638,3,0
51001,641,4,0
51001,2976,5,0
51001,473,6,0
51001,430,7,0
51001,431,8,0
51001,2766,9,0
51001,2869,10,0
51001,3219,11,0
51001,2861,12,1
51200,2345,1,0
51200,2367,2,0
51200,2868,3,0
51200,2131,4,0
51200,2114,5,0
51200,2765,6,0
51200,2191,7,1
51201,3306,1,0
51201,640,2,0
51201,635,3,0
51201,2638,4,0
51201,641,5,0
51201,2976,6,0
51201,473,7,0
51201,476,8,0
51201,759,9,0
51201,2192,10,0
51201,2766,11,0
51201,2543,12,0
51201,2163,13,0
51201,2869,14,0
51201,3219,15,0
51201,2345,16,0
51201,2356,17,0
51201,2466,18,0
51201,426,19,0
51201,427,20,1
51201,2861,21,1
51300,3190,1,0
51300,394,2,0
51300,2144,3,0
51300,2131,4,0
51300,2114,5,1
51301,2543,1,0
51301,2163,2,0
51301,2144,3,0
51301,1765,4,0
51301,3190,5,1
51500,2113,1,0
51500,2765,2,0
51500,1909,3,0
51500,1908,4,0
51500,2698,5,0
51500,2700,6,0
51500,2702,7,0
51500,2290,8,0
51500,2706,9,1
51501,640,1,0
51501,635,2,0
51501,2638,3,0
51501,641,4,0
51501,2976,5,0
51501,473,6,0
51501,430,7,0
51501,431,8,0
51501,2766,9,0
51501,2118,10,1
53200,2347,1,0
53200,2367,2,0
53200,2867,3,0
53200,2162,4,0
53200,2736,5,0
53200,2851,6,0
53200,2860,7,0
53200,3339,8,0
53200,2858,9,0
53200,2856,10,1
53201,2856,1,0
53201,2914,2,0
53201,355,3,0
53201,2850,4,0
53201,2132,5,0
53201,2162,6,0
53201,2869,7,0
53201,3219,8,0
53201,2861,9,1
53500,2113,1,0
53500,814,2,0
53500,2431,3,0
53500,2736,4,0
53500,2325,5,0
53500,2229,6,0
53500,1399,7,0
53500,2151,8,0
53500,2851,9,0
53500,2860,10,0
53500,3339,11,0
53500,2858,12,0
53500,2856,13,1
53501,2856,1,0
53501,2914,2,0
53501,355,3,0
53501,2850,4,0
53501,2150,5,0
53501,374,6,0
53501,2229,7,0
53501,2350,8,0
53501,2132,9,0
53501,1303,10,0
53501,1305,11,0
53501,2118,12,1
70100,2838,1,0
70100,2836,2,0
70100,2820,3,0
70100,2816,4,0
70100,2810,5,0
70100,2796,6,0
70100,2788,7,0
70100,2784,8,0
70100,2782,9,0
70100,2780,10,0
70100,2778,11,0
70100,2770,12,0
70100,2764,13,0
70100,2760,14,0
70100,2754,15,0
70100,2748,16,0
70100,2742,17,0
70100,3267,18,1
70101,3382,1,0
70101,3313,2,0
70101,2747,3,0
70101,2753,4,0
70101,2761,5,0
70101,3247,6,0
70101,2767,7,0
70101,2777,8,0
70101,2779,9,0
70101,2781,10,0
70101,2783,11,0
70101,2787,12,0
70101,2795,13,0
70101,2807,14,0
70101,2815,15,0
70101,2819,16,0
70101,2835,17,0
70101,2838,18,1
70200,3017,1,0
70200,3037,2,0
70200,3038,3,0
70200,3039,4,0
70200,3040,5,0
70200,3041,6,0
70200,3042,7,0
70200,3043,8,0
70200,3044,9,0
70200,3045,10,0
70200,3046,11,0
70200,3047,12,0
70200,3048,13,0
70200,3049,14,0
70200,3050,15,0
70200,3051,16,0
70200,3035,17,1
70201,3035,1,0
70201,3033,2,0
70201,3032,3,0
70201,3031,4,0
70201,3030,5,0
70201,3029,6,0
70201,3028,7,0
70201,3027,8,0
70201,3026,9,0
70201,3025,10,0
70201,3024,11,0
70201,3023,12,0
70201,3022,13,0
70201,3021,14,0
70201,3020,15,0
70201,3019,16,0
70201,3018,17,0
70201,3017,18,1
70300,3224,1,0
70300,3046,2,0
70300,3047,3,0
70300,3236,4,0
70300,3237,5,0
70300,3238,6,0
70300,3239,7,0
70300,3240,8,0
70300,3242,9,0
70300,3243,10,0
70300,3244,11,0
70300,3246,12,0
70300,3222,13,1
70301,3222,1,0
70301,3225,2,0
70301,3227,3,0
70301,3228,4,0
70301,3229,5,0
70301,3231,6,0
70301,3239,7,0
70301,3233,8,0
70301,3234,9,0
70301,3029,10,0
70301,3028,11,0
70301,3027,12,0
70301,3224,13,1
90100,151,1,0
90100,153,2,0
90100,154,3,0
90100,155,4,0
90100,156,5,0
90100,157,6,0
90100,158,7,0
90100,159,8,0
90100,942,9,0
90100,1565,10,0
90100,1562,11,0
90100,1560,12,0
90100,3130,13,0
90100,1559,14,0
90100,1558,15,0
90100,1557,16,0
90100,1564,17,0
90100,2137,18,0
90100,2091,19,0
90100,1552,20,0
90100,3311,21,1
90101,2114,1,0
90101,165,2,0
90101,169,3,0
90101,2091,4,0
90101,3159,5,0
90101,3016,6,0
90101,171,7,0
90101,172,8,0
90101,173,9,0
90101,3129,10,0
90101,174,11,0
90101,175,12,0
90101,32,13,0
90101,140,14,0
90101,141,15,0
90101,152,16,0
90101,144,17,0
90101,145,18,0
90101,146,19,0
90101,147,20,0
90101,148,21,0
90101,149,22,0
90101,150,23,1
90300,2665,1,0
90300,2669,2,0
90300,2670,3,0
90300,2671,4,0
90300,3108,5,0
90300,1833,6,0
90300,3118,7,0
90300,3120,8,0
90300,1290,9,0
90300,1288,10,0
90300,1289,11,0
90300,3116,12,0
90300,3115,13,0
90300,3082,14,0
90300,2868,15,0
90300,3311,16,1
90301,2114,1,0
90301,3343,2,0
90301,3087,3,0
90301,3114,4,0
90301,3117,5,0
90301,800,6,0
90301,2532,7,0
90301,801,8,0
90301,3113,9,0
90301,3119,10,0
90301,469,11,0
90301,2665,12,0
90301,2669,13,0
90301,2670,14,0
90301,2671,15,1
90400,2883,1,0
90400,2490,2,0
90400,2517,3,0
90400,2465,4,0
90400,1397,5,0
90400,2868,6,0
90400,3311,7,1
90401,2114,1,0
90401,3343,2,0
90401,2571,3,0
90401,2490,4,0
90401,2517,5,0
90401,841,6,0
90401,419,7,1
90500,791,1,0
90500,1711,2,0
90500,477,3,0
90500,762,4,0
90500,760,5,0
90500,531,6,0
90500,956,7,0
90500,1847,8,0
90500,1594,9,0
90500,1398,10,0
90500,1397,11,0
90500,2868,12,0
90500,3311,13,1
90501,2114,1,0
90501,3343,2,0
90501,905,3,0
90501,904,4,0
90501,956,5,0
90501,1847,6,0
90501,1594,7,0
90501,929,8,0
90501,1244,9,0
90501,1245,10,0
90501,1243,11,0
90501,36,12,0
90501,791,13,0
90501,1711,14,1
90700,531,1,0
90700,2482,2,0
90700,1451,3,0
90700,2520,4,0
90700,1453,5,0
90700,1449,6,0
90700,1594,7,0
90700,1398,8,0
90700,2517,9,0
90700,2465,10,0
90700,1397,11,0
90700,2906,12,0
90700,2341,13,0
90700,2367,14,0
90700,2366,15,0
90700,3199,16,1
90701,3184,1,0
90701,2364,2,0
90701,3219,3,0
90701,2341,4,0
90701,3006,5,0
90701,905,6,0
90701,904,7,0
90701,956,8,0
90701,2460,9,0
90701,953,10,0
90701,958,11,0
90701,2530,12,0
90701,929,13,1
90900,1694,1,0
90900,906,2,0
90900,907,3,0
90900,1684,4,0
90900,1686,5,0
90900,1511,6,0
90900,1516,7,0
90900,1517,8,0
90900,1704,9,0
90900,1703,10,0
90900,1705,11,0
90900,1851,12,0
90900,1850,13,0
90900,1853,14,0
90900,1849,15,0
90900,1848,16,0
90900,681,17,0
90900,683,18,0
90900,682,19,0
90900,1774,20,0
90900,1778,21,0
90900,1436,22,1
90901,1436,1,0
90901,1435,2,0
90901,408,3,0
90901,2727,4,0
90901,1166,5,0
90901,1167,6,0
90901,1168,7,0
90901,1170,8,0
90901,488,9,0
90901,487,10,0
90901,493,11,0
90901,489,12,0
90901,491,13,0
90901,326,14,0
90901,327,15,0
90901,1016,16,0
90901,1015,17,0
90901,1014,18,0
90901,307,19,0
90901,311,20,0
90901,82,21,0
90901,1401,22,0
90901,2097,23,1
240100,486,1,0
240100,1594,2,0
240100,1592,3,0
240100,3122,4,0
240100,2619,5,0
240100,1591,6,0
240100,1593,7,0
240100,1595,8,0
240100,1812,9,0
240100,1806,10,0
240100,1808,11,0
240100,3347,12,0
240100,1814,13,0
240100,1809,14,0
240100,1810,15,0
240100,1813,16,0
240100,1807,17,0
240100,1811,18,0
240100,2923,19,0
240100,916,20,0
240100,2964,21,0
240100,917,22,0
240100,915,23,1
240101,1409,1,0
240101,1403,2,0
240101,2965,3,0
240101,1408,4,0
240101,2472,5,0
240101,445,6,0
240101,444,7,0
240101,447,8,0
240101,449,9,0
240101,451,10,0
240101,442,11,0
240101,450,12,0
240101,446,13,0
240101,452,14,0
240101,443,15,0
240101,448,16,0
240101,209,17,0
240101,206,18,0
240101,205,19,0
240101,3121,20,0
240101,207,21,0
240101,956,22,0
240101,2058,23,1
