10900,'H:113:6:Sunday',806,,13231,13,,,1,101,,13235,13,,,1,100,,13226,13,,,1,100,,13227,13,,,1,100,,13238,13,,,1,100,,13229,13,,,1,100,,13234,13,,,1,100,,13228,13,,,1,100,,13230,13,,,1,100,,13237,13,,,1,100,,13233,13,,,1,100,,13236,13,,,1,100,,13232,13,,,1,99,,13239,13,,,1
10900,'H:123:0:Weekday',503,,13253,13,,,1,101,,13247,13,,,1,102,,13243,13,,,1,100,,13249,13,,,1,105,,13256,13,,,1,100,,13241,13,,,1,100,,13255,13,,,1,100,,13254,13,,,1,100,,13246,13,,,1,100,,13252,13,,,1,101,,13244,13,,,1,101,,13248,13,,,1,99,,13251,13,,,1,99,,13245,13,,,1,100,,13242,13,,,1,99,,13240,13,,,1,100,,13250,13,,,1
10900,'H:173:5:Saturday',707,,13261,13,,,1,100,,13264,13,,,1,101,,13260,13,,,1,100,,13257,13,,,1,100,,13269,13,,,1,101,,13262,13,,,1,100,,13267,13,,,1,100,,13258,13,,,1,99,,13259,13,,,1,100,,13271,13,,,1,100,,13263,13,,,1,100,,13268,13,,,1,100,,13265,13,,,1,99,,13266,13,,,1,100,,13270,13,,,1
27001,'H:123:0:Weekday',536,,15094,8,,,1,120,,15092,8,0,5,1,1002,,15093,8,0,5,1
27001,'KP:323:0:Weekday',556,,15095,8,0,5,1
27101,'H:113:6:Sunday',717,,15156,8,,,1,110,,15146,8,,,1,100,,15143,8,,,1,100,,15144,8,,,1,100,,15145,8,,,1,100,,15147,8,,,1,100,,15154,8,,,1,100,,15148,8,,,1,100,,15149,8,,,1,100,,15151,8,,,1,100,,15150,8,,,1,100,,15152,8,,,1,100,,15155,8,,,1,100,,15153,8,,,1
27101,'H:123:0:Weekday',627,,15157,8,,,1,400,,15158,8,,,1,100,,15169,8,,,1,100,,15159,8,,,1,100,,15161,8,,,1,101,,15160,8,,,1,100,,15162,8,,,1,100,,15167,8,,,1,100,,15163,8,,,1,99,,15164,8,,,1,100,,15165,8,,,1,100,,15168,8,,,1,100,,15166,8,,,1
27101,'H:173:5:Saturday',717,,15170,8,,,1,110,,15176,8,,,1,100,,15173,8,,,1,100,,15177,8,,,1,100,,15174,8,,,1,100,,15179,8,,,1,100,,15175,8,,,1,100,,15180,8,,,1,100,,15172,8,,,1,100,,15178,8,,,1,100,,15171,8,,,1,100,,15181,8,,,1,100,,15182,8,,,1,100,,15183,8,,,1,100,,15184,8,,,1
27101,'KP:323:0:Weekday',727,,15185,8,,,1,100,,15187,8,,,1,100,,15186,8,,,1
90800,'H:123:0:Weekday',430,,16720,2,,,1
90800,'KP:323:0:Weekday',500,,16722,2,,,1,55,,16721,2,,,1,75,,16724,2,,,1,110,,16723,2,,,1
