10200,'Sunday',733,,8587,26,4,,1,202,,8589,26,4,,1,302,,8592,26,4,,1,71,,8607,26,4,,1,30,,8593,26,4,,1,300,,8597,26,4,,1,99,,8598,26,4,,1,199,,8596,26,4,,1,98,,8600,26,4,,1
10200,'Weekday',912,,8643,26,4,,1,231,,8620,26,4,,1,277,,8626,26,4,,1,325,,8638,26,4,,1,69,,8646,26,4,,1
13000,'Sunday',825,,9925,50,4,,1,203,,9926,50,4,,1,102,,9929,50,4,,1,302,,9931,50,4,,1,694,,9937,50,4,,1
13000,'Weekday',555,,9957,50,4,,1,71,,9960,50,4,,1,32,,9946,50,4,,1,71,,9961,50,4,,1,72,,9938,50,4,,1,103,,9939,50,4,,1,29,,9962,50,4,,1,69,,9947,50,4,,1,30,,9964,50,4,,1,70,,9956,50,4,,1,30,,9965,50,4,,1,70,,9953,50,4,,1,30,,9966,50,4,,1,70,,9954,50,4,,1,30,,9967,50,4,,1,72,,9955,50,4,,1,30,,9968,50,4,,1,73,,9952,50,4,,1,29,,9969,50,4,,1,70,,9940,50,4,,1,31,,9958,50,4,,1,70,,9950,50,4,,1,28,,9949,50,4,,1,166,,9942,50,4,,1,58,,9943,50,4,,1,98,,9944,50,4,,1,98,,9945,50,4,,1,100,,9959,50,4,,1
13000,'Saturday',621,,9985,50,4,,1,101,,9970,50,4,,1,104,,9971,50,4,,1,101,,9972,50,4,,1,102,,9973,50,4,,1,102,,9974,50,4,,1,102,,9975,50,4,,1,101,,9976,50,4,,1,100,,9977,50,4,,1,99,,9978,50,4,,1,100,,9979,50,4,,1,99,,9980,50,4,,1,98,,9981,50,4,,1,98,,9982,50,4,,1,99,,9983,50,4,,1,99,,9984,50,4,,1,100,,9986,50,4,,1
13001,'Sunday',648,,10001,1,,,1,99,,9987,1,,,1,98,,9988,1,,,1,98,,9989,1,,,1,99,,9990,1,,,1,104,,9991,1,,,1,99,,9992,1,,,1,98,,9993,1,,,1,99,,9994,1,,,1,100,,9995,1,,,1,102,,9996,1,,,1,100,,9998,1,,,1,98,,9997,1,,,1,97,,9999,1,,,1,101,,10000,1,,,1
13001,'Weekday',433,,10024,1,,,1,68,,10026,1,,,1,29,,10009,1,,,1,27,,10027,1,,,1,69,,10010,1,,,1,28,,10003,1,,,1,70,,10011,1,,,1,29,,10005,1,,,1,71,,10012,1,,,1,30,,10028,1,,,1,71,,10002,1,,,1,30,,10029,1,,,1,69,,10020,1,,,1,29,,10030,1,,,1,70,,10018,1,,,1,30,,10031,1,,,1,69,,10016,1,,,1,30,,10032,1,,,1,69,,10017,1,,,1,30,,10033,1,,,1,68,,10019,1,,,1,29,,10014,1,,,1,68,,10023,1,,,1,31,,10015,1,,,1,71,,10022,1,,,1,30,,10004,1,,,1,71,,10013,1,,,1,30,,10006,1,,,1,73,,10021,1,,,1,103,,10007,1,,,1,107,,10008,1,,,1,97,,10025,1,,,1
13001,'Saturday',548,,10050,1,,,1,100,,10034,1,,,1,99,,10035,1,,,1,95,,10036,1,,,1,99,,10037,1,,,1,98,,10038,1,,,1,103,,10039,1,,,1,100,,10040,1,,,1,100,,10041,1,,,1,100,,10042,1,,,1,100,,10043,1,,,1,100,,10044,1,,,1,101,,10045,1,,,1,98,,10046,1,,,1,96,,10047,1,,,1,101,,10048,1,,,1,101,,10049,1,,,1
16600,'Sunday',1331,,10057,59,4,,1,201,,10059,59,4,,1,299,,10062,59,4,,1
16600,'Weekday',810,,10077,59,4,,1,501,,10073,59,4,,1,599,,10068,59,4,,1
90900,'Sunday',700,,12509,22,4,,1,40,,12510,22,4,,1,100,,12511,22,4,,1,85,,12512,22,4,,1,85,,12513,22,4,,1,45,,12514,22,4,,1,85,,12515,22,4,,1,85,,12516,22,4,,1,280,,12519,22,4,,1,40,,12520,22,4,,1,90,,12521,22,4,,1,80,,12522,22,4,,1,90,,12523,22,4,,1,40,,12524,22,4,,1,85,,12525,22,4,,1,90,,12526,22,4,,1,35,,12527,22,4,,1,85,,12528,22,4,,1,75,,12529,22,4,,1,85,,12530,22,4,,1
90900,'Weekday',600,,12531,22,4,,1,100,,12532,22,4,,1,40,,12533,22,4,,1,100,,12534,22,4,,1,85,,12535,22,4,,1,85,,12536,22,4,,1,45,,12537,22,4,,1,170,,12539,22,4,,1,280,,12542,22,4,,1,40,,12543,22,4,,1,90,,12544,22,4,,1,80,,12545,22,4,,1,90,,12546,22,4,,1,40,,12547,22,4,,1,85,,12548,22,4,,1,90,,12549,22,4,,1,35,,12550,22,4,,1,160,,12551,22,4,,1,120,,12552,22,4,,1
90900,'Saturday',600,,12553,22,4,,1,100,,12554,22,4,,1,40,,12555,22,4,,1,100,,12556,22,4,,1,85,,12557,22,4,,1,85,,12558,22,4,,1,45,,12559,22,4,,1,85,,12560,22,4,,1,85,,12561,22,4,,1,100,,12562,22,4,,1,90,,12563,22,4,,1,90,,12564,22,4,,1,40,,12565,22,4,,1,90,,12566,22,4,,1,80,,12567,22,4,,1,90,,12568,22,4,,1,40,,12569,22,4,,1,85,,12570,22,4,,1,90,,12571,22,4,,1,35,,12572,22,4,,1,85,,12573,22,4,,1,75,,12574,22,4,,1,85,,12575,22,4,,1
90901,'Sunday',705,,12576,1,,,1,40,,12577,1,,,1,90,,12578,1,,,1,85,,12579,1,,,1,95,,12580,1,,,1,90,,12581,1,,,1,45,,12582,1,,,1,85,,12583,1,,,1,90,,12584,1,,,1,85,,12585,1,,,1,100,,12586,1,,,1,40,,12587,1,,,1,90,,12588,1,,,1,80,,12589,1,,,1,90,,12590,1,,,1,45,,12591,1,,,1,85,,12592,1,,,1,85,,12593,1,,,1,75,,12594,1,,,1,50,,12595,1,,,1,70,,12596,1,,,1
90901,'Weekday',525,,12597,1,,,1,85,,12598,1,,,1,95,,12599,1,,,1,40,,12600,1,,,1,90,,12601,1,,,1,85,,12602,1,,,1,95,,12603,1,,,1,90,,12604,1,,,1,45,,12605,1,,,1,85,,12606,1,,,1,90,,12607,1,,,1,85,,12608,1,,,1,100,,12609,1,,,1,40,,12610,1,,,1,90,,12611,1,,,1,80,,12612,1,,,1,90,,12613,1,,,1,45,,12614,1,,,1,85,,12615,1,,,1,85,,12616,1,,,1,75,,12617,1,,,1,120,,12618,1,,,1,130,,12619,1,,,1
90901,'Saturday',525,,12620,1,,,1,85,,12621,1,,,1,95,,12622,1,,,1,40,,12623,1,,,1,90,,12624,1,,,1,85,,12625,1,,,1,95,,12626,1,,,1,90,,12627,1,,,1,45,,12628,1,,,1,85,,12629,1,,,1,90,,12630,1,,,1,85,,12631,1,,,1,100,,12632,1,,,1,40,,12633,1,,,1,90,,12634,1,,,1,80,,12635,1,,,1,90,,12636,1,,,1,45,,12637,1,,,1,85,,12638,1,,,1,85,,12639,1,,,1,75,,12640,1,,,1,50,,12641,1,,,1,70,,12642,1,,,1
