10301,'H:113:6:Sunday',616,,13057,2,,,1,100,,13058,2,,,1,100,,13059,2,,,1,100,,13060,2,,,1,100,,13061,2,,,1,100,,13062,2,,,1,100,,13064,2,,,1,100,,13065,2,,,1,100,,13066,2,,,1,100,,13063,2,,,1,100,,13067,2,,,1,100,,13068,2,,,1,100,,13069,2,,,1,100,,13070,2,,,1,100,,13071,2,,,1,100,,13072,2,,,1,100,,13073,2,,,1
10301,'H:123:0:Weekday',451,,13106,2,,,1,70,,13075,2,,,1,30,,13074,2,,,1,70,,13076,2,,,1,30,,13103,2,,,1,70,,13077,2,,,1,30,,13102,2,,,1,70,,13078,2,,,1,30,,13101,2,,,1,70,,13079,2,,,1,30,,13080,2,,,1,70,,13081,2,,,1,30,,13082,2,,,1,70,,13083,2,,,1,30,,13084,2,,,1,70,,13085,2,,,1,30,,13086,2,,,1,70,,13087,2,,,1,30,,13088,2,,,1,70,,13089,2,,,1,30,,13090,2,,,1,70,,13092,2,,,1,30,,13108,2,,,1,70,,13093,2,,,1,30,,13105,2,,,1,70,,13094,2,,,1,30,,13104,2,,,1,70,,13091,2,,,1,30,,13095,2,,,1,70,,13096,2,,,1,30,,13107,2,,,1,70,,13097,2,,,1,100,,13098,2,,,1,100,,13099,2,,,1,100,,13100,2,,,1
10301,'H:173:5:Saturday',616,,13124,2,,,1,100,,13109,2,,,1,100,,13110,2,,,1,100,,13112,2,,,1,100,,13113,2,,,1,100,,13114,2,,,1,100,,13111,2,,,1,100,,13115,2,,,1,100,,13116,2,,,1,100,,13117,2,,,1,100,,13118,2,,,1,100,,13120,2,,,1,100,,13121,2,,,1,100,,13122,2,,,1,100,,13119,2,,,1,100,,13123,2,,,1,100,,13125,2,,,1,100,,13126,2,,,1
11201,'H:113:6:Sunday',710,,13415,20,,,1,30,,13429,20,,,1,70,,13416,20,,,1,30,,13430,20,,,1,70,,13417,20,,,1,30,,13431,20,,,1,70,,13414,20,,,1,30,,13432,20,,,1,70,,13418,20,,,1,30,,13433,20,,,1,70,,13419,20,,,1,30,,13435,20,,,1,70,,13420,20,,,1,30,,13436,20,,,1,70,,13421,20,,,1,30,,13437,20,,,1,70,,13423,20,,,1,30,,13434,20,,,1,70,,13425,20,,,1,30,,13438,20,,,1,70,,13426,20,,,1,30,,13439,20,,,1,70,,13422,20,,,1,100,,13427,20,,,1,100,,13424,20,,,1,100,,13428,20,,,1
11201,'H:123:0:Weekday',519,,13457,20,,,1,30,,13461,20,,,1,70,,13453,20,,,1,30,,13468,20,,,1,70,,13442,20,,,1,20,,13470,20,,,1,20,,13473,20,,,1,60,,13445,20,,,1,20,,13469,20,,,1,20,,13474,20,,,1,60,,13441,20,,,1,30,,13466,20,,,1,70,,13443,20,,,1,30,,13458,20,,,1,70,,13455,20,,,1,30,,13462,20,,,1,70,,13454,20,,,1,30,,13459,20,,,1,70,,13456,20,,,1,30,,13460,20,,,1,70,,13447,20,,,1,20,,13463,20,,,1,20,,13475,20,,,1,60,,13452,20,,,1,20,,13472,20,,,1,20,,13476,20,,,1,60,,13444,20,,,1,20,,13467,20,,,1,20,,13477,20,,,1,60,,13446,20,,,1,20,,13471,20,,,1,20,,13478,20,,,1,60,,13440,20,,,1,30,,13464,20,,,1,70,,13449,20,,,1,30,,13465,20,,,1,70,,13450,20,,,1,100,,13448,20,,,1,100,,13451,20,,,1
11201,'H:173:5:Saturday',710,,13481,20,,,1,30,,13496,20,,,1,70,,13480,20,,,1,30,,13500,20,,,1,70,,13483,20,,,1,30,,13499,20,,,1,70,,13479,20,,,1,30,,13501,20,,,1,70,,13482,20,,,1,30,,13495,20,,,1,70,,13489,20,,,1,30,,13504,20,,,1,70,,13490,20,,,1,30,,13502,20,,,1,70,,13487,20,,,1,30,,13503,20,,,1,70,,13484,20,,,1,30,,13498,20,,,1,70,,13485,20,,,1,30,,13505,20,,,1,70,,13486,20,,,1,30,,13497,20,,,1,70,,13488,20,,,1,30,,13494,20,,,1,70,,13491,20,,,1,100,,13492,20,,,1,100,,13493,20,,,1
16600,'H:113:6:Sunday',710,,14266,38,,,1,101,,14267,38,,,1,100,,14268,38,,,1,100,,14269,38,,,1,100,,14270,38,,,1,100,,14271,38,,,1,100,,14272,38,,,1,100,,14273,38,,,1,100,,14274,38,,,1,100,,14275,38,,,1,100,,14276,38,,,1,100,,14277,38,,,1,100,,14278,38,,,1,100,,14279,38,,,1,100,,14280,38,,,1,99,,14281,38,,,1
16600,'H:123:0:Weekday',518,,14304,38,,,1,30,,14293,38,,,1,70,,14302,38,,,1,30,,14292,38,,,1,71,,14305,38,,,1,30,,14287,38,,,1,70,,14297,38,,,1,30,,14286,38,,,1,100,,14285,38,,,1,100,,14284,38,,,1,100,,14283,38,,,1,70,,14294,38,,,1,200,,14299,38,,,1,100,,14298,38,,,1,100,,14296,38,,,1,30,,14290,38,,,1,70,,14295,38,,,1,130,,14282,38,,,1,70,,14301,38,,,1,30,,14289,38,,,1,70,,14288,38,,,1,100,,14291,38,,,1,99,,14300,38,,,1,100,,14303,38,,,1
16600,'H:173:5:Saturday',611,,14306,38,,,1,100,,14307,38,,,1,100,,14309,38,,,1,100,,14310,38,,,1,100,,14311,38,,,1,100,,14308,38,,,1,100,,14312,38,,,1,100,,14314,38,,,1,100,,14315,38,,,1,100,,14319,38,,,1,100,,14317,38,,,1,100,,14320,38,,,1,100,,14318,38,,,1,100,,14316,38,,,1,100,,14321,38,,,1,100,,14313,38,,,1,100,,14322,38,,,1
16600,'KP:323:0:Weekday',919,,14331,38,,,1,100,,14327,38,,,1,100,,14323,38,,,1,130,,14329,38,,,1,70,,14326,38,,,1,30,,14330,38,,,1,100,,14328,38,,,1,100,,14324,38,,,1,200,,14332,38,,,1,70,,14325,38,,,1
