10200,'Sunday',732,,160,25,,,1,70,,175,25,,,1,31,,161,25,,,1,70,,176,25,,,1,31,,162,25,,,1,70,,177,25,,,1,30,,163,25,,,1,70,,178,25,,,1,31,,164,25,,,1,71,,179,25,,,1,30,,165,25,,,1,71,,180,25,,,1,30,,166,25,,,1,70,,181,25,,,1,30,,167,25,,,1,70,,182,25,,,1,30,,168,25,,,1,70,,183,25,,,1,30,,170,25,,,1,69,,184,25,,,1,30,,171,25,,,1,70,,185,25,,,1,30,,172,25,,,1,70,,186,25,,,1,29,,169,25,,,1,98,,173,25,,,1,100,,174,25,,,1,100,,187,25,,,1
10200,'Weekday',538,,212,25,,,1,70,,207,25,,,1,27,,189,25,,,1,70,,214,25,,,1,30,,188,25,,,1,70,,215,25,,,1,36,,190,25,,,1,70,,216,25,,,1,30,,191,25,,,1,71,,192,25,,,1,30,,194,25,,,1,70,,195,25,,,1,30,,193,25,,,1,71,,198,25,,,1,30,,196,25,,,1,70,,197,25,,,1,30,,200,25,,,1,75,,199,25,,,1,26,,201,25,,,1,70,,202,25,,,1,29,,203,25,,,1,71,,217,25,,,1,30,,213,25,,,1,70,,218,25,,,1,30,,211,25,,,1,69,,219,25,,,1,29,,210,25,,,1,70,,204,25,,,1,28,,208,25,,,1,99,,209,25,,,1,99,,205,25,,,1,100,,206,25,,,1
10200,'Saturday',633,,224,25,,,1,70,,225,25,,,1,30,,226,25,,,1,70,,227,25,,,1,31,,228,25,,,1,71,,229,25,,,1,31,,230,25,,,1,70,,231,25,,,1,30,,232,25,,,1,71,,233,25,,,1,30,,234,25,,,1,70,,235,25,,,1,30,,236,25,,,1,70,,237,25,,,1,30,,239,25,,,1,70,,240,25,,,1,30,,241,25,,,1,70,,238,25,,,1,30,,242,25,,,1,69,,243,25,,,1,30,,244,25,,,1,70,,245,25,,,1,30,,246,25,,,1,70,,247,25,,,1,29,,248,25,,,1,69,,249,25,,,1,30,,221,25,,,1,100,,223,25,,,1,99,,222,25,,,1,100,,220,25,,,1,100,,250,25,,,1,100,,251,25,,,1
13000,'Sunday',722,,1496,49,,,1,101,,1498,49,,,1,102,,1497,49,,,1,101,,1499,49,,,1,102,,1502,49,,,1,102,,1500,49,,,1,100,,1501,49,,,1,100,,1504,49,,,1,100,,1503,49,,,1,100,,1505,49,,,1,100,,1506,49,,,1,98,,1507,49,,,1,99,,1508,49,,,1,97,,1509,49,,,1,100,,1510,49,,,1
13000,'Weekday',553,,1530,49,,,1,71,,1533,49,,,1,32,,1519,49,,,1,71,,1534,49,,,1,32,,1511,49,,,1,70,,1521,49,,,1,73,,1512,49,,,1,29,,1535,49,,,1,69,,1520,49,,,1,30,,1537,49,,,1,70,,1529,49,,,1,30,,1538,49,,,1,70,,1526,49,,,1,30,,1539,49,,,1,70,,1527,49,,,1,30,,1540,49,,,1,72,,1528,49,,,1,30,,1541,49,,,1,73,,1525,49,,,1,29,,1542,49,,,1,70,,1513,49,,,1,31,,1531,49,,,1,70,,1523,49,,,1,28,,1522,49,,,1,69,,1514,49,,,1,30,,1524,49,,,1,27,,1515,49,,,1,70,,1536,49,,,1,28,,1516,49,,,1,98,,1517,49,,,1,98,,1518,49,,,1,100,,1532,49,,,1
13000,'Saturday',620,,1558,49,,,1,101,,1543,49,,,1,103,,1544,49,,,1,101,,1545,49,,,1,102,,1546,49,,,1,102,,1547,49,,,1,102,,1548,49,,,1,101,,1549,49,,,1,100,,1550,49,,,1,99,,1551,49,,,1,100,,1552,49,,,1,99,,1553,49,,,1,98,,1554,49,,,1,98,,1555,49,,,1,99,,1556,49,,,1,99,,1557,49,,,1,100,,1559,49,,,1
16600,'Sunday',725,,1624,57,,,1,101,,1625,57,,,1,102,,1626,57,,,1,101,,1627,57,,,1,100,,1628,57,,,1,101,,1629,57,,,1,100,,1630,57,,,1,101,,1631,57,,,1,100,,1632,57,,,1,100,,1633,57,,,1,100,,1634,57,,,1,99,,1635,57,,,1,98,,1636,57,,,1,100,,1637,57,,,1,98,,1638,57,,,1,100,,1639,57,,,1
16600,'Weekday',533,,1673,57,,,1,71,,1656,57,,,1,30,,1670,57,,,1,73,,1655,57,,,1,32,,1671,57,,,1,70,,1650,57,,,1,30,,1662,57,,,1,70,,1649,57,,,1,30,,1661,57,,,1,70,,1648,57,,,1,30,,1667,57,,,1,70,,1647,57,,,1,30,,1660,57,,,1,70,,1645,57,,,1,31,,1657,57,,,1,70,,1646,57,,,1,30,,1663,57,,,1,71,,1644,57,,,1,30,,1666,57,,,1,70,,1643,57,,,1,31,,1664,57,,,1,70,,1642,57,,,1,30,,1659,57,,,1,70,,1653,57,,,1,30,,1658,57,,,1,70,,1640,57,,,1,27,,1665,57,,,1,70,,1641,57,,,1,30,,1669,57,,,1,69,,1652,57,,,1,29,,1651,57,,,1,100,,1654,57,,,1,98,,1668,57,,,1,99,,1672,57,,,1
16600,'Saturday',626,,1674,57,,,1,101,,1675,57,,,1,101,,1677,57,,,1,101,,1678,57,,,1,103,,1679,57,,,1,100,,1676,57,,,1,100,,1680,57,,,1,101,,1682,57,,,1,100,,1683,57,,,1,100,,1687,57,,,1,100,,1685,57,,,1,98,,1688,57,,,1,100,,1686,57,,,1,98,,1684,57,,,1,100,,1689,57,,,1,99,,1681,57,,,1,99,,1690,57,,,1
90900,'Sunday',659,,4079,21,,,1,80,,4080,21,,,1,100,,4081,21,,,1,84,,4082,21,,,1,85,,4083,21,,,1,45,,4084,21,,,1,85,,4085,21,,,1,85,,4086,21,,,1,100,,4087,21,,,1,90,,4088,21,,,1,90,,4089,21,,,1,40,,4090,21,,,1,90,,4091,21,,,1,80,,4092,21,,,1,90,,4093,21,,,1,40,,4094,21,,,1,86,,4095,21,,,1,90,,4096,21,,,1,35,,4097,21,,,1,85,,4098,21,,,1,75,,4099,21,,,1,45,,4100,21,,,1
90900,'Weekday',559,,4101,21,,,1,99,,4102,21,,,1,80,,4103,21,,,1,100,,4104,21,,,1,85,,4105,21,,,1,85,,4106,21,,,1,45,,4107,21,,,1,85,,4108,21,,,1,85,,4109,21,,,1,100,,4110,21,,,1,90,,4111,21,,,1,90,,4112,21,,,1,40,,4113,21,,,1,90,,4114,21,,,1,80,,4115,21,,,1,90,,4116,21,,,1,40,,4117,21,,,1,85,,4118,21,,,1,90,,4119,21,,,1,35,,4120,21,,,1,160,,4121,21,,,1,120,,4122,21,,,1
90900,'Saturday',558,,4123,21,,,1,100,,4124,21,,,1,80,,4125,21,,,1,100,,4126,21,,,1,85,,4127,21,,,1,85,,4128,21,,,1,45,,4129,21,,,1,85,,4130,21,,,1,85,,4131,21,,,1,100,,4132,21,,,1,90,,4133,21,,,1,90,,4134,21,,,1,40,,4135,21,,,1,90,,4136,21,,,1,80,,4137,21,,,1,90,,4138,21,,,1,40,,4139,21,,,1,85,,4140,21,,,1,90,,4141,21,,,1,35,,4142,21,,,1,85,,4143,21,,,1,75,,4144,21,,,1,45,,4145,21,,,1
