10101,'Sunday',650,,8507,1,,,1,100,,8508,1,,,1,100,,8510,1,,,1,100,,8512,1,,,1,100,,8509,1,,,1,100,,8513,1,,,1,100,,8511,1,,,1,70,,8522,1,,,1,30,,8514,1,,,1,70,,8523,1,,,1,30,,8516,1,,,1,70,,8524,1,,,1,30,,8517,1,,,1,70,,8525,1,,,1,30,,8518,1,,,1,70,,8526,1,,,1,30,,8519,1,,,1,100,,8520,1,,,1,100,,8521,1,,,1,100,,8515,1,,,1
10101,'Weekday',505,,8527,1,,,1,30,,8563,1,,,1,70,,8528,1,,,1,30,,8529,1,,,1,70,,8531,1,,,1,30,,8532,1,,,1,70,,8533,1,,,1,30,,8530,1,,,1,70,,8534,1,,,1,30,,8555,1,,,1,70,,8535,1,,,1,30,,8556,1,,,1,70,,8536,1,,,1,30,,8557,1,,,1,70,,8537,1,,,1,30,,8558,1,,,1,70,,8538,1,,,1,30,,8559,1,,,1,70,,8539,1,,,1,30,,8540,1,,,1,70,,8541,1,,,1,30,,8542,1,,,1,70,,8543,1,,,1,30,,8544,1,,,1,70,,8548,1,,,1,30,,8550,1,,,1,70,,8546,1,,,1,30,,8545,1,,,1,70,,8547,1,,,1,30,,8549,1,,,1,70,,8551,1,,,1,30,,8560,1,,,1,70,,8552,1,,,1,30,,8561,1,,,1,70,,8553,1,,,1,30,,8562,1,,,1,70,,8554,1,,,1
10101,'Saturday',650,,8566,1,,,1,100,,8575,1,,,1,100,,8567,1,,,1,100,,8568,1,,,1,100,,8569,1,,,1,70,,8580,1,,,1,30,,8577,1,,,1,70,,8581,1,,,1,30,,8571,1,,,1,70,,8582,1,,,1,30,,8572,1,,,1,70,,8583,1,,,1,30,,8578,1,,,1,70,,8584,1,,,1,30,,8570,1,,,1,70,,8585,1,,,1,30,,8579,1,,,1,70,,8586,1,,,1,30,,8564,1,,,1,100,,8573,1,,,1,100,,8576,1,,,1,100,,8574,1,,,1,100,,8565,1,,,1
11401,'Sunday',746,,9354,1,,,1,99,,9355,1,,,1,100,,9356,1,,,1,98,,9357,1,,,1,99,,9358,1,,,1,100,,9359,1,,,1,99,,9360,1,,,1,100,,9361,1,,,1,101,,9362,1,,,1,100,,9363,1,,,1,101,,9364,1,,,1,102,,9365,1,,,1,100,,9366,1,,,1,101,,9367,1,,,1
11401,'Weekday',452,,9398,1,,,1,70,,9399,1,,,1,28,,9389,1,,,1,69,,9390,1,,,1,28,,9370,1,,,1,69,,9371,1,,,1,28,,9372,1,,,1,71,,9373,1,,,1,30,,9374,1,,,1,71,,9392,1,,,1,30,,9375,1,,,1,70,,9395,1,,,1,30,,9376,1,,,1,70,,9396,1,,,1,29,,9378,1,,,1,69,,9397,1,,,1,30,,9380,1,,,1,70,,9394,1,,,1,30,,9377,1,,,1,68,,9393,1,,,1,30,,9379,1,,,1,70,,9381,1,,,1,30,,9382,1,,,1,71,,9384,1,,,1,30,,9383,1,,,1,70,,9385,1,,,1,31,,9386,1,,,1,72,,9391,1,,,1,30,,9369,1,,,1,102,,9388,1,,,1,102,,9368,1,,,1,101,,9387,1,,,1
11401,'Saturday',647,,9400,1,,,1,99,,9402,1,,,1,98,,9403,1,,,1,100,,9401,1,,,1,98,,9404,1,,,1,100,,9406,1,,,1,99,,9407,1,,,1,100,,9405,1,,,1,99,,9410,1,,,1,100,,9408,1,,,1,102,,9411,1,,,1,101,,9409,1,,,1,101,,9412,1,,,1,101,,9413,1,,,1,101,,9414,1,,,1,101,,9415,1,,,1
13000,'Sunday',706,,9923,29,,,1,101,,9925,29,,,1,101,,9924,29,,,1,100,,9926,29,,,1,101,,9929,29,,,1,100,,9927,29,,,1,101,,9928,29,,,1,100,,9931,29,,,1,99,,9930,29,,,1,100,,9932,29,,,1,100,,9933,29,,,1,100,,9934,29,,,1,99,,9935,29,,,1,99,,9936,29,,,1,101,,9937,29,,,1
13000,'Weekday',537,,9957,29,,,1,71,,9960,29,,,1,30,,9946,29,,,1,71,,9961,29,,,1,31,,9938,29,,,1,70,,9948,29,,,1,31,,9939,29,,,1,70,,9962,29,,,1,29,,9947,29,,,1,70,,9964,29,,,1,30,,9956,29,,,1,70,,9965,29,,,1,30,,9953,29,,,1,70,,9966,29,,,1,30,,9954,29,,,1,70,,9967,29,,,1,30,,9955,29,,,1,70,,9968,29,,,1,31,,9952,29,,,1,70,,9969,29,,,1,30,,9940,29,,,1,70,,9958,29,,,1,30,,9950,29,,,1,70,,9949,29,,,1,30,,9941,29,,,1,69,,9951,29,,,1,30,,9942,29,,,1,69,,9963,29,,,1,30,,9943,29,,,1,99,,9944,29,,,1,99,,9945,29,,,1,100,,9959,29,,,1
13000,'Saturday',606,,9985,29,,,1,101,,9970,29,,,1,100,,9971,29,,,1,100,,9972,29,,,1,101,,9973,29,,,1,100,,9974,29,,,1,102,,9975,29,,,1,101,,9976,29,,,1,100,,9977,29,,,1,99,,9978,29,,,1,100,,9979,29,,,1,100,,9980,29,,,1,100,,9981,29,,,1,99,,9982,29,,,1,99,,9983,29,,,1,100,,9984,29,,,1,100,,9986,29,,,1
13001,'Sunday',701,,10001,23,,,1,99,,9987,23,,,1,59,,9988,23,,,1,99,,9989,23,,,1,99,,9990,23,,,1,145,,9991,23,,,1,99,,9992,23,,,1,99,,9993,23,,,1,59,,9994,23,,,1,100,,9995,23,,,1,142,,9996,23,,,1,100,,9998,23,,,1,56,,9997,23,,,1,96,,9999,23,,,1,101,,10000,23,,,1
13001,'Weekday',445,,10024,23,,,1,68,,10026,23,,,1,29,,10009,23,,,1,69,,10027,23,,,1,29,,10010,23,,,1,69,,10003,23,,,1,30,,10011,23,,,1,70,,10005,23,,,1,31,,10012,23,,,1,70,,10028,23,,,1,31,,10002,23,,,1,70,,10029,23,,,1,29,,10020,23,,,1,69,,10030,23,,,1,30,,10018,23,,,1,70,,10031,23,,,1,30,,10016,23,,,1,70,,10032,23,,,1,29,,10017,23,,,1,70,,10033,23,,,1,29,,10019,23,,,1,69,,10014,23,,,1,30,,10023,23,,,1,70,,10015,23,,,1,31,,10022,23,,,1,70,,10004,23,,,1,30,,10013,23,,,1,70,,10006,23,,,1,32,,10021,23,,,1,102,,10007,23,,,1,106,,10008,23,,,1,96,,10025,23,,,1
13001,'Saturday',600,,10050,23,,,1,100,,10034,23,,,1,100,,10035,23,,,1,57,,10036,23,,,1,100,,10037,23,,,1,98,,10038,23,,,1,145,,10039,23,,,1,100,,10040,23,,,1,100,,10041,23,,,1,100,,10042,23,,,1,100,,10043,23,,,1,100,,10044,23,,,1,100,,10045,23,,,1,57,,10046,23,,,1,95,,10047,23,,,1,100,,10048,23,,,1,101,,10049,23,,,1
