10600,'Sunday',710,,498,33,,,1,100,,485,33,,,1,102,,486,33,,,1,100,,487,33,,,1,102,,488,33,,,1,100,,489,33,,,1,100,,490,33,,,1,101,,491,33,,,1,99,,493,33,,,1,100,,492,33,,,1,99,,494,33,,,1,100,,495,33,,,1,99,,496,33,,,1,99,,497,33,,,1,100,,499,33,,,1
10600,'Weekday',525,,500,33,,,1,102,,501,33,,,1,101,,502,33,,,1,103,,503,33,,,1,100,,504,33,,,1,100,,505,33,,,1,99,,506,33,,,1,100,,507,33,,,1,100,,508,33,,,1,104,,509,33,,,1,99,,510,33,,,1,102,,511,33,,,1,100,,512,33,,,1,96,,513,33,,,1,97,,514,33,,,1,99,,515,33,,,1,99,,516,33,,,1
10600,'Saturday',609,,530,33,,,1,100,,531,33,,,1,102,,517,33,,,1,102,,518,33,,,1,101,,519,33,,,1,101,,520,33,,,1,101,,521,33,,,1,100,,522,33,,,1,100,,524,33,,,1,100,,525,33,,,1,100,,527,33,,,1,100,,523,33,,,1,99,,528,33,,,1,99,,529,33,,,1,97,,526,33,,,1,99,,532,33,,,1,100,,533,33,,,1
12001,'Sunday',737,,1334,30,,,1,100,,1324,30,,,1,100,,1322,30,,,1,100,,1325,30,,,1,100,,1333,30,,,1,101,,1323,30,,,1,100,,1328,30,,,1,100,,1326,30,,,1,100,,1329,30,,,1,100,,1327,30,,,1,100,,1331,30,,,1,100,,1332,30,,,1,99,,1330,30,,,1,100,,1321,30,,,1
12001,'Weekday',541,,1352,30,,,1,70,,1353,30,,,1,32,,1336,30,,,1,70,,1354,30,,,1,33,,1351,30,,,1,71,,1355,30,,,1,29,,1349,30,,,1,70,,1356,30,,,1,29,,1350,30,,,1,69,,1360,30,,,1,29,,1338,30,,,1,70,,1361,30,,,1,31,,1339,30,,,1,70,,1362,30,,,1,30,,1340,30,,,1,71,,1363,30,,,1,30,,1341,30,,,1,70,,1364,30,,,1,31,,1342,30,,,1,69,,1365,30,,,1,32,,1343,30,,,1,71,,1357,30,,,1,30,,1335,30,,,1,70,,1358,30,,,1,30,,1337,30,,,1,68,,1359,30,,,1,28,,1344,30,,,1,100,,1348,30,,,1,98,,1347,30,,,1,100,,1345,30,,,1,98,,1346,30,,,1
12001,'Saturday',637,,1367,30,,,1,100,,1366,30,,,1,100,,1368,30,,,1,100,,1371,30,,,1,101,,1379,30,,,1,100,,1375,30,,,1,100,,1377,30,,,1,100,,1380,30,,,1,100,,1378,30,,,1,100,,1370,30,,,1,100,,1376,30,,,1,100,,1372,30,,,1,100,,1374,30,,,1,100,,1369,30,,,1,100,,1381,30,,,1,100,,1373,30,,,1
12100,'Sunday',709,,1382,15,,,1,101,,1383,15,,,1,102,,1384,15,,,1,101,,1385,15,,,1,100,,1386,15,,,1,101,,1387,15,,,1,101,,1388,15,,,1,100,,1389,15,,,1,100,,1390,15,,,1,100,,1391,15,,,1,99,,1392,15,,,1,99,,1393,15,,,1,99,,1394,15,,,1,98,,1395,15,,,1
12100,'Weekday',539,,1415,15,,,1,66,,1413,15,,,1,25,,1420,15,,,1,27,,1414,15,,,1,66,,1419,15,,,1,26,,1411,15,,,1,65,,1416,15,,,1,30,,1421,15,,,1,65,,1423,15,,,1,29,,1417,15,,,1,94,,1418,15,,,1,90,,1412,15,,,1,91,,1403,15,,,1,91,,1410,15,,,1,51,,1401,15,,,1,95,,1408,15,,,1,71,,1407,15,,,1,32,,1409,15,,,1,72,,1404,15,,,1,32,,1406,15,,,1,75,,1405,15,,,1,73,,1402,15,,,1,26,,1396,15,,,1,70,,1422,15,,,1,33,,1400,15,,,1,97,,1399,15,,,1,98,,1397,15,,,1,100,,1398,15,,,1
12100,'Saturday',609,,1424,15,,,1,100,,1425,15,,,1,102,,1426,15,,,1,102,,1427,15,,,1,101,,1428,15,,,1,100,,1429,15,,,1,100,,1430,15,,,1,101,,1431,15,,,1,100,,1432,15,,,1,100,,1433,15,,,1,100,,1434,15,,,1,100,,1435,15,,,1,99,,1436,15,,,1,99,,1437,15,,,1,99,,1438,15,,,1
12101,'Sunday',711,,1439,15,,,1,101,,1440,15,,,1,100,,1441,15,,,1,100,,1442,15,,,1,100,,1443,15,,,1,100,,1444,15,,,1,101,,1445,15,,,1,100,,1446,15,,,1,100,,1447,15,,,1,100,,1448,15,,,1,100,,1449,15,,,1,99,,1450,15,,,1,100,,1451,15,,,1,99,,1452,15,,,1
12101,'Weekday',511,,1470,15,,,1,30,,1453,15,,,1,65,,1468,15,,,1,25,,1473,15,,,1,25,,1477,15,,,1,66,,1475,15,,,1,25,,1478,15,,,1,66,,1467,15,,,1,30,,1461,15,,,1,95,,1469,15,,,1,95,,1471,15,,,1,90,,1472,15,,,1,90,,1462,15,,,1,90,,1463,15,,,1,50,,1474,15,,,1,95,,1456,15,,,1,71,,1465,15,,,1,30,,1476,15,,,1,70,,1459,15,,,1,35,,1457,15,,,1,70,,1464,15,,,1,30,,1454,15,,,1,74,,1455,15,,,1,30,,1466,15,,,1,70,,1480,15,,,1,95,,1458,15,,,1,100,,1460,15,,,1,100,,1479,15,,,1
12101,'Saturday',611,,1481,15,,,1,100,,1482,15,,,1,102,,1483,15,,,1,100,,1484,15,,,1,100,,1485,15,,,1,100,,1486,15,,,1,100,,1487,15,,,1,100,,1488,15,,,1,100,,1489,15,,,1,100,,1490,15,,,1,100,,1491,15,,,1,100,,1492,15,,,1,100,,1493,15,,,1,100,,1494,15,,,1,99,,1495,15,,,1
