10201,'Sunday',649,,8680,2,,,1,70,,8695,2,,,1,30,,8679,2,,,1,70,,8694,2,,,1,30,,8682,2,,,1,69,,8696,2,,,1,30,,8683,2,,,1,69,,8697,2,,,1,30,,8681,2,,,1,69,,8698,2,,,1,30,,8684,2,,,1,70,,8699,2,,,1,30,,8685,2,,,1,70,,8700,2,,,1,30,,8686,2,,,1,70,,8701,2,,,1,30,,8687,2,,,1,68,,8702,2,,,1,30,,8688,2,,,1,70,,8703,2,,,1,30,,8689,2,,,1,71,,8704,2,,,1,31,,8690,2,,,1,71,,8705,2,,,1,30,,8691,2,,,1,101,,8692,2,,,1,100,,8693,2,,,1,100,,8706,2,,,1
10201,'Weekday',449,,8733,2,,,1,70,,8708,2,,,1,28,,8709,2,,,1,69,,8734,2,,,1,29,,8711,2,,,1,70,,8735,2,,,1,30,,8710,2,,,1,69,,8736,2,,,1,30,,8712,2,,,1,70,,8715,2,,,1,30,,8714,2,,,1,70,,8713,2,,,1,30,,8717,2,,,1,69,,8718,2,,,1,30,,8719,2,,,1,69,,8716,2,,,1,30,,8721,2,,,1,70,,8720,2,,,1,30,,8723,2,,,1,69,,8722,2,,,1,29,,8732,2,,,1,70,,8737,2,,,1,30,,8727,2,,,1,78,,8738,2,,,1,23,,8730,2,,,1,70,,8739,2,,,1,38,,8729,2,,,1,69,,8728,2,,,1,26,,8707,2,,,1,100,,8725,2,,,1,102,,8724,2,,,1,101,,8731,2,,,1,100,,8726,2,,,1
10201,'Saturday',549,,8740,2,,,1,70,,8741,2,,,1,29,,8742,2,,,1,70,,8743,2,,,1,30,,8745,2,,,1,69,,8746,2,,,1,29,,8747,2,,,1,70,,8744,2,,,1,29,,8749,2,,,1,69,,8750,2,,,1,30,,8751,2,,,1,70,,8748,2,,,1,30,,8752,2,,,1,70,,8753,2,,,1,30,,8754,2,,,1,69,,8755,2,,,1,30,,8756,2,,,1,70,,8757,2,,,1,30,,8758,2,,,1,70,,8759,2,,,1,30,,8760,2,,,1,70,,8761,2,,,1,30,,8762,2,,,1,71,,8763,2,,,1,30,,8764,2,,,1,71,,8765,2,,,1,30,,8766,2,,,1,100,,8767,2,,,1,101,,8768,2,,,1,100,,8769,2,,,1,101,,8770,2,,,1,100,,8771,2,,,1
13001,'Sunday',649,,10001,4,,,1,99,,9987,4,,,1,98,,9988,4,,,1,98,,9989,4,,,1,99,,9990,4,,,1,104,,9991,4,,,1,99,,9992,4,,,1,98,,9993,4,,,1,99,,9994,4,,,1,100,,9995,4,,,1,102,,9996,4,,,1,100,,9998,4,,,1,98,,9997,4,,,1,97,,9999,4,,,1,101,,10000,4,,,1
13001,'Weekday',434,,10024,4,,,1,68,,10026,4,,,1,29,,10009,4,,,1,27,,10027,4,,,1,69,,10010,4,,,1,28,,10003,4,,,1,70,,10011,4,,,1,29,,10005,4,,,1,71,,10012,4,,,1,30,,10028,4,,,1,71,,10002,4,,,1,30,,10029,4,,,1,69,,10020,4,,,1,29,,10030,4,,,1,70,,10018,4,,,1,30,,10031,4,,,1,69,,10016,4,,,1,30,,10032,4,,,1,69,,10017,4,,,1,30,,10033,4,,,1,68,,10019,4,,,1,29,,10014,4,,,1,68,,10023,4,,,1,31,,10015,4,,,1,71,,10022,4,,,1,30,,10004,4,,,1,71,,10013,4,,,1,30,,10006,4,,,1,73,,10021,4,,,1,103,,10007,4,,,1,107,,10008,4,,,1,97,,10025,4,,,1
13001,'Saturday',549,,10050,4,,,1,100,,10034,4,,,1,99,,10035,4,,,1,95,,10036,4,,,1,99,,10037,4,,,1,98,,10038,4,,,1,103,,10039,4,,,1,100,,10040,4,,,1,100,,10041,4,,,1,100,,10042,4,,,1,100,,10043,4,,,1,100,,10044,4,,,1,101,,10045,4,,,1,98,,10046,4,,,1,96,,10047,4,,,1,101,,10048,4,,,1,101,,10049,4,,,1
16601,'Sunday',654,,10118,2,,,1,99,,10119,2,,,1,99,,10120,2,,,1,98,,10121,2,,,1,100,,10122,2,,,1,100,,10123,2,,,1,100,,10124,2,,,1,100,,10125,2,,,1,100,,10126,2,,,1,100,,10127,2,,,1,100,,10129,2,,,1,100,,10131,2,,,1,100,,10128,2,,,1,102,,10132,2,,,1,100,,10130,2,,,1
16601,'Weekday',501,,10152,2,,,1,29,,10149,2,,,1,70,,10153,2,,,1,30,,10147,2,,,1,29,,10154,2,,,1,69,,10144,2,,,1,29,,10155,2,,,1,69,,10143,2,,,1,30,,10156,2,,,1,70,,10141,2,,,1,30,,10157,2,,,1,70,,10140,2,,,1,30,,10158,2,,,1,70,,10142,2,,,1,30,,10159,2,,,1,70,,10137,2,,,1,30,,10160,2,,,1,69,,10145,2,,,1,30,,10161,2,,,1,69,,10139,2,,,1,30,,10162,2,,,1,70,,10136,2,,,1,30,,10163,2,,,1,70,,10148,2,,,1,30,,10164,2,,,1,70,,10138,2,,,1,32,,10165,2,,,1,70,,10134,2,,,1,30,,10151,2,,,1,71,,10135,2,,,1,30,,10133,2,,,1,102,,10146,2,,,1,141,,10150,2,,,1,101,,10166,2,,,1
16601,'Saturday',553,,10169,2,,,1,100,,10167,2,,,1,99,,10168,2,,,1,98,,10171,2,,,1,100,,10174,2,,,1,99,,10170,2,,,1,98,,10175,2,,,1,100,,10173,2,,,1,100,,10172,2,,,1,100,,10177,2,,,1,100,,10178,2,,,1,101,,10179,2,,,1,101,,10176,2,,,1,100,,10180,2,,,1,101,,10181,2,,,1,101,,10182,2,,,1,101,,10183,2,,,1
90901,'Sunday',706,,12576,4,,,1,40,,12577,4,,,1,90,,12578,4,,,1,85,,12579,4,,,1,95,,12580,4,,,1,90,,12581,4,,,1,45,,12582,4,,,1,85,,12583,4,,,1,90,,12584,4,,,1,85,,12585,4,,,1,100,,12586,4,,,1,40,,12587,4,,,1,90,,12588,4,,,1,80,,12589,4,,,1,90,,12590,4,,,1,45,,12591,4,,,1,85,,12592,4,,,1,85,,12593,4,,,1,75,,12594,4,,,1,50,,12595,4,,,1,70,,12596,4,,,1
90901,'Weekday',526,,12597,4,,,1,85,,12598,4,,,1,95,,12599,4,,,1,40,,12600,4,,,1,90,,12601,4,,,1,85,,12602,4,,,1,95,,12603,4,,,1,90,,12604,4,,,1,45,,12605,4,,,1,85,,12606,4,,,1,90,,12607,4,,,1,85,,12608,4,,,1,100,,12609,4,,,1,40,,12610,4,,,1,90,,12611,4,,,1,80,,12612,4,,,1,90,,12613,4,,,1,45,,12614,4,,,1,85,,12615,4,,,1,85,,12616,4,,,1,75,,12617,4,,,1,120,,12618,4,,,1,130,,12619,4,,,1
90901,'Saturday',526,,12620,4,,,1,85,,12621,4,,,1,95,,12622,4,,,1,40,,12623,4,,,1,90,,12624,4,,,1,85,,12625,4,,,1,95,,12626,4,,,1,90,,12627,4,,,1,46,,12628,4,,,1,85,,12629,4,,,1,90,,12630,4,,,1,85,,12631,4,,,1,100,,12632,4,,,1,39,,12633,4,,,1,90,,12634,4,,,1,80,,12635,4,,,1,90,,12636,4,,,1,45,,12637,4,,,1,85,,12638,4,,,1,85,,12639,4,,,1,75,,12640,4,,,1,50,,12641,4,,,1,70,,12642,4,,,1
