10900,'H:113:6:Sunday',755,,13231,1,,,1,100,,13235,1,,,1,100,,13226,1,,,1,100,,13227,1,,,1,100,,13238,1,,,1,100,,13229,1,,,1,100,,13234,1,,,1,100,,13228,1,,,1,100,,13230,1,,,1,100,,13237,1,,,1,100,,13233,1,,,1,100,,13236,1,,,1,100,,13232,1,,,1,100,,13239,1,,,1
10900,'H:123:0:Weekday',451,,13253,1,,,1,100,,13247,1,,,1,100,,13243,1,,,1,100,,13249,1,,,1,107,,13256,1,,,1,100,,13241,1,,,1,100,,13255,1,,,1,100,,13254,1,,,1,100,,13246,1,,,1,100,,13252,1,,,1,100,,13244,1,,,1,100,,13248,1,,,1,100,,13251,1,,,1,100,,13245,1,,,1,100,,13242,1,,,1,100,,13240,1,,,1,100,,13250,1,,,1
10900,'H:173:5:Saturday',655,,13261,1,,,1,100,,13264,1,,,1,100,,13260,1,,,1,100,,13257,1,,,1,100,,13269,1,,,1,100,,13262,1,,,1,100,,13267,1,,,1,100,,13258,1,,,1,100,,13259,1,,,1,100,,13271,1,,,1,100,,13263,1,,,1,100,,13268,1,,,1,100,,13265,1,,,1,100,,13266,1,,,1,100,,13270,1,,,1
28000,'H:113:6:Sunday',825,,15188,35,,,1,101,,15189,35,,,1,100,,15190,35,,,1,100,,15191,35,,,1,100,,15199,35,,,1,100,,15193,35,,,1,100,,15192,35,,,1,100,,15194,35,,,1,100,,15195,35,,,1,99,,15196,35,,,1,100,,15200,35,,,1,100,,15198,35,,,1,100,,15197,35,,,1
28000,'H:123:0:Weekday',524,,15201,35,,,1,180,,15213,12,,,1,33,,15202,35,,,1,99,,15204,35,,,1,71,,15217,12,,,1,29,,15205,35,,,1,100,,15218,35,,,1,101,,15203,35,,,1,200,,15206,35,,,1,178,,15216,12,,,1,23,,15207,35,,,1,76,,15215,12,,,1,100,,15214,12,,,1,28,,15209,35,,,1,94,,15210,35,,,1,93,,15211,35,,,1,100,,15208,35,,,1,99,,15212,35,,,1
28000,'H:173:5:Saturday',724,,15231,35,,,1,100,,15219,35,,,1,100,,15227,35,,,1,102,,15220,35,,,1,101,,15229,35,,,1,101,,15230,35,,,1,100,,15221,35,,,1,99,,15222,35,,,1,100,,15224,35,,,1,99,,15223,35,,,1,100,,15225,35,,,1,100,,15226,35,,,1,99,,15228,35,,,1,100,,15232,35,,,1
28000,'KP:323:0:Weekday',629,,15238,35,,,1,178,,15237,12,,,1,430,,15233,35,,,1,176,,15234,12,,,1,25,,15236,35,,,1,199,,15235,35,,,1
28001,'H:113:6:Sunday',743,,15240,12,,,1,100,,15239,12,,,1,101,,15241,12,,,1,100,,15250,12,,,1,100,,15242,12,,,1,100,,15243,12,,,1,100,,15244,12,,,1,100,,15245,12,,,1,100,,15246,12,,,1,100,,15251,12,,,1,100,,15248,12,,,1,100,,15247,12,,,1,100,,15249,12,,,1
28001,'H:123:0:Weekday',613,,15253,12,,,1,100,,15252,12,,,1,101,,15254,12,,,1,25,,15265,12,0,8 7,1,75,,15268,12,,,1,100,,15255,12,,,1,201,,15256,12,,,1,201,,15257,12,,,1,20,,15267,12,0,8 7,1,101,,15264,12,0,8 7,1,76,,15263,12,,,1,25,,15258,12,0,8 7,1,75,,15259,12,,,1,99,,15260,12,,,1,24,,15266,12,0,8 7,1,74,,15261,12,,,1,104,,15262,12,,,1
28001,'H:173:5:Saturday',743,,15277,12,,,1,100,,15269,12,,,1,100,,15280,12,,,1,102,,15275,12,,,1,100,,15278,12,,,1,100,,15276,12,,,1,100,,15274,12,,,1,100,,15271,12,,,1,100,,15273,12,,,1,100,,15270,12,,,1,100,,15272,12,,,1,99,,15279,12,,,1,100,,15281,12,,,1
28001,'KP:323:0:Weekday',738,,15286,12,0,8 7,1,377,,15282,12,,,1,201,,15285,12,,,1,195,,15283,12,,,1,227,,15284,12,0,8 7,1
