10600,'Sunday',725,,498,44,4,,1,100,,485,44,4,,1,104,,486,44,4,,1,100,,487,44,4,,1,105,,488,44,4,,1,100,,489,44,4,,1,100,,490,44,4,,1,101,,491,44,4,,1,99,,493,44,4,,1,100,,492,44,4,,1,99,,494,44,4,,1,100,,495,44,4,,1,97,,496,44,4,,1,97,,497,44,4,,1,100,,499,44,4,,1
10600,'Weekday',540,,500,44,4,,1,104,,501,44,4,,1,109,,502,44,4,,1,103,,503,44,4,,1,99,,504,44,4,,1,99,,505,44,4,,1,99,,506,44,4,,1,98,,507,44,4,,1,100,,508,44,4,,1,106,,509,44,4,,1,99,,510,44,4,,1,103,,511,44,4,,1,100,,512,44,4,,1,94,,513,44,4,,1,95,,514,44,4,,1,98,,515,44,4,,1,97,,516,44,4,,1
10600,'Saturday',623,,530,44,4,,1,101,,531,44,4,,1,102,,517,44,4,,1,104,,518,44,4,,1,102,,519,44,4,,1,103,,520,44,4,,1,101,,521,44,4,,1,100,,522,44,4,,1,100,,524,44,4,,1,100,,525,44,4,,1,100,,527,44,4,,1,100,,523,44,4,,1,98,,528,44,4,,1,98,,529,44,4,,1,95,,526,44,4,,1,99,,532,44,4,,1,98,,533,44,4,,1
10601,'Sunday',655,,548,1,,,1,100,,534,1,,,1,100,,535,1,,,1,100,,536,1,,,1,99,,537,1,,,1,100,,538,1,,,1,100,,539,1,,,1,100,,540,1,,,1,100,,542,1,,,1,100,,543,1,,,1,100,,544,1,,,1,100,,541,1,,,1,100,,545,1,,,1,100,,546,1,,,1,100,,547,1,,,1
10601,'Weekday',510,,549,1,,,1,100,,550,1,,,1,100,,551,1,,,1,100,,552,1,,,1,100,,553,1,,,1,100,,554,1,,,1,100,,556,1,,,1,100,,557,1,,,1,100,,558,1,,,1,100,,555,1,,,1,100,,560,1,,,1,100,,561,1,,,1,100,,562,1,,,1,100,,559,1,,,1,100,,563,1,,,1,100,,564,1,,,1,100,,565,1,,,1,100,,566,1,,,1
10601,'Saturday',555,,580,1,,,1,100,,581,1,,,1,100,,567,1,,,1,99,,568,1,,,1,100,,569,1,,,1,99,,570,1,,,1,100,,572,1,,,1,100,,573,1,,,1,100,,574,1,,,1,100,,571,1,,,1,100,,575,1,,,1,100,,576,1,,,1,100,,577,1,,,1,100,,578,1,,,1,100,,579,1,,,1,101,,582,1,,,1,101,,583,1,,,1
12000,'Sunday',726,,1260,1,,,1,100,,1261,1,,,1,98,,1262,1,,,1,99,,1259,1,,,1,100,,1263,1,,,1,99,,1264,1,,,1,100,,1265,1,,,1,100,,1266,1,,,1,100,,1267,1,,,1,100,,1268,1,,,1,100,,1269,1,,,1,100,,1270,1,,,1,101,,1258,1,,,1,102,,1271,1,,,1
12000,'Weekday',420,,1289,1,,,1,83,,1290,1,,,1,29,,1276,1,,,1,27,,1291,1,,,1,69,,1274,1,,,1,29,,1292,1,,,1,69,,1272,1,,,1,31,,1293,1,,,1,68,,1273,1,,,1,31,,1298,1,,,1,73,,1275,1,,,1,30,,1299,1,,,1,70,,1279,1,,,1,30,,1300,1,,,1,70,,1277,1,,,1,30,,1301,1,,,1,68,,1280,1,,,1,29,,1302,1,,,1,70,,1278,1,,,1,30,,1303,1,,,1,69,,1282,1,,,1,28,,1294,1,,,1,70,,1283,1,,,1,29,,1295,1,,,1,68,,1281,1,,,1,30,,1296,1,,,1,74,,1288,1,,,1,31,,1297,1,,,1,73,,1286,1,,,1,100,,1287,1,,,1,101,,1284,1,,,1,102,,1285,1,,,1
12000,'Saturday',528,,1309,1,,,1,99,,1308,1,,,1,98,,1312,1,,,1,99,,1311,1,,,1,98,,1314,1,,,1,99,,1313,1,,,1,100,,1310,1,,,1,99,,1316,1,,,1,100,,1317,1,,,1,99,,1315,1,,,1,102,,1319,1,,,1,100,,1318,1,,,1,101,,1307,1,,,1,100,,1305,1,,,1,102,,1304,1,,,1,101,,1306,1,,,1,101,,1320,1,,,1
12001,'Sunday',752,,1334,41,4,,1,101,,1324,41,4,,1,102,,1322,41,4,,1,100,,1325,41,4,,1,100,,1333,41,4,,1,101,,1323,41,4,,1,100,,1328,41,4,,1,100,,1326,41,4,,1,100,,1329,41,4,,1,99,,1327,41,4,,1,100,,1331,41,4,,1,100,,1332,41,4,,1,99,,1330,41,4,,1,99,,1321,41,4,,1
12001,'Weekday',557,,1352,41,4,,1,70,,1353,41,4,,1,74,,1336,41,4,,1,33,,1354,41,4,,1,78,,1351,41,4,,1,28,,1355,41,4,,1,66,,1349,41,4,,1,29,,1356,41,4,,1,69,,1350,41,4,,1,28,,1360,41,4,,1,69,,1338,41,4,,1,30,,1361,41,4,,1,71,,1339,41,4,,1,32,,1362,41,4,,1,70,,1340,41,4,,1,31,,1363,41,4,,1,70,,1341,41,4,,1,30,,1364,41,4,,1,71,,1342,41,4,,1,29,,1365,41,4,,1,73,,1343,41,4,,1,32,,1357,41,4,,1,70,,1335,41,4,,1,29,,1358,41,4,,1,70,,1337,41,4,,1,28,,1359,41,4,,1,65,,1344,41,4,,1,100,,1348,41,4,,1,57,,1347,41,4,,1,99,,1345,41,4,,1,98,,1346,41,4,,1
12001,'Saturday',651,,1367,41,4,,1,100,,1366,41,4,,1,103,,1368,41,4,,1,100,,1371,41,4,,1,102,,1379,41,4,,1,101,,1375,41,4,,1,100,,1377,41,4,,1,100,,1380,41,4,,1,100,,1378,41,4,,1,101,,1370,41,4,,1,100,,1376,41,4,,1,100,,1372,41,4,,1,98,,1374,41,4,,1,100,,1369,41,4,,1,98,,1381,41,4,,1,100,,1373,41,4,,1
12100,'Sunday',728,,1382,31,4,,1,103,,1383,31,4,,1,102,,1384,31,4,,1,101,,1385,31,4,,1,100,,1386,31,4,,1,102,,1387,31,4,,1,102,,1388,31,4,,1,100,,1389,31,4,,1,100,,1390,31,4,,1,99,,1391,31,4,,1,98,,1392,31,4,,1,99,,1393,31,4,,1,98,,1394,31,4,,1,98,,1395,31,4,,1
12100,'Weekday',556,,1415,31,4,,1,68,,1413,31,4,,1,26,,1420,31,4,,1,69,,1414,31,4,,1,28,,1419,31,4,,1,67,,1411,31,4,,1,25,,1416,31,4,,1,72,,1421,31,4,,1,22,,1423,31,4,,1,69,,1417,31,4,,1,52,,1418,31,4,,1,90,,1412,31,4,,1,91,,1403,31,4,,1,92,,1410,31,4,,1,91,,1401,31,4,,1,96,,1408,31,4,,1,33,,1407,31,4,,1,72,,1409,31,4,,1,32,,1404,31,4,,1,72,,1406,31,4,,1,35,,1405,31,4,,1,73,,1402,31,4,,1,25,,1396,31,4,,1,68,,1422,31,4,,1,31,,1400,31,4,,1,95,,1399,31,4,,1,98,,1397,31,4,,1,100,,1398,31,4,,1
12100,'Saturday',628,,1424,31,4,,1,101,,1425,31,4,,1,103,,1426,31,4,,1,103,,1427,31,4,,1,101,,1428,31,4,,1,100,,1429,31,4,,1,101,,1430,31,4,,1,101,,1431,31,4,,1,100,,1432,31,4,,1,100,,1433,31,4,,1,100,,1434,31,4,,1,99,,1435,31,4,,1,98,,1436,31,4,,1,98,,1437,31,4,,1,99,,1438,31,4,,1
12101,'Sunday',700,,1439,1,,,1,100,,1440,1,,,1,100,,1441,1,,,1,100,,1442,1,,,1,100,,1443,1,,,1,100,,1444,1,,,1,100,,1445,1,,,1,100,,1446,1,,,1,100,,1447,1,,,1,100,,1448,1,,,1,100,,1449,1,,,1,100,,1450,1,,,1,100,,1451,1,,,1,100,,1452,1,,,1
12101,'Weekday',500,,1470,1,,,1,30,,1453,1,,,1,25,,1468,1,,,1,65,,1473,1,,,1,25,,1477,1,,,1,65,,1475,1,,,1,25,,1478,1,,,1,65,,1467,1,,,1,30,,1461,1,,,1,95,,1469,1,,,1,95,,1471,1,,,1,90,,1472,1,,,1,90,,1462,1,,,1,50,,1463,1,,,1,90,,1474,1,,,1,95,,1456,1,,,1,70,,1465,1,,,1,30,,1476,1,,,1,70,,1459,1,,,1,35,,1457,1,,,1,70,,1464,1,,,1,30,,1454,1,,,1,75,,1455,1,,,1,30,,1466,1,,,1,70,,1480,1,,,1,95,,1458,1,,,1,100,,1460,1,,,1,100,,1479,1,,,1
12101,'Saturday',600,,1481,1,,,1,100,,1482,1,,,1,100,,1483,1,,,1,100,,1484,1,,,1,100,,1485,1,,,1,100,,1486,1,,,1,100,,1487,1,,,1,100,,1488,1,,,1,100,,1489,1,,,1,100,,1490,1,,,1,100,,1491,1,,,1,100,,1492,1,,,1,100,,1493,1,,,1,100,,1494,1,,,1,100,,1495,1,,,1
