10100,2105,1,0
10100,1553,2,0
10100,1554,3,0
10100,808,4,0
10100,807,5,0
10100,1513,6,0
10100,1518,7,0
10100,1514,8,0
10100,1519,9,0
10100,1497,10,0
10100,1493,11,0
10100,1498,12,0
10100,1512,13,0
10100,1499,14,0
10100,1500,15,0
10100,1501,16,0
10100,1521,17,0
10100,1502,18,0
10100,1495,19,0
10100,1503,20,0
10100,1504,21,0
10100,1505,22,0
10100,1506,23,0
10100,1507,24,0
10100,1508,25,0
10100,1509,26,0
10100,1510,27,0
10100,1511,28,0
10100,1516,29,0
10100,1517,30,0
10100,2089,31,0
10100,2877,32,1
10101,2876,1,0
10101,2405,2,0
10101,1017,3,0
10101,1023,4,0
10101,1016,5,0
10101,1015,6,0
10101,1014,7,0
10101,1022,8,0
10101,2237,9,0
10101,1013,10,0
10101,1012,11,0
10101,1011,12,0
10101,1010,13,0
10101,1009,14,0
10101,1008,15,0
10101,1007,16,0
10101,997,17,0
10101,1006,18,0
10101,1018,19,0
10101,1005,20,0
10101,1004,21,0
10101,1003,22,0
10101,1002,23,0
10101,1001,24,0
10101,998,25,0
10101,1000,26,0
10101,1020,27,0
10101,1021,28,0
10101,1024,29,0
10101,1301,30,0
10101,1299,31,0
10101,168,32,0
10101,167,33,0
10101,2038,34,1
10500,2229,1,0
10500,1744,2,0
10500,2903,3,0
10500,2904,4,0
10500,2745,5,0
10500,980,6,0
10500,2746,7,0
10500,991,8,0
10500,992,9,0
10500,989,10,0
10500,2134,11,0
10500,986,12,0
10500,985,13,0
10500,984,14,0
10500,990,15,0
10500,983,16,0
10500,982,17,0
10500,981,18,0
10500,979,19,0
10500,977,20,0
10500,988,21,0
10500,987,22,0
10500,2085,23,0
10500,2648,24,0
10500,2647,25,0
10500,2646,26,0
10500,2645,27,0
10500,2137,28,0
10500,1552,29,0
10500,2105,30,0
10500,1553,31,0
10500,1554,32,0
10500,808,33,0
10500,807,34,0
10500,810,35,0
10500,806,36,0
10500,811,37,0
10500,3161,38,0
10500,3145,39,0
10500,3138,40,0
10500,3139,41,0
10500,3147,42,0
10500,3135,43,0
10500,2038,44,1
10501,3136,1,0
10501,3146,2,0
10501,3141,3,0
10501,3143,4,0
10501,3148,5,0
10501,2484,6,0
10501,2913,7,0
10501,2668,8,0
10501,1295,9,0
10501,1297,10,0
10501,1301,11,0
10501,1299,12,0
10501,168,13,0
10501,167,14,0
10501,2103,15,0
10501,165,16,0
10501,169,17,0
10501,1473,18,0
10501,2650,19,0
10501,2651,20,0
10501,2652,21,0
10501,2653,22,0
10501,1474,23,0
10501,1486,24,0
10501,1483,25,0
10501,2863,26,0
10501,1476,27,0
10501,1477,28,0
10501,1478,29,0
10501,1479,30,0
10501,3063,31,0
10501,2207,32,0
10501,2134,33,0
10501,1481,34,0
10501,1482,35,0
10501,2958,36,0
10501,1475,37,0
10501,3162,38,0
10501,2744,39,0
10501,2219,40,0
10501,2220,41,0
10501,372,42,0
10501,375,43,0
10501,2229,44,1
10600,2229,1,0
10600,815,2,0
10600,2233,3,0
10600,2475,4,0
10600,2216,5,0
10600,624,6,0
10600,1834,7,0
10600,1836,8,0
10600,2213,9,0
10600,2222,10,0
10600,1680,11,0
10600,2134,12,0
10600,986,13,0
10600,985,14,0
10600,984,15,0
10600,990,16,0
10600,983,17,0
10600,982,18,0
10600,981,19,0
10600,979,20,0
10600,215,21,0
10600,838,22,0
10600,839,23,0
10600,837,24,0
10600,597,25,0
10600,198,26,0
10600,199,27,0
10600,200,28,0
10600,203,29,0
10600,615,30,0
10600,612,31,0
10600,3059,32,0
10600,2563,33,0
10600,2565,34,0
10600,1044,35,0
10600,1045,36,0
10600,1039,37,0
10600,1040,38,0
10600,2940,39,0
10600,2941,40,0
10600,2646,41,0
10600,2645,42,0
10600,2137,43,0
10600,1552,44,0
10600,2038,45,1
10601,2103,1,0
10601,165,2,0
10601,169,3,0
10601,1473,4,0
10601,2650,5,0
10601,2942,6,0
10601,2943,7,0
10601,2944,8,0
10601,2945,9,0
10601,1542,10,0
10601,1538,11,0
10601,1537,12,0
10601,1541,13,0
10601,2564,14,0
10601,2562,15,0
10601,3058,16,0
10601,1099,17,0
10601,1100,18,0
10601,1589,19,0
10601,1584,20,0
10601,1590,21,0
10601,1085,22,0
10601,1087,23,0
10601,1330,24,0
10601,1329,25,0
10601,1600,26,0
10601,2863,27,0
10601,1476,28,0
10601,1477,29,0
10601,1478,30,0
10601,1479,31,0
10601,3063,32,0
10601,2207,33,0
10601,2134,34,0
10601,308,35,0
10601,303,36,0
10601,2221,37,0
10601,2212,38,0
10601,2214,39,0
10601,470,40,0
10601,1110,41,0
10601,2215,42,0
10601,2476,43,0
10601,2234,44,0
10601,2325,45,0
10601,2229,46,1
10700,2668,1,0
10700,1741,2,0
10700,1748,3,0
10700,2977,4,0
10700,2327,5,0
10700,2328,6,0
10700,2330,7,0
10700,2905,8,0
10700,1466,9,0
10700,1461,10,0
10700,1464,11,0
10700,1462,12,0
10700,1460,13,0
10700,1467,14,0
10700,2433,15,0
10700,1303,16,0
10700,1305,17,0
10700,1742,18,0
10700,1743,19,0
10700,1635,20,0
10700,1643,21,0
10700,2035,22,1
10701,2112,1,0
10701,250,2,0
10701,262,3,0
10701,371,4,0
10701,370,5,0
10701,814,6,0
10701,2431,7,0
10701,2432,8,0
10701,970,9,0
10701,966,10,0
10701,969,11,0
10701,974,12,0
10701,975,13,0
10701,2484,14,0
10701,2668,15,0
10701,1741,16,0
10701,1748,17,0
10701,2977,18,0
10701,2327,19,0
10701,2328,20,0
10701,2330,21,0
10701,2905,22,1
10900,2666,1,0
10900,2669,2,0
10900,2670,3,0
10900,2671,4,0
10900,3108,5,0
10900,1728,6,0
10900,2987,7,0
10900,3126,8,0
10900,3123,9,0
10900,2607,10,0
10900,3128,11,0
10900,1353,12,0
10900,1351,13,0
10900,1350,14,0
10900,1352,15,0
10900,1565,16,0
10900,1562,17,0
10900,1560,18,0
10900,3130,19,0
10900,1559,20,0
10900,1558,21,0
10900,1557,22,0
10900,1564,23,0
10900,2137,24,0
10900,1552,25,0
10900,2106,26,0
10900,2457,27,0
10900,2997,28,0
10900,2998,29,0
10900,2999,30,0
10900,3000,31,0
10900,2981,32,1
10901,2162,1,0
10901,3062,2,0
10901,2993,3,0
10901,2994,4,0
10901,2995,5,0
10901,3004,6,0
10901,2456,7,0
10901,2104,8,0
10901,165,9,0
10901,169,10,0
10901,3159,11,0
10901,3016,12,0
10901,171,13,0
10901,172,14,0
10901,173,15,0
10901,3129,16,0
10901,174,17,0
10901,175,18,0
10901,32,19,0
10901,3125,20,0
10901,858,21,0
10901,859,22,0
10901,860,23,0
10901,857,24,0
10901,3127,25,0
10901,2606,26,0
10901,3124,27,0
10901,2988,28,0
10901,2989,29,0
10901,353,30,0
10901,2226,31,0
10901,2982,32,1
11100,2098,1,0
11100,322,2,0
11100,321,3,0
11100,320,4,0
11100,319,5,0
11100,324,6,0
11100,675,7,0
11100,2771,8,0
11100,2763,9,0
11100,312,10,0
11100,310,11,0
11100,309,12,0
11100,305,13,0
11100,304,14,0
11100,2188,15,0
11100,1316,16,0
11100,2775,17,0
11100,2776,18,0
11100,603,19,0
11100,604,20,0
11100,1687,21,1
11101,2188,1,0
11101,1316,2,0
11101,2775,3,0
11101,2776,4,0
11101,603,5,0
11101,604,6,0
11101,1687,7,0
11101,1681,8,0
11101,1685,9,0
11101,1682,10,0
11101,1683,11,0
11101,2774,12,0
11101,1160,13,0
11101,1161,14,0
11101,1695,15,0
11101,1696,16,0
11101,1697,17,0
11101,1698,18,0
11101,1699,19,0
11101,2644,20,0
11101,2097,21,1
11200,2162,1,0
11200,1577,2,0
11200,1575,3,0
11200,1573,4,0
11200,2873,5,0
11200,1582,6,0
11200,1127,7,0
11200,1140,8,0
11200,1141,9,0
11200,1128,10,0
11200,1129,11,0
11200,1130,12,0
11200,1131,13,0
11200,1146,14,0
11200,1143,15,0
11200,1142,16,0
11200,1613,17,0
11200,1614,18,0
11200,1155,19,0
11200,1156,20,0
11200,2108,21,0
11200,1126,22,0
11200,1133,23,0
11200,1144,24,0
11200,1134,25,0
11200,1135,26,0
11200,1136,27,0
11200,1145,28,0
11200,1137,29,0
11200,1138,30,0
11200,1332,31,0
11200,1701,32,0
11200,1695,33,0
11200,1696,34,0
11200,1697,35,0
11200,1698,36,0
11200,1699,37,0
11200,2644,38,0
11200,2097,39,1
11201,2098,1,0
11201,322,2,0
11201,321,3,0
11201,320,4,0
11201,319,5,0
11201,324,6,0
11201,318,7,0
11201,842,8,0
11201,844,9,0
11201,661,10,0
11201,655,11,0
11201,654,12,0
11201,660,13,0
11201,659,14,0
11201,653,15,0
11201,652,16,0
11201,651,17,0
11201,662,18,0
11201,2112,19,0
11201,2171,20,0
11201,226,21,0
11201,227,22,0
11201,650,23,0
11201,649,24,0
11201,648,25,0
11201,656,26,0
11201,647,27,0
11201,658,28,0
11201,646,29,0
11201,645,30,0
11201,657,31,0
11201,195,32,0
11201,2872,33,0
11201,197,34,0
11201,189,35,0
11201,2169,36,0
11201,2981,37,1
11300,2119,1,0
11300,250,2,0
11300,262,3,0
11300,2676,4,0
11300,2677,5,0
11300,610,6,0
11300,1601,7,0
11300,619,8,0
11300,2617,9,0
11300,623,10,0
11300,617,11,0
11300,616,12,0
11300,613,13,0
11300,611,14,0
11300,614,15,0
11300,1568,16,0
11300,2642,17,0
11300,1566,18,0
11300,1567,19,0
11300,2483,20,0
11300,819,21,0
11300,823,22,0
11300,820,23,0
11300,824,24,0
11300,818,25,0
11300,817,26,0
11300,821,27,0
11300,966,28,0
11300,1802,29,0
11300,1801,30,0
11300,1803,31,0
11300,895,32,0
11300,897,33,0
11300,896,34,0
11300,898,35,0
11300,401,36,0
11300,402,37,0
11300,665,38,0
11300,667,39,0
11300,1551,40,0
11300,2423,41,0
11300,666,42,0
11300,894,43,0
11300,975,44,0
11300,965,45,0
11300,964,46,0
11300,963,47,0
11300,973,48,0
11300,967,49,0
11300,972,50,0
11300,968,51,0
11300,1785,52,1
11301,1465,1,0
11301,1455,2,0
11301,1472,3,0
11301,1470,4,0
11301,1468,5,0
11301,1469,6,0
11301,1456,7,0
11301,1457,8,0
11301,1458,9,0
11301,1459,10,0
11301,1393,11,0
11301,1150,12,0
11301,2424,13,0
11301,1148,14,0
11301,1149,15,0
11301,1770,16,0
11301,846,17,0
11301,1389,18,0
11301,1391,19,0
11301,1392,20,0
11301,1390,21,0
11301,432,22,0
11301,433,23,0
11301,435,24,0
11301,1462,25,0
11301,1310,26,0
11301,1313,27,0
11301,1309,28,0
11301,1312,29,0
11301,1307,30,0
11301,2871,31,0
11301,1308,32,0
11301,180,33,0
11301,179,34,0
11301,2641,35,0
11301,181,36,0
11301,1097,37,0
11301,1098,38,0
11301,1101,39,0
11301,1102,40,0
11301,1103,41,0
11301,1104,42,0
11301,1107,43,0
11301,2737,44,0
11301,2678,45,0
11301,2679,46,0
11301,1743,47,0
11301,1635,48,0
11301,1643,49,0
11301,2035,50,1
11500,2091,1,0
11500,1473,2,0
11500,2650,3,0
11500,2651,4,0
11500,2652,5,0
11500,2653,6,0
11500,1580,7,0
11500,1576,8,0
11500,1578,9,0
11500,1574,10,0
11500,1579,11,0
11500,142,12,0
11500,1581,13,0
11500,2169,14,0
11500,2162,15,0
11500,1577,16,0
11500,2459,17,0
11500,2433,18,0
11500,1303,19,0
11500,1305,20,0
11500,1742,21,0
11500,1743,22,0
11500,1635,23,0
11500,1643,24,0
11500,2110,25,0
11500,1637,26,0
11500,1638,27,0
11500,1639,28,0
11500,1640,29,0
11500,1642,30,0
11500,1641,31,0
11500,2124,32,0
11500,1240,33,0
11500,1656,34,0
11500,2756,35,0
11500,1663,36,0
11500,2284,37,0
11500,1662,38,0
11500,1664,39,0
11500,1276,40,0
11500,1271,41,0
11500,1272,42,0
11500,1273,43,0
11500,1278,44,0
11500,1274,45,0
11500,1275,46,0
11500,1277,47,0
11500,1279,48,0
11500,1280,49,0
11500,328,50,0
11500,2089,51,0
11500,2877,52,1
11501,2875,1,0
11501,2405,2,0
11501,1017,3,0
11501,1704,4,0
11501,787,5,0
11501,789,6,0
11501,786,7,0
11501,785,8,0
11501,784,9,0
11501,783,10,0
11501,782,11,0
11501,781,12,0
11501,780,13,0
11501,284,14,0
11501,283,15,0
11501,286,16,0
11501,2662,17,0
11501,2755,18,0
11501,277,19,0
11501,755,20,0
11501,2127,21,0
11501,255,22,0
11501,253,23,0
11501,258,24,0
11501,260,25,0
11501,259,26,0
11501,252,27,0
11501,251,28,0
11501,257,29,0
11501,2168,30,0
11501,250,31,0
11501,262,32,0
11501,371,33,0
11501,370,34,0
11501,814,35,0
11501,2431,36,0
11501,2432,37,0
11501,2458,38,0
11501,189,39,0
11501,2169,40,0
11501,2162,41,0
11501,187,42,0
11501,193,43,0
11501,191,44,0
11501,194,45,0
11501,143,46,0
11501,190,47,0
11501,987,48,0
11501,2085,49,0
11501,2648,50,0
11501,2647,51,0
11501,2646,52,0
11501,2645,53,0
11501,2137,54,0
11501,2039,55,1
11600,2916,1,0
11600,2727,2,0
11600,406,3,0
11600,733,4,0
11600,457,5,0
11600,459,6,0
11600,460,7,0
11600,467,8,0
11600,466,9,0
11600,461,10,0
11600,468,11,0
11600,284,12,0
11600,283,13,0
11600,286,14,0
11600,2662,15,0
11600,2755,16,0
11600,277,17,0
11600,755,18,0
11600,2127,19,0
11600,255,20,0
11600,253,21,0
11600,258,22,0
11600,260,23,0
11600,259,24,0
11600,252,25,0
11600,251,26,0
11600,257,27,0
11600,2168,28,0
11600,250,29,0
11600,262,30,0
11600,371,31,0
11600,370,32,0
11600,814,33,0
11600,2431,34,0
11600,2432,35,0
11600,2458,36,0
11600,189,37,0
11600,2169,38,0
11600,2162,39,0
11600,187,40,0
11600,193,41,0
11600,191,42,0
11600,194,43,0
11600,143,44,0
11600,190,45,0
11600,192,46,0
11600,2568,47,0
11600,2966,48,0
11600,480,49,0
11600,479,50,0
11600,2968,51,0
11600,482,52,0
11600,2938,53,0
11600,481,54,0
11600,2725,55,0
11600,2560,56,0
11600,2557,57,0
11600,145,58,0
11600,146,59,0
11600,147,60,0
11600,148,61,0
11600,149,62,0
11600,150,63,0
11600,2621,64,1
11601,2621,1,0
11601,942,2,0
11601,151,3,0
11601,153,4,0
11601,154,5,0
11601,155,6,0
11601,156,7,0
11601,157,8,0
11601,2558,9,0
11601,2559,10,0
11601,2726,11,0
11601,1842,12,0
11601,2937,13,0
11601,1843,14,0
11601,2969,15,0
11601,1844,16,0
11601,1832,17,0
11601,2967,18,0
11601,1580,19,0
11601,1576,20,0
11601,1578,21,0
11601,1574,22,0
11601,1579,23,0
11601,142,24,0
11601,1581,25,0
11601,2169,26,0
11601,2162,27,0
11601,1577,28,0
11601,2459,29,0
11601,2433,30,0
11601,1303,31,0
11601,1305,32,0
11601,1742,33,0
11601,1743,34,0
11601,1635,35,0
11601,1643,36,0
11601,2110,37,0
11601,1637,38,0
11601,1638,39,0
11601,1639,40,0
11601,1640,41,0
11601,1642,42,0
11601,1641,43,0
11601,2124,44,0
11601,1240,45,0
11601,1656,46,0
11601,2756,47,0
11601,1663,48,0
11601,2284,49,0
11601,1662,50,0
11601,1664,51,0
11601,1821,52,0
11601,1822,53,0
11601,1827,54,0
11601,1819,55,0
11601,1828,56,0
11601,1823,57,0
11601,1776,58,0
11601,1773,59,0
11601,1775,60,0
11601,1774,61,0
11601,1778,62,0
11601,2915,63,1
11900,2097,1,0
11900,322,2,0
11900,726,3,0
11900,720,4,0
11900,1689,5,0
11900,741,6,0
11900,742,7,0
11900,740,8,0
11900,739,9,0
11900,1667,10,0
11900,1675,11,0
11900,769,12,0
11900,764,13,0
11900,768,14,0
11900,774,15,0
11900,767,16,0
11900,773,17,0
11900,766,18,0
11900,2933,19,0
11900,2934,20,0
11900,2935,21,0
11900,2927,22,0
11900,2926,23,0
11900,2925,24,0
11900,940,25,0
11900,934,26,0
11900,204,27,0
11900,202,28,0
11900,705,29,0
11900,704,30,0
11900,703,31,0
11900,2733,32,0
11900,701,33,0
11900,180,34,0
11900,179,35,0
11900,2641,36,0
11900,181,37,0
11900,2442,38,0
11900,2697,39,0
11900,2444,40,0
11900,2446,41,0
11900,2610,42,0
11900,2448,43,0
11900,2451,44,0
11900,2453,45,0
11900,2455,46,0
11900,2981,47,1
11901,2162,1,0
11901,2454,2,0
11901,2450,3,0
11901,2449,4,0
11901,2447,5,0
11901,2445,6,0
11901,2443,7,0
11901,1568,8,0
11901,2642,9,0
11901,1566,10,0
11901,1567,11,0
11901,1185,12,0
11901,1186,13,0
11901,1187,14,0
11901,1188,15,0
11901,1197,16,0
11901,1586,17,0
11901,1587,18,0
11901,1430,19,0
11901,1427,20,0
11901,2930,21,0
11901,2929,22,0
11901,2928,23,0
11901,2931,24,0
11901,2932,25,0
11901,3061,26,0
11901,1251,27,0
11901,1252,28,0
11901,1253,29,0
11901,1254,30,0
11901,1263,31,0
11901,1255,32,0
11901,1264,33,0
11901,1256,34,0
11901,291,35,0
11901,298,36,0
11901,1222,37,0
11901,1223,38,0
11901,1224,39,0
11901,1225,40,0
11901,306,41,0
11901,313,42,0
11901,1207,43,0
11901,1203,44,0
11901,1699,45,0
11901,2644,46,0
11901,2097,47,1
12000,2126,1,0
12000,255,2,0
12000,253,3,0
12000,258,4,0
12000,260,5,0
12000,259,6,0
12000,252,7,0
12000,251,8,0
12000,257,9,0
12000,2167,10,0
12000,269,11,0
12000,268,12,0
12000,264,13,0
12000,263,14,0
12000,1348,15,0
12000,1347,16,0
12000,436,17,0
12000,453,18,0
12000,1394,19,0
12000,1120,20,0
12000,1114,21,0
12000,1115,22,0
12000,1116,23,0
12000,2410,24,0
12000,2411,25,0
12000,2759,26,0
12000,2758,27,0
12000,2752,28,0
12000,2750,29,0
12000,308,30,0
12000,303,31,0
12000,2221,32,0
12000,2228,33,0
12000,3168,34,0
12000,3169,35,0
12000,3170,36,0
12000,3171,37,0
12000,2207,38,0
12000,2132,39,1
12001,2132,1,0
12001,288,2,0
12001,3164,3,0
12001,3165,4,0
12001,3166,5,0
12001,3167,6,0
12001,2211,7,0
12001,2222,8,0
12001,1680,9,0
12001,2749,10,0
12001,2751,11,0
12001,2757,12,0
12001,2406,13,0
12001,2407,14,0
12001,2408,15,0
12001,2409,16,0
12001,638,17,0
12001,630,18,0
12001,629,19,0
12001,899,20,0
12001,1815,21,0
12001,855,22,0
12001,856,23,0
12001,1649,24,0
12001,1646,25,0
12001,1648,26,0
12001,1650,27,0
12001,2970,28,0
12001,2109,29,0
12001,1637,30,0
12001,1638,31,0
12001,1639,32,0
12001,1640,33,0
12001,1642,34,0
12001,1641,35,0
12001,2126,36,1
13000,1436,1,0
13000,1435,2,0
13000,408,3,0
13000,2727,4,0
13000,1166,5,0
13000,1167,6,0
13000,1168,7,0
13000,1170,8,0
13000,488,9,0
13000,1056,10,0
13000,1054,11,0
13000,1058,12,0
13000,1380,13,0
13000,1379,14,0
13000,273,15,0
13000,271,16,0
13000,270,17,0
13000,274,18,0
13000,2089,19,0
13000,2875,20,0
13000,37,21,0
13000,3160,22,0
13000,772,23,0
13000,2618,24,0
13000,771,25,0
13000,775,26,0
13000,770,27,0
13000,307,28,0
13000,311,29,0
13000,82,30,0
13000,1401,31,0
13000,325,32,0
13000,322,33,0
13000,726,34,0
13000,720,35,0
13000,719,36,0
13000,718,37,0
13000,725,38,0
13000,2921,39,0
13000,289,40,0
13000,714,41,0
13000,711,42,0
13000,710,43,0
13000,709,44,0
13000,83,45,0
13000,257,46,0
13000,2035,47,1
13001,2177,1,0
13001,1637,2,0
13001,1191,3,0
13001,1196,4,0
13001,1192,5,0
13001,1193,6,0
13001,1666,7,0
13001,2922,8,0
13001,1206,9,0
13001,1202,10,0
13001,1209,11,0
13001,1207,12,0
13001,1203,13,0
13001,1699,14,0
13001,2644,15,0
13001,1694,16,0
13001,906,17,0
13001,907,18,0
13001,1684,19,0
13001,1686,20,0
13001,1257,21,0
13001,1258,22,0
13001,1259,23,0
13001,1260,24,0
13001,1261,25,0
13001,39,26,0
13001,40,27,0
13001,41,28,0
13001,2875,29,0
13001,2405,30,0
13001,1710,31,0
13001,1708,32,0
13001,1709,33,0
13001,1707,34,0
13001,881,35,0
13001,880,36,0
13001,575,37,0
13001,576,38,0
13001,1849,39,0
13001,1848,40,0
13001,681,41,0
13001,683,42,0
13001,682,43,0
13001,1774,44,0
13001,1778,45,0
13001,2915,46,1
19600,2162,1,0
19600,1577,2,0
19600,2459,3,0
19600,2433,4,0
19600,1303,5,0
19600,1305,6,0
19600,2427,7,0
19600,2426,8,0
19600,2429,9,0
19600,2975,10,0
19600,1616,11,0
19600,1623,12,0
19600,1617,13,0
19600,1618,14,0
19600,1625,15,0
19600,1619,16,0
19600,1620,17,0
19600,1621,18,0
19600,1622,19,0
19600,1840,20,0
19600,1286,21,0
19600,1769,22,0
19600,1768,23,0
19600,1096,24,0
19600,1095,25,0
19600,1093,26,0
19600,1094,27,0
19600,1778,28,0
19600,2915,29,1
19601,2918,1,0
19601,2727,2,0
19601,609,3,0
19601,606,4,0
19601,608,5,0
19601,605,6,0
19601,607,7,0
19601,399,8,0
19601,400,9,0
19601,794,10,0
19601,478,11,0
19601,238,12,0
19601,234,13,0
19601,233,14,0
19601,232,15,0
19601,235,16,0
19601,231,17,0
19601,230,18,0
19601,237,19,0
19601,239,20,0
19601,236,21,0
19601,2974,22,0
19601,2428,23,0
19601,2425,24,0
19601,2430,25,0
19601,814,26,0
19601,2431,27,0
19601,2432,28,0
19601,2458,29,0
19601,189,30,0
19601,2169,31,0
19601,2981,32,1
20100,1847,1,0
20100,1448,2,0
20100,2090,3,0
20100,1450,4,0
20100,1447,5,0
20100,2762,6,0
20100,2891,7,0
20100,2890,8,0
20100,2477,9,0
20100,2729,10,0
20100,2474,11,0
20100,2480,12,0
20100,1522,13,0
20100,23,14,0
20100,1527,15,0
20100,1529,16,0
20100,1526,17,0
20100,1531,18,0
20100,1528,19,0
20100,1530,20,0
20100,1525,21,0
20100,1524,22,0
20100,1523,23,0
20100,1328,24,0
20100,1318,25,0
20100,2886,26,0
20100,2342,27,0
20100,2367,28,0
20100,2106,29,0
20100,2457,30,0
20100,2997,31,0
20100,2998,32,0
20100,2999,33,0
20100,3000,34,0
20100,2162,35,0
20100,2035,36,1
20101,2120,1,0
20101,2162,2,0
20101,3062,3,0
20101,2993,4,0
20101,2994,5,0
20101,2995,6,0
20101,3004,7,0
20101,2456,8,0
20101,2104,9,0
20101,2365,10,0
20101,2768,11,0
20101,2887,12,0
20101,827,13,0
20101,836,14,0
20101,1034,15,0
20101,1026,16,0
20101,1027,17,0
20101,1035,18,0
20101,1033,19,0
20101,1028,20,0
20101,1029,21,0
20101,1030,22,0
20101,1031,23,0
20101,1032,24,0
20101,2690,25,0
20101,2479,26,0
20101,2473,27,0
20101,3073,28,0
20101,2728,29,0
20101,2478,30,0
20101,2888,31,0
20101,2889,32,0
20101,954,33,0
20101,959,34,0
20101,960,35,0
20101,955,36,0
20101,956,37,0
20101,2058,38,1
20200,1847,1,0
20200,1448,2,0
20200,2090,3,0
20200,1450,4,0
20200,1447,5,0
20200,183,6,0
20200,185,7,0
20200,182,8,0
20200,186,9,0
20200,184,10,0
20200,1173,11,0
20200,1182,12,0
20200,1184,13,0
20200,1177,14,0
20200,1176,15,0
20200,1175,16,0
20200,1180,17,0
20200,1181,18,0
20200,1179,19,0
20200,1183,20,0
20200,1178,21,0
20200,1174,22,0
20200,1443,23,0
20200,1445,24,0
20200,1444,25,0
20200,1522,26,0
20200,23,27,0
20200,1527,28,0
20200,1529,29,0
20200,1526,30,0
20200,1531,31,0
20200,1528,32,0
20200,1530,33,0
20200,1525,34,0
20200,1524,35,0
20200,1523,36,0
20200,1328,37,0
20200,1318,38,0
20200,2886,39,0
20200,2342,40,0
20200,2367,41,0
20200,2106,42,0
20200,2457,43,0
20200,2997,44,0
20200,2998,45,0
20200,2999,46,0
20200,3000,47,0
20200,2162,48,0
20200,2035,49,1
20201,2120,1,0
20201,2162,2,0
20201,3062,3,0
20201,2993,4,0
20201,2994,5,0
20201,2995,6,0
20201,3004,7,0
20201,2456,8,0
20201,2104,9,0
20201,2365,10,0
20201,2768,11,0
20201,2887,12,0
20201,827,13,0
20201,836,14,0
20201,1034,15,0
20201,1026,16,0
20201,1027,17,0
20201,1035,18,0
20201,1033,19,0
20201,1028,20,0
20201,1029,21,0
20201,1030,22,0
20201,1031,23,0
20201,1032,24,0
20201,950,25,0
20201,951,26,0
20201,696,27,0
20201,697,28,0
20201,688,29,0
20201,689,30,0
20201,690,31,0
20201,691,32,0
20201,692,33,0
20201,693,34,0
20201,694,35,0
20201,695,36,0
20201,698,37,0
20201,699,38,0
20201,1570,39,0
20201,1569,40,0
20201,1571,41,0
20201,1572,42,0
20201,954,43,0
20201,959,44,0
20201,960,45,0
20201,955,46,0
20201,956,47,0
20201,2058,48,1
20900,2665,1,0
20900,995,2,0
20900,994,3,0
20900,3076,4,0
20900,3110,5,0
20900,2495,6,0
20900,2497,7,0
20900,2498,8,0
20900,1732,9,0
20900,1730,10,0
20900,1731,11,0
20900,1720,12,0
20900,1721,13,0
20900,2465,14,0
20900,3060,15,0
20900,2194,16,0
20900,2195,17,0
20900,2196,18,0
20900,2340,19,0
20900,2675,20,0
20900,3149,21,0
20900,956,22,0
20900,2058,23,1
20901,1847,1,0
20901,1594,2,0
20901,2675,3,0
20901,2503,4,0
20901,2198,5,0
20901,2199,6,0
20901,2200,7,0
20901,21,8,0
20901,343,9,0
20901,344,10,0
20901,342,11,0
20901,358,12,0
20901,357,13,0
20901,359,14,0
20901,356,15,0
20901,3093,16,0
20901,2494,17,0
20901,2493,18,0
20901,2491,19,0
20901,3096,20,0
20901,3075,21,0
20901,1491,22,0
20901,1492,23,0
20901,2982,24,1
22000,486,1,0
22000,953,2,0
22000,958,3,0
22000,2530,4,0
22000,2531,5,0
22000,2521,6,0
22000,2625,7,0
22000,2522,8,0
22000,2528,9,0
22000,2529,10,0
22000,265,11,0
22000,266,12,0
22000,2626,13,0
22000,267,14,0
22000,595,15,0
22000,840,16,0
22000,2569,17,0
22000,1037,18,0
22000,1550,19,0
22000,1549,20,0
22000,930,21,0
22000,2849,22,0
22000,834,23,1
22001,2418,1,0
22001,2846,2,0
22001,2847,3,0
22001,161,4,0
22001,162,5,0
22001,1535,6,0
22001,2570,7,0
22001,1652,8,0
22001,2143,9,0
22001,1647,10,0
22001,2627,11,0
22001,1651,12,0
22001,2525,13,0
22001,2524,14,0
22001,2523,15,0
22001,2527,16,0
22001,2624,17,0
22001,2526,18,0
22001,2623,19,0
22001,1611,20,0
22001,2482,21,0
22001,1451,22,0
22001,2520,23,0
22001,1453,24,0
22001,2058,25,1
22200,1786,1,0
22200,1033,2,0
22200,416,3,0
22200,417,4,0
22200,423,5,0
22200,415,6,0
22200,1230,7,0
22200,1233,8,0
22200,1232,9,0
22200,3093,10,0
22200,2494,11,0
22200,2493,12,0
22200,2491,13,0
22200,3092,14,0
22200,3091,15,0
22200,3090,16,0
22200,3089,17,0
22200,3088,18,0
22200,3083,19,0
22200,3084,20,0
22200,3085,21,0
22200,3086,22,0
22200,2946,23,0
22200,2947,24,0
22200,2948,25,0
22200,2463,26,0
22200,2721,27,0
22200,2739,28,0
22200,2511,29,0
22200,2515,30,0
22200,2675,31,0
22200,2503,32,0
22200,2198,33,0
22200,2199,34,0
22200,2200,35,0
22200,3060,36,0
22200,1,37,0
22200,7,38,0
22200,2616,39,0
22200,2612,40,0
22200,2613,41,0
22200,9,42,0
22200,2615,43,0
22200,2201,44,0
22200,2202,45,0
22200,2203,46,0
22200,2204,47,0
22200,2956,48,0
22200,2205,49,0
22200,10,50,1
22201,10,1,0
22201,2955,2,0
22201,2957,3,0
22201,12,4,0
22201,13,5,0
22201,14,6,0
22201,15,7,0
22201,2614,8,0
22201,17,9,0
22201,2611,10,0
22201,18,11,0
22201,19,12,0
22201,3060,13,0
22201,2194,14,0
22201,2195,15,0
22201,2196,16,0
22201,2340,17,0
22201,2675,18,0
22201,2503,19,0
22201,2354,20,0
22201,2368,21,0
22201,2358,22,0
22201,2461,23,0
22201,2949,24,0
22201,2950,25,0
22201,3109,26,0
22201,3097,27,0
22201,3098,28,0
22201,3099,29,0
22201,3100,30,0
22201,3101,31,0
22201,3102,32,0
22201,3103,33,0
22201,3104,34,0
22201,3105,35,0
22201,3106,36,0
22201,2495,37,0
22201,2497,38,0
22201,2498,39,0
22201,3107,40,0
22201,85,41,0
22201,749,42,0
22201,1791,43,0
22201,1794,44,0
22201,1790,45,0
22201,1788,46,0
22201,1787,47,0
22201,1786,48,0
22201,1033,49,1
22700,2668,1,0
22700,1741,2,0
22700,1748,3,0
22700,2977,4,0
22700,2327,5,0
22700,2328,6,0
22700,2330,7,0
22700,2905,8,0
22700,905,9,0
22700,2460,10,0
22700,953,11,0
22700,958,12,0
22700,2530,13,0
22700,1490,14,0
22700,1049,15,1
22701,1490,1,0
22701,1049,2,0
22701,2482,3,0
22701,1451,4,0
22701,2520,5,0
22701,1453,6,0
22701,1449,7,0
22701,1594,8,0
22701,2490,9,0
22701,2517,10,0
22701,2465,11,0
22701,1397,12,0
22701,2327,13,0
22701,2328,14,0
22701,2330,15,0
22701,2905,16,0
22701,2484,17,0
22701,2668,18,0
22701,1741,19,0
22701,1748,20,0
22701,2977,21,1
23000,2864,1,0
23000,886,2,0
23000,926,3,0
23000,927,4,0
23000,1845,5,0
23000,1873,6,0
23000,1865,7,0
23000,1874,8,0
23000,1871,9,0
23000,1875,10,0
23000,1864,11,0
23000,1888,12,0
23000,1866,13,0
23000,1887,14,0
23000,1863,15,0
23000,1879,16,0
23000,1877,17,0
23000,1882,18,0
23000,1889,19,0
23000,1869,20,0
23000,1891,21,0
23000,1880,22,0
23000,1881,23,0
23000,1862,24,0
23000,1884,25,0
23000,1868,26,0
23000,1883,27,0
23000,1872,28,0
23000,1870,29,0
23000,1878,30,0
23000,2248,31,0
23000,1867,32,0
23000,1885,33,0
23000,1755,34,0
23000,2418,35,0
23000,2846,36,0
23000,2847,37,0
23000,161,38,0
23000,162,39,0
23000,1535,40,0
23000,2570,41,0
23000,1652,42,0
23000,2143,43,0
23000,1647,44,0
23000,2627,45,0
23000,1651,46,0
23000,2525,47,0
23000,2524,48,0
23000,2523,49,0
23000,2527,50,0
23000,2624,51,0
23000,2526,52,0
23000,2623,53,0
23000,1611,54,0
23000,2482,55,0
23000,1451,56,0
23000,2520,57,0
23000,1453,58,0
23000,2058,59,1
23001,486,1,0
23001,953,2,0
23001,958,3,0
23001,2530,4,0
23001,2531,5,0
23001,2521,6,0
23001,2625,7,0
23001,2522,8,0
23001,2528,9,0
23001,2529,10,0
23001,265,11,0
23001,266,12,0
23001,2626,13,0
23001,267,14,0
23001,595,15,0
23001,840,16,0
23001,2569,17,0
23001,1037,18,0
23001,1550,19,0
23001,1549,20,0
23001,930,21,0
23001,2849,22,0
23001,834,23,0
23001,384,24,0
23001,518,25,0
23001,504,26,0
23001,505,27,0
23001,506,28,0
23001,513,29,0
23001,521,30,0
23001,519,31,0
23001,524,32,0
23001,507,33,0
23001,527,34,0
23001,508,35,0
23001,499,36,0
23001,516,37,0
23001,514,38,0
23001,509,39,0
23001,510,40,0
23001,515,41,0
23001,528,42,0
23001,500,43,0
23001,522,44,0
23001,520,45,0
23001,502,46,0
23001,529,47,0
23001,517,48,0
23001,501,49,0
23001,511,50,0
23001,523,51,0
23001,525,52,0
23001,526,53,0
23001,22,54,0
23001,483,55,0
23001,1420,56,0
23001,1419,57,0
23001,1354,58,0
23001,886,59,0
23001,2864,60,1
24000,2554,1,0
24000,2555,2,0
24000,336,3,0
24000,333,4,0
24000,335,5,0
24000,334,6,0
24000,340,7,0
24000,2936,8,0
24000,2960,9,0
24000,2961,10,0
24000,1246,11,0
24000,1244,12,0
24000,1245,13,0
24000,1243,14,0
24000,36,15,0
24000,332,16,0
24000,1407,17,0
24000,1405,18,0
24000,1406,19,0
24000,1410,20,0
24000,1409,21,0
24000,1403,22,0
24000,2965,23,0
24000,1408,24,0
24000,2472,25,0
24000,445,26,0
24000,444,27,0
24000,447,28,0
24000,449,29,0
24000,451,30,0
24000,442,31,0
24000,450,32,0
24000,446,33,0
24000,452,34,0
24000,443,35,0
24000,448,36,0
24000,209,37,0
24000,206,38,0
24000,205,39,0
24000,3121,40,0
24000,207,41,0
24000,956,42,0
24000,2058,43,1
24001,486,1,0
24001,1594,2,0
24001,1592,3,0
24001,3122,4,0
24001,2619,5,0
24001,1591,6,0
24001,1593,7,0
24001,1595,8,0
24001,1812,9,0
24001,1806,10,0
24001,1808,11,0
24001,1814,12,0
24001,1809,13,0
24001,1810,14,0
24001,1813,15,0
24001,1807,16,0
24001,1811,17,0
24001,2923,18,0
24001,916,19,0
24001,2964,20,0
24001,917,21,0
24001,915,22,0
24001,913,23,0
24001,914,24,0
24001,912,25,0
24001,911,26,0
24001,1711,27,0
24001,477,28,0
24001,762,29,0
24001,760,30,0
24001,761,31,0
24001,2963,32,0
24001,2962,33,0
24001,2939,34,0
24001,1717,35,0
24001,2959,36,0
24001,2550,37,0
24001,2551,38,0
24001,2552,39,0
24001,2553,40,0
24001,2554,41,1
24700,2668,1,0
24700,1741,2,0
24700,1748,3,0
24700,2977,4,0
24700,2327,5,0
24700,2328,6,0
24700,2330,7,0
24700,2905,8,0
24700,904,9,0
24700,929,10,0
24700,1244,11,0
24700,1245,12,0
24700,1243,13,0
24700,36,14,0
24700,791,15,0
24700,1711,16,1
24701,791,1,0
24701,1711,2,0
24701,477,3,0
24701,762,4,0
24701,760,5,0
24701,531,6,0
24701,1398,7,0
24701,2327,8,0
24701,2328,9,0
24701,2330,10,0
24701,2905,11,0
24701,2484,12,0
24701,2668,13,0
24701,1741,14,0
24701,1748,15,0
24701,2977,16,1
27000,2668,1,0
27000,1741,2,0
27000,1748,3,0
27000,2977,4,0
27000,2327,5,0
27000,2328,6,0
27000,2330,7,0
27000,3072,8,0
27000,2365,9,0
27000,2344,10,0
27000,3006,11,0
27000,1314,12,0
27000,2987,13,0
27000,3126,14,0
27000,3123,15,0
27000,2607,16,0
27000,3128,17,0
27000,1353,18,0
27000,1351,19,0
27000,1350,20,0
27000,1352,21,0
27000,242,22,0
27000,241,23,0
27000,243,24,0
27000,244,25,0
27000,369,26,0
27000,564,27,0
27000,563,28,0
27000,552,29,0
27000,1928,30,0
27000,549,31,0
27000,553,32,0
27000,557,33,0
27000,1923,34,0
27000,556,35,0
27000,554,36,0
27000,555,37,0
27000,558,38,0
27000,639,39,0
27000,548,40,0
27000,550,41,0
27000,551,42,0
27000,560,43,0
27000,570,44,0
27000,439,45,0
27000,440,46,0
27000,1053,47,1
27001,570,1,0
27001,439,2,0
27001,440,3,0
27001,1053,4,0
27001,1914,5,0
27001,1913,6,0
27001,1916,7,0
27001,1925,8,0
27001,1921,9,0
27001,1929,10,0
27001,1830,11,0
27001,778,12,0
27001,1123,13,0
27001,1912,14,0
27001,1917,15,0
27001,1923,16,0
27001,1918,17,0
27001,1920,18,0
27001,1915,19,0
27001,1928,20,0
27001,1922,21,0
27001,1926,22,0
27001,1927,23,0
27001,1740,24,0
27001,1628,25,0
27001,3131,26,0
27001,1629,27,0
27001,1626,28,0
27001,858,29,0
27001,859,30,0
27001,860,31,0
27001,857,32,0
27001,3127,33,0
27001,2606,34,0
27001,3124,35,0
27001,2988,36,0
27001,2989,37,0
27001,825,38,0
27001,2906,39,0
27001,2344,40,0
27001,2367,41,0
27001,2327,42,0
27001,2328,43,0
27001,2330,44,0
27001,2905,45,0
27001,2484,46,0
27001,2668,47,0
27001,1741,48,0
27001,1748,49,0
27001,2977,50,0
27001,2861,51,1
27100,2668,1,0
27100,1741,2,0
27100,1748,3,0
27100,2977,4,0
27100,2327,5,0
27100,2328,6,0
27100,2330,7,0
27100,3072,8,0
27100,2365,9,0
27100,2344,10,0
27100,3006,11,0
27100,1314,12,0
27100,2987,13,0
27100,3126,14,0
27100,3123,15,0
27100,2607,16,0
27100,3128,17,0
27100,1353,18,0
27100,1351,19,0
27100,1350,20,0
27100,1352,21,0
27100,242,22,0
27100,241,23,0
27100,243,24,0
27100,244,25,0
27100,369,26,0
27100,564,27,0
27100,563,28,0
27100,552,29,0
27100,1928,30,0
27100,1073,31,0
27100,1070,32,0
27100,2598,33,0
27100,3067,34,0
27100,2603,35,0
27100,3065,36,0
27100,188,37,0
27100,2865,38,0
27100,458,39,0
27100,2231,40,0
27100,2580,41,0
27100,2582,42,0
27100,3071,43,0
27100,553,44,0
27100,557,45,0
27100,1923,46,0
27100,556,47,0
27100,554,48,0
27100,555,49,0
27100,558,50,0
27100,639,51,0
27100,548,52,0
27100,550,53,0
27100,551,54,0
27100,560,55,0
27100,570,56,0
27100,439,57,0
27100,440,58,0
27100,1053,59,1
27101,570,1,0
27101,439,2,0
27101,440,3,0
27101,1053,4,0
27101,1914,5,0
27101,1913,6,0
27101,1916,7,0
27101,1925,8,0
27101,1921,9,0
27101,1830,10,0
27101,778,11,0
27101,1123,12,0
27101,1912,13,0
27101,1917,14,0
27101,1923,15,0
27101,1918,16,0
27101,3068,17,0
27101,3069,18,0
27101,1826,19,0
27101,2583,20,0
27101,2581,21,0
27101,2578,22,0
27101,28,23,0
27101,2866,24,0
27101,1583,25,0
27101,3064,26,0
27101,2602,27,0
27101,3066,28,0
27101,2599,29,0
27101,589,30,0
27101,585,31,0
27101,1915,32,0
27101,1928,33,0
27101,1922,34,0
27101,1926,35,0
27101,1927,36,0
27101,1740,37,0
27101,1628,38,0
27101,3131,39,0
27101,1629,40,0
27101,1626,41,0
27101,858,42,0
27101,859,43,0
27101,860,44,0
27101,857,45,0
27101,3127,46,0
27101,2606,47,0
27101,3124,48,0
27101,2988,49,0
27101,2989,50,0
27101,825,51,0
27101,2906,52,0
27101,2861,53,1
28000,890,1,0
28000,1932,2,0
28000,1933,3,0
28000,1934,4,0
28000,2628,5,0
28000,1904,6,0
28000,3152,7,0
28000,3153,8,0
28000,3154,9,0
28000,1902,10,0
28000,1897,11,0
28000,1895,12,0
28000,1899,13,0
28000,1898,14,0
28000,1900,15,0
28000,1893,16,0
28000,1896,17,0
28000,1894,18,0
28000,1387,19,0
28000,1386,20,0
28000,1385,21,0
28000,2579,22,0
28000,2576,23,0
28000,2575,24,0
28000,2573,25,0
28000,1633,26,0
28000,1632,27,0
28000,1631,28,0
28000,1630,29,0
28000,1805,30,0
28000,1816,31,0
28000,1817,32,0
28000,1491,33,0
28000,1492,34,0
28000,2666,35,0
28000,2669,36,0
28000,2670,37,0
28000,2671,38,0
28000,3108,39,0
28000,1833,40,0
28000,3118,41,0
28000,3120,42,0
28000,1290,43,0
28000,1288,44,0
28000,1289,45,0
28000,3116,46,0
28000,3115,47,0
28000,3082,48,0
28000,2906,49,0
28000,2344,50,0
28000,2367,51,0
28000,2327,52,0
28000,2328,53,0
28000,2330,54,0
28000,2905,55,0
28000,2484,56,0
28000,2668,57,0
28000,1741,58,0
28000,1748,59,0
28000,2977,60,0
28000,2861,61,1
28001,2668,1,0
28001,1741,2,0
28001,1748,3,0
28001,2977,4,0
28001,2327,5,0
28001,2328,6,0
28001,2330,7,0
28001,3072,8,0
28001,2365,9,0
28001,2342,10,0
28001,3006,11,0
28001,3087,12,0
28001,3114,13,0
28001,3117,14,0
28001,800,15,0
28001,2532,16,0
28001,801,17,0
28001,3113,18,0
28001,3119,19,0
28001,469,20,0
28001,2666,21,0
28001,2669,22,0
28001,2670,23,0
28001,2671,24,0
28001,3108,25,0
28001,995,26,0
28001,454,27,0
28001,456,28,0
28001,455,29,0
28001,441,30,0
28001,245,31,0
28001,248,32,0
28001,249,33,0
28001,2225,34,0
28001,2574,35,0
28001,2577,36,0
28001,581,37,0
28001,888,38,0
28001,889,39,0
28001,887,40,0
28001,532,41,0
28001,534,42,0
28001,539,43,0
28001,533,44,0
28001,536,45,0
28001,540,46,0
28001,538,47,0
28001,541,48,0
28001,537,49,0
28001,3150,50,0
28001,3151,51,0
28001,3155,52,0
28001,543,53,0
28001,544,54,0
28001,2622,55,0
28001,1302,56,0
28001,1839,57,0
28001,890,58,1
40200,640,1,0
40200,635,2,0
40200,2638,3,0
40200,641,4,0
40200,2976,5,0
40200,473,6,0
40200,430,7,0
40200,431,8,0
40200,2035,9,1
40201,2544,1,0
40201,1909,2,0
40201,1908,3,0
40201,1907,4,0
40201,1079,5,0
40201,2909,6,0
40201,2631,7,0
40201,2349,8,1
40500,640,1,0
40500,635,2,0
40500,2638,3,0
40500,641,4,0
40500,2976,5,0
40500,473,6,0
40500,430,7,0
40500,431,8,0
40500,2673,9,0
40500,1677,10,0
40500,1667,11,0
40500,1013,12,0
40500,1012,13,0
40500,1242,14,1
40501,1242,1,0
40501,1508,2,0
40501,298,3,0
40501,290,4,0
40501,1909,5,0
40501,1908,6,0
40501,1907,7,0
40501,1079,8,0
40501,2909,9,0
40501,2631,10,0
40501,2349,11,1
41000,640,1,0
41000,635,2,0
41000,2638,3,0
41000,641,4,0
41000,2976,5,0
41000,473,6,0
41000,430,7,0
41000,431,8,0
41000,2766,9,0
41000,2163,10,0
41000,3062,11,0
41000,2993,12,0
41000,2994,13,0
41000,2995,14,0
41000,3004,15,0
41000,2456,16,0
41000,2038,17,1
41001,2105,1,0
41001,2457,2,0
41001,2997,3,0
41001,2998,4,0
41001,2999,5,0
41001,3000,6,0
41001,2765,7,0
41001,1909,8,0
41001,1908,9,0
41001,1907,10,0
41001,1079,11,0
41001,2909,12,0
41001,2631,13,0
41001,2349,14,1
41200,1909,1,0
41200,1908,2,0
41200,1907,3,0
41200,1079,4,0
41200,2909,5,0
41200,2631,6,0
41200,567,7,0
41200,546,8,0
41200,685,9,0
41200,165,10,0
41200,169,11,0
41200,2092,12,0
41200,3016,13,0
41200,171,14,0
41200,172,15,0
41200,173,16,0
41200,3129,17,0
41200,174,18,0
41200,175,19,0
41200,32,20,0
41200,140,21,0
41200,141,22,0
41200,152,23,0
41200,144,24,0
41200,145,25,0
41200,146,26,0
41200,147,27,0
41200,148,28,0
41200,149,29,0
41200,150,30,1
41201,151,1,0
41201,153,2,0
41201,154,3,0
41201,155,4,0
41201,156,5,0
41201,157,6,0
41201,158,7,0
41201,159,8,0
41201,942,9,0
41201,1565,10,0
41201,1562,11,0
41201,1560,12,0
41201,3130,13,0
41201,1559,14,0
41201,1558,15,0
41201,1557,16,0
41201,1564,17,0
41201,2249,18,0
41201,2137,19,0
41201,2092,20,0
41201,1552,21,0
41201,2290,22,0
41201,635,23,0
41201,2638,24,0
41201,641,25,0
41201,2976,26,0
41201,473,27,0
41201,476,28,1
41300,1909,1,0
41300,1908,2,0
41300,1907,3,0
41300,1079,4,0
41300,2909,5,0
41300,2631,6,0
41300,567,7,0
41300,546,8,0
41300,685,9,0
41300,2766,10,0
41300,2164,11,0
41300,1577,12,0
41300,1575,13,0
41300,1573,14,1
41301,197,1,0
41301,189,2,0
41301,2169,3,0
41301,2164,4,0
41301,2765,5,0
41301,2290,6,0
41301,635,7,0
41301,2638,8,0
41301,641,9,0
41301,2976,10,0
41301,473,11,0
41301,476,12,1
41500,640,1,0
41500,635,2,0
41500,2638,3,0
41500,641,4,0
41500,2976,5,0
41500,473,6,0
41500,430,7,0
41500,431,8,0
41500,2766,9,0
41500,2164,10,0
41500,1577,11,0
41500,1575,12,0
41500,1573,13,0
41500,2873,14,0
41500,613,15,0
41500,611,16,0
41500,614,17,1
41501,1097,1,0
41501,1098,2,0
41501,2872,3,0
41501,197,4,0
41501,189,5,0
41501,2169,6,0
41501,2164,7,0
41501,2765,8,0
41501,1909,9,0
41501,1908,10,0
41501,1907,11,0
41501,1079,12,0
41501,2909,13,0
41501,2631,14,0
41501,2349,15,1
41600,1909,1,0
41600,1908,2,0
41600,1907,3,0
41600,1079,4,0
41600,2909,5,0
41600,2631,6,0
41600,567,7,0
41600,546,8,0
41600,685,9,0
41600,2862,10,0
41600,2661,11,0
41600,1017,12,0
41600,1704,13,0
41600,1703,14,0
41600,1705,15,0
41600,1851,16,0
41600,1850,17,0
41600,1853,18,0
41600,1849,19,0
41600,1848,20,0
41600,681,21,0
41600,683,22,0
41600,682,23,0
41600,1774,24,0
41600,1778,25,0
41600,2915,26,1
41601,2917,1,0
41601,2727,2,0
41601,1166,3,0
41601,1167,4,0
41601,1168,5,0
41601,1170,6,0
41601,488,7,0
41601,487,8,0
41601,493,9,0
41601,489,10,0
41601,491,11,0
41601,326,12,0
41601,327,13,0
41601,328,14,0
41601,272,15,0
41601,490,16,0
41601,492,17,0
41601,2290,18,0
41601,635,19,0
41601,2638,20,0
41601,641,21,0
41601,2976,22,0
41601,473,23,0
41601,476,24,1
41700,640,1,0
41700,635,2,0
41700,2638,3,0
41700,641,4,0
41700,2976,5,0
41700,473,6,0
41700,430,7,0
41700,431,8,0
41700,970,9,0
41700,966,10,0
41700,969,11,0
41700,974,12,0
41700,975,13,0
41700,965,14,0
41700,964,15,0
41700,963,16,0
41700,973,17,0
41700,967,18,0
41700,972,19,0
41700,968,20,0
41700,1785,21,1
41701,1465,1,0
41701,1455,2,0
41701,1472,3,0
41701,1470,4,0
41701,1468,5,0
41701,1469,6,0
41701,1456,7,0
41701,1457,8,0
41701,1458,9,0
41701,1459,10,0
41701,1466,11,0
41701,1461,12,0
41701,1464,13,0
41701,1462,14,0
41701,1460,15,0
41701,1467,16,0
41701,1909,17,0
41701,1908,18,0
41701,1907,19,0
41701,1079,20,0
41701,2909,21,0
41701,2631,22,0
41701,2349,23,1
42100,1909,1,0
42100,1908,2,0
42100,1907,3,0
42100,1079,4,0
42100,2909,5,0
42100,2631,6,0
42100,567,7,0
42100,546,8,0
42100,685,9,0
42100,2115,10,0
42100,2490,11,0
42100,2517,12,0
42100,2882,13,1
42101,3001,1,0
42101,2490,2,0
42101,2517,3,0
42101,2465,4,0
42101,1397,5,0
42101,2543,6,0
42101,2290,7,0
42101,635,8,0
42101,2638,9,0
42101,641,10,0
42101,2976,11,0
42101,473,12,0
42101,476,13,1
42200,640,1,0
42200,635,2,0
42200,2638,3,0
42200,641,4,0
42200,2976,5,0
42200,473,6,0
42200,430,7,0
42200,431,8,0
42200,2115,9,0
42200,905,10,0
42200,904,11,0
42200,929,12,0
42200,1244,13,0
42200,1245,14,0
42200,1243,15,0
42200,36,16,0
42200,791,17,0
42200,1711,18,1
42201,791,1,0
42201,1711,2,0
42201,477,3,0
42201,762,4,0
42201,760,5,0
42201,531,6,0
42201,1398,7,0
42201,1397,8,0
42201,2544,9,0
42201,1909,10,0
42201,1908,11,0
42201,1907,12,0
42201,1079,13,0
42201,2909,14,0
42201,2631,15,0
42201,2349,16,1
42400,640,1,0
42400,635,2,0
42400,2638,3,0
42400,641,4,0
42400,2976,5,0
42400,473,6,0
42400,476,7,0
42400,498,8,0
42400,497,9,0
42400,2850,10,0
42400,2704,11,0
42400,188,12,0
42400,2865,13,0
42400,587,14,0
42400,586,15,0
42400,588,16,0
42400,589,17,0
42400,585,18,0
42400,1915,19,0
42400,1928,20,0
42400,1922,21,0
42400,1926,22,0
42400,1927,23,0
42400,1740,24,0
42400,1628,25,0
42400,3131,26,0
42400,1629,27,0
42400,1626,28,0
42400,858,29,0
42400,859,30,0
42400,860,31,0
42400,857,32,0
42400,3127,33,0
42400,861,34,1
42401,1349,1,0
42401,3128,2,0
42401,1353,3,0
42401,1351,4,0
42401,1350,5,0
42401,1352,6,0
42401,242,7,0
42401,241,8,0
42401,243,9,0
42401,244,10,0
42401,369,11,0
42401,564,12,0
42401,563,13,0
42401,552,14,0
42401,1928,15,0
42401,1073,16,0
42401,1070,17,0
42401,1071,18,0
42401,1072,19,0
42401,28,20,0
42401,2866,21,0
42401,1583,22,0
42401,2705,23,0
42401,2851,24,0
42401,1859,25,0
42401,1860,26,0
42401,1909,27,0
42401,1908,28,0
42401,1907,29,0
42401,1079,30,0
42401,2909,31,0
42401,2631,32,0
42401,2349,33,1
42500,1909,1,0
42500,1908,2,0
42500,1907,3,0
42500,1079,4,0
42500,2909,5,0
42500,2631,6,0
42500,567,7,0
42500,546,8,0
42500,685,9,0
42500,2543,10,0
42500,3087,11,0
42500,3114,12,0
42500,3117,13,0
42500,800,14,0
42500,2532,15,0
42500,801,16,0
42500,3113,17,0
42500,3119,18,0
42500,469,19,0
42500,2665,20,0
42500,2669,21,0
42500,2670,22,0
42500,2671,23,1
42501,2665,1,0
42501,2669,2,0
42501,2670,3,0
42501,2671,4,0
42501,3108,5,0
42501,1833,6,0
42501,3118,7,0
42501,3120,8,0
42501,1290,9,0
42501,1288,10,0
42501,1289,11,0
42501,3116,12,0
42501,3115,13,0
42501,3082,14,0
42501,2543,15,0
42501,2290,16,0
42501,635,17,0
42501,2638,18,0
42501,641,19,0
42501,2976,20,0
42501,473,21,0
42501,476,22,1
43500,1909,1,0
43500,1908,2,0
43500,1907,3,0
43500,1079,4,0
43500,2909,5,0
43500,2631,6,0
43500,567,7,0
43500,546,8,0
43500,685,9,0
43500,2766,10,0
43500,2132,11,0
43500,986,12,0
43500,985,13,0
43500,984,14,0
43500,990,15,0
43500,983,16,0
43500,982,17,0
43500,981,18,0
43500,979,19,0
43500,977,20,0
43500,988,21,0
43500,1580,22,1
43501,1474,1,0
43501,1486,2,0
43501,1483,3,0
43501,2863,4,0
43501,1476,5,0
43501,1477,6,0
43501,1478,7,0
43501,1479,8,0
43501,3063,9,0
43501,2207,10,0
43501,2132,11,0
43501,2765,12,0
43501,2290,13,0
43501,635,14,0
43501,2638,15,0
43501,641,16,0
43501,2976,17,0
43501,473,18,0
43501,476,19,1
51000,640,1,0
51000,635,2,0
51000,2638,3,0
51000,641,4,0
51000,2976,5,0
51000,473,6,0
51000,430,7,0
51000,2869,8,0
51000,2365,9,0
51000,2861,10,1
51001,2986,1,0
51001,2440,2,0
51001,2355,3,0
51001,2359,4,0
51001,2345,5,0
51001,2367,6,0
51001,2868,7,0
51001,1909,8,0
51001,1908,9,0
51001,2698,10,0
51001,2700,11,0
51001,2712,12,0
51001,2290,13,0
51001,2706,14,1
51100,640,1,0
51100,635,2,0
51100,2638,3,0
51100,641,4,0
51100,2976,5,0
51100,473,6,0
51100,430,7,0
51100,2766,8,0
51100,2114,9,0
51100,2981,10,1
51101,2131,1,0
51101,2422,2,0
51101,2765,3,0
51101,1909,4,0
51101,1908,5,0
51101,2698,6,0
51101,2700,7,0
51101,2712,8,0
51101,2290,9,0
51101,2706,10,1
51200,2345,1,0
51200,2367,2,0
51200,2868,3,0
51200,2131,4,0
51200,2422,5,0
51200,2765,6,0
51200,2165,7,0
51200,2166,8,0
51200,1909,9,0
51200,1908,10,0
51200,2698,11,0
51200,2700,12,0
51200,2712,13,0
51200,2290,14,0
51200,2706,15,1
51201,640,1,0
51201,635,2,0
51201,2638,3,0
51201,641,4,0
51201,2976,5,0
51201,473,6,0
51201,476,7,0
51201,759,8,0
51201,2158,9,0
51201,2766,10,0
51201,2114,11,0
51201,2131,12,0
51201,2869,13,0
51201,2365,14,0
51201,2861,15,0
51201,2345,16,0
51201,2356,17,0
51201,2466,18,0
51201,426,19,0
51201,427,20,1
51300,640,1,0
51300,635,2,0
51300,2638,3,0
51300,641,4,0
51300,2976,5,0
51300,473,6,0
51300,430,7,0
51300,431,8,0
51300,2766,9,0
51300,2144,10,0
51300,877,11,1
51301,1367,1,0
51301,2144,2,0
51301,2765,3,0
51301,1909,4,0
51301,1908,5,0
51301,2698,6,0
51301,2700,7,0
51301,2712,8,0
51301,2290,9,0
51301,2706,10,1
53200,2856,1,0
53200,2914,2,0
53200,355,3,0
53200,2850,4,0
53200,2150,5,0
53200,2350,6,0
53200,2134,7,0
53200,2131,8,0
53200,2869,9,0
53200,2365,10,0
53200,2861,11,1
53201,2347,1,0
53201,2367,2,0
53201,2867,3,0
53201,2131,4,0
53201,2736,5,0
53201,2724,6,0
53201,2151,7,0
53201,2851,8,0
53201,2860,9,0
53201,2857,10,0
53201,2858,11,0
53201,2856,12,1
53500,2856,1,0
53500,2914,2,0
53500,355,3,0
53500,2850,4,0
53500,2150,5,0
53500,374,6,0
53500,2229,7,0
53500,2350,8,0
53500,2134,9,0
53500,1303,10,0
53500,1305,11,0
53500,2035,12,1
53501,2113,1,0
53501,814,2,0
53501,2431,3,0
53501,2736,4,0
53501,2325,5,0
53501,2229,6,0
53501,1399,7,0
53501,2151,8,0
53501,2851,9,0
53501,2860,10,0
53501,2857,11,0
53501,2858,12,0
53501,2856,13,1
70100,2838,1,0
70100,2836,2,0
70100,2820,3,0
70100,2816,4,0
70100,2810,5,0
70100,2796,6,0
70100,2788,7,0
70100,2784,8,0
70100,2782,9,0
70100,2780,10,0
70100,2778,11,0
70100,2770,12,0
70100,2764,13,0
70100,2760,14,0
70100,2754,15,0
70100,2748,16,0
70100,2877,17,1
70101,2742,1,0
70101,2747,2,0
70101,2753,3,0
70101,2761,4,0
70101,2767,5,0
70101,2777,6,0
70101,2779,7,0
70101,2781,8,0
70101,2783,9,0
70101,2787,10,0
70101,2795,11,0
70101,2807,12,0
70101,2815,13,0
70101,2819,14,0
70101,2835,15,0
70101,2837,16,1
81000,545,1,0
81000,1533,2,0
81000,1534,3,0
81000,3081,4,0
81000,1906,5,0
81000,1905,6,0
81000,584,7,0
81000,1724,8,0
81000,1725,9,0
81000,759,10,0
81000,2098,11,0
81000,322,12,0
81000,726,13,0
81000,720,14,0
81000,719,15,0
81000,718,16,0
81000,725,17,0
81000,1676,18,0
81000,2115,19,0
81000,2163,20,0
81000,3062,21,0
81000,2993,22,0
81000,2994,23,0
81000,2995,24,0
81000,3004,25,0
81000,2456,26,0
81000,2104,27,0
81000,165,28,0
81000,169,29,0
81000,2039,30,1
81001,2092,1,0
81001,1552,2,0
81001,2106,3,0
81001,2457,4,0
81001,2997,5,0
81001,2998,6,0
81001,2999,7,0
81001,3000,8,0
81001,2162,9,0
81001,2115,10,0
81001,297,11,0
81001,1206,12,0
81001,1202,13,0
81001,1209,14,0
81001,1207,15,0
81001,1203,16,0
81001,1699,17,0
81001,2644,18,0
81001,2098,19,0
81001,348,20,0
81001,349,21,0
81001,350,22,0
81001,545,23,0
81001,1533,24,0
81001,1534,25,0
81001,3081,26,0
81001,1906,27,0
81001,1905,28,0
81001,584,29,1
82100,545,1,0
82100,1533,2,0
82100,1534,3,0
82100,3081,4,0
82100,1906,5,0
82100,1905,6,0
82100,584,7,0
82100,1724,8,0
82100,1725,9,0
82100,759,10,0
82100,2115,11,0
82100,240,12,0
82100,2882,13,1
82101,2883,1,0
82101,240,2,0
82101,2465,3,0
82101,1397,4,0
82101,2115,5,0
82101,348,6,0
82101,349,7,0
82101,350,8,0
82101,545,9,0
82101,1533,10,0
82101,1534,11,0
82101,3081,12,0
82101,1906,13,0
82101,1905,14,0
82101,584,15,1
85500,545,1,0
85500,1533,2,0
85500,1534,3,0
85500,3081,4,0
85500,1906,5,0
85500,1905,6,0
85500,584,7,0
85500,1724,8,0
85500,1725,9,0
85500,759,10,0
85500,2035,11,1
85501,2115,1,0
85501,348,2,0
85501,349,3,0
85501,350,4,0
85501,545,5,0
85501,1533,6,0
85501,1534,7,0
85501,3081,8,0
85501,1906,9,0
85501,1905,10,0
85501,584,11,1
86000,545,1,0
86000,1533,2,0
86000,1534,3,0
86000,3081,4,0
86000,1906,5,0
86000,1905,6,0
86000,584,7,0
86000,1724,8,0
86000,1725,9,0
86000,759,10,0
86000,2163,11,0
86000,3062,12,0
86000,2993,13,0
86000,2994,14,0
86000,2995,15,0
86000,3004,16,0
86000,2456,17,0
86000,2104,18,0
86000,165,19,0
86000,169,20,0
86000,2039,21,1
86001,2092,1,0
86001,1552,2,0
86001,2106,3,0
86001,2457,4,0
86001,2997,5,0
86001,2998,6,0
86001,2999,7,0
86001,3000,8,0
86001,348,9,0
86001,349,10,0
86001,350,11,0
86001,545,12,0
86001,1533,13,0
86001,1534,14,0
86001,3081,15,0
86001,1906,16,0
86001,1905,17,0
86001,584,18,1
87100,545,1,0
87100,1533,2,0
87100,1534,3,0
87100,3081,4,0
87100,1906,5,0
87100,1905,6,0
87100,584,7,0
87100,1724,8,0
87100,1725,9,0
87100,759,10,0
87100,2098,11,0
87100,322,12,0
87100,726,13,0
87100,720,14,0
87100,719,15,0
87100,718,16,0
87100,725,17,0
87100,1676,18,0
87100,2673,19,0
87100,1677,20,0
87100,1667,21,0
87100,1013,22,0
87100,1012,23,0
87100,1242,24,1
87101,1242,1,0
87101,1508,2,0
87101,298,3,0
87101,290,4,0
87101,297,5,0
87101,1206,6,0
87101,1202,7,0
87101,1209,8,0
87101,1207,9,0
87101,1203,10,0
87101,1699,11,0
87101,2644,12,0
87101,2098,13,0
87101,348,14,0
87101,349,15,0
87101,350,16,0
87101,545,17,0
87101,1533,18,0
87101,1534,19,0
87101,3081,20,0
87101,1906,21,0
87101,1905,22,0
87101,584,23,1
88000,545,1,0
88000,1533,2,0
88000,1534,3,0
88000,3081,4,0
88000,1906,5,0
88000,1905,6,0
88000,584,7,0
88000,1724,8,0
88000,1725,9,0
88000,759,10,0
88000,2163,11,0
88000,1577,12,0
88000,1575,13,0
88000,1573,14,0
88000,2873,15,0
88000,613,16,0
88000,611,17,0
88000,614,18,0
88000,970,19,0
88000,966,20,0
88000,969,21,0
88000,974,22,0
88000,975,23,0
88000,965,24,0
88000,964,25,0
88000,963,26,0
88000,973,27,0
88000,967,28,0
88000,972,29,0
88000,968,30,0
88000,1785,31,1
88001,1465,1,0
88001,1455,2,0
88001,1472,3,0
88001,1470,4,0
88001,1468,5,0
88001,1469,6,0
88001,1456,7,0
88001,1457,8,0
88001,1458,9,0
88001,1459,10,0
88001,1466,11,0
88001,1461,12,0
88001,1464,13,0
88001,1462,14,0
88001,1460,15,0
88001,1467,16,0
88001,1097,17,0
88001,1098,18,0
88001,2872,19,0
88001,197,20,0
88001,189,21,0
88001,2169,22,0
88001,2162,23,0
88001,348,24,0
88001,349,25,0
88001,350,26,0
88001,545,27,0
88001,1533,28,0
88001,1534,29,0
88001,3081,30,0
88001,1906,31,0
88001,1905,32,0
88001,584,33,1
